# Index(['mlt', 'mlat_eb', 'ef_eb', 'mlat_05', 'ef_05', 'mlat_10', 'ef_10',
#        'mlat_15', 'ef_15', 'mlat_20', 'ef_20', 'mlat_25', 'ef_25', 'mlat_30',
#        'ef_30', 'mlat_35', 'ef_35', 'mlat_40', 'ef_40', 'mlat_45', 'ef_45',
#        'mlat_50', 'ef_50', 'mlat_55', 'ef_55', 'mlat_60', 'ef_60', 'mlat_65',
#        'ef_65', 'mlat_70', 'ef_70', 'mlat_75', 'ef_75', 'mlat_80', 'ef_80',
#        'mlat_85', 'ef_85', 'mlat_90', 'ef_90', 'mlat_95', 'ef_95', 'mlat_pb',
#        'ef_pb'],
#       dtype='object')
0.125000000000000000 -0.020919487042833512 1.047808932897921208 -0.018313212481888174 1.239589549633679511 -0.016467361859538038 1.626218482964040479 -0.015465305919128057 1.901535082786141695 -0.014255489414899876 2.172170527917372862 -0.013336210582066133 2.294717051699648458 -0.012311150787017860 2.852445401555293802 -0.011555839181766676 3.234593798459677316 -0.010904164507177759 3.524918382833443609 -0.010378300819473217 3.732119038257330157 -0.009958637649256833 3.510373508830030964 -0.009435037030307227 3.322219919441669500 -0.008629101739247519 2.809625226478116744 -0.007720370326661692 2.399126583536716151 -0.006642243209721158 2.139427351321371962 -0.005268750797012943 1.923307581621233719 -0.003487748771524309 1.144331903326698985 -0.001049229743215226 0.739471486842060544 0.001369189971490603 0.490578378902692902 0.004757824594232882 0.921784156290744061 0.007747293831147791 0.894179981456651785
0.375000000000000000 -0.020313187039413143 0.968452556727534386 -0.017457657461373947 1.239910888814108159 -0.015418841662005373 1.687660870801404922 -0.014214055899308319 2.089412457517746624 -0.012855125224529128 2.377226444747508438 -0.011822658093921074 2.581833796169108020 -0.010644135697434961 3.027303476888850042 -0.009730988251332173 3.391035795302220546 -0.008793585091624185 3.559980611251144733 -0.008060228624370941 3.887732964639592836 -0.007539745611944779 3.833879288316291323 -0.006800881411848063 3.596327844822490682 -0.005914181847063387 3.058599773503040797 -0.004985303488647961 2.550914355060547756 -0.003900489207885023 2.530731647879405521 -0.002478929329349877 2.268230049923803282 -0.000686549403964109 1.705144830656656563 0.001687536034446139 1.219056329289765372 0.004257435814977740 0.939766173668246219 0.007350801205133254 1.145625265953850835 0.009838337785558903 1.019033784288884137
0.625000000000000000 -0.018389067574363517 0.839591520367359179 -0.015319150267223292 1.044119846770308335 -0.013304255669561603 1.449766733611578040 -0.011896400356466530 1.707390901686649087 -0.010431231173638469 1.934723442524311388 -0.009182974008328817 2.187497989947981836 -0.007855334538243540 2.664172363303332958 -0.006830689710199107 2.880683284883029494 -0.005776139008456569 3.041670417758483680 -0.004938969550620491 3.349677379639296682 -0.004327911785554143 3.420256962908517551 -0.003537517733152808 3.357753896849855924 -0.002507231099739870 2.756120214944463243 -0.001632452967605057 2.366698375057034731 -0.000562390386245277 2.579266969898077910 0.000821189484384533 2.368357997294332939 0.002804805204551475 1.728766674389570657 0.004904494132213142 1.405613203781578502 0.007406359576308732 1.172764456032212799 0.010121589147207607 1.126118688180922423 0.012290171626763250 0.847888247614826951
0.875000000000000000 -0.016592955311115369 0.796651662170460018 -0.013934754500731047 0.925936263590515063 -0.012233435825744231 1.197483230220665718 -0.010755435945081108 1.391194020823907307 -0.009400687621512903 1.545368802944127706 -0.008147512348453498 1.731553548657843056 -0.006963907088197122 2.154429456457326975 -0.005944102039007759 2.408461729961331343 -0.004988202786372627 2.557908821377759878 -0.004121481349618115 2.985517989822396689 -0.003471427226706986 3.004092328941612600 -0.002606228104961650 3.294846600287752558 -0.001676871050328196 2.889984524711318059 -0.000990874330675367 2.567144256984388750 -0.000117009074699441 2.657115512526419643 0.001001830374401772 2.433747813933085702 0.002639565574720990 2.043713071769936995 0.004604064452919741 1.662318211901254283 0.006925138139569030 1.481225711386133126 0.009184478228194896 1.280028190194243631 0.012905959014984481 0.798460659889781654
1.125000000000000000 -0.016632549777593597 0.767046266277369160 -0.013727437058084010 1.067589960371495117 -0.011822374484031256 1.300132837616277737 -0.010163646394137025 1.627980085523979881 -0.008759298967642767 1.976599362185940789 -0.007483766892592229 2.285134336942384436 -0.006239814102194962 2.607477452875350821 -0.005260983458988151 2.908331022562111734 -0.004114802524618858 3.010110619051221903 -0.003210068741597618 3.404994939786738506 -0.002480311497988811 3.301620727202561056 -0.001524476638729888 3.584980245342759275 -0.000506143854470247 3.225376657618152620 0.000275441865343212 2.853011122253179099 0.001407198772801647 2.880818860336052722 0.002780040917701054 2.594264235383484163 0.004398397635193423 2.452526998483659959 0.006447280710622377 1.928087784029103302 0.008835507549115754 1.802957409257384125 0.010903884422997136 1.615777128154467501 0.014439199787325455 0.878714577480701364
1.375000000000000000 -0.016452742886704411 0.825053519425247517 -0.013749914630653264 1.053437392645721449 -0.011861412044037394 1.264120585465254631 -0.010197308075128005 1.702794566843515156 -0.008902541173444401 2.026671856038195774 -0.007697709726829272 2.236301637705729650 -0.006447024677185516 2.564254389192133221 -0.005552493032208896 2.954501227991545242 -0.004445114141136830 2.921713255377757612 -0.003568537169898340 3.249310735933164551 -0.002907224255689636 3.094763843368533607 -0.002005814208592528 3.268017243123288562 -0.000939551622115437 3.149553032792401286 -0.000137561430553666 2.789616661798185238 0.001138308899044551 2.659141953726931629 0.002740599894097673 2.428410109334086187 0.004546529539116117 2.351784150413628538 0.006651374898583742 2.001856107326530410 0.008770379843842472 1.976256825796456340 0.010457187921964333 1.746206375877457306 0.011833518815092758 1.021088723629055339
1.625000000000000000 -0.017716352855697330 0.892833101200164458 -0.015154378021682539 1.205693022036595785 -0.013407105888009474 1.395339413228001701 -0.011945673545651372 1.697681299480446881 -0.010703469078234105 2.100287985658249923 -0.009590666855511165 2.175755777758655363 -0.008266570029098603 2.373454527575075357 -0.007272016280329500 2.721003763355735128 -0.006286913774735365 2.728273854178997038 -0.005506682712661784 3.028893463257324115 -0.004863975193159928 2.706110240183992932 -0.003951278145186092 2.726592792723984360 -0.002773687900578771 2.535244510545068497 -0.001797793885976211 2.316316610936652864 -0.000238083341087607 2.373872936829226621 0.001316867938965734 2.245587953051793484 0.003184297124139189 2.203693570460415252 0.005388339628128018 1.762354424519196217 0.007231084485138068 1.883402563211867609 0.008817750625439220 1.777013520099018695 0.009360252710579976 0.956785625929458372
1.875000000000000000 -0.019138888924237173 0.960426216243570163 -0.016589361733361702 1.324964130517617411 -0.014678817221447375 1.461325888078005120 -0.013250570047898752 1.729365656401370632 -0.011965882160958424 2.198208567900183930 -0.010887284511954858 2.316382893938734089 -0.009647586251362252 2.532707876892400733 -0.008591891751257390 2.910565606645979297 -0.007409888242479849 3.000599983607840748 -0.006637798387776818 3.208551457016969977 -0.005871356291569697 2.762943565295246096 -0.004864523384365249 2.543650859765966832 -0.003667146443741969 2.606205884521376248 -0.002562495767341539 2.210398712758780526 -0.000935563653068149 2.281937761394641218 0.000718068637732451 2.183082115344657570 0.002522216766969834 2.223594187531051425 0.004851737146298520 1.732544563973278162 0.006729224863598974 1.912943530816122673 0.007980265938103911 1.865178014542232976 0.007122699556555301 0.969935100144604156
2.125000000000000000 -0.020809072363284210 0.980096621629066189 -0.017798439337493109 1.503924067383845653 -0.015657037280001087 1.651137373443279266 -0.014105679039621602 1.995532047958930022 -0.012764029227722568 2.425056556221511617 -0.011628858062333748 2.630298015853355764 -0.010327306042120947 2.855532370113579077 -0.009226612812474813 3.059296053627103884 -0.007965760947554723 3.256472621891524533 -0.007062842960367852 3.318941451336946180 -0.006120917324627815 2.932026574458743262 -0.005074057355665270 2.425841600628856121 -0.003626525826223582 2.405804902098853226 -0.002231937299437445 1.993892227832356978 -0.000365524251554627 2.157806000375243727 0.001751528854488950 2.054001145400425443 0.003855678964163610 2.146503951314334468 0.006266417330855999 1.619444934759297627 0.008529144339458138 1.831768841417463323 0.009923279434413472 1.826438318470050559 0.008448345542353306 0.957689295958561893
2.375000000000000000 -0.022280510380914671 0.957882327590600990 -0.019038776737238097 1.517159303536659953 -0.016960757963741743 1.751025660678021012 -0.015537240903384320 2.005883051782225479 -0.014241137537826158 2.517450893144317803 -0.013116743709455543 2.717616341577287375 -0.011840593591346021 3.064510508789886067 -0.010783110359381001 3.283888461140553883 -0.009729882329819643 3.483150551607355982 -0.008859633962793979 3.574378236558730215 -0.007889510294488910 3.174676184593527406 -0.006853528925582782 2.646264673656321786 -0.005471110714056482 2.487848383159817711 -0.004056326403208715 2.174618418330621861 -0.002334337134368503 2.227153473384595905 -0.000318804449034302 2.032153227936546624 0.001790316420746347 2.205632217673733741 0.003955499002860015 1.661840384017098327 0.006093868964969323 1.721948480614270194 0.008079387625688611 1.697419661110764366 0.006236737048428071 0.743932526091082513
2.625000000000000000 -0.023092904450016542 0.940295868738213247 -0.019700336975176997 1.593672830613381830 -0.017625634869267909 1.850175184822985264 -0.016208611270819798 2.125575950452045504 -0.014928373647621014 2.786088624032749372 -0.013867660227212189 3.107177536773543025 -0.012750132472595158 3.464981703868142748 -0.011672993928897021 3.553100459622305252 -0.010641196118344376 3.898153335097059191 -0.009771332265800584 3.913723613067047857 -0.008787759062969445 3.719458056636798737 -0.007786958457317865 3.172286777483243281 -0.006558592367325528 2.665817374296600040 -0.005223783578890895 2.349799780068024369 -0.003617585328655143 2.302235700378846950 -0.001679966537591297 2.275330096547715009 0.000593557599555938 2.097200104276788934 0.002774587177749084 1.675627319306304486 0.005031049598799774 1.609045441143342803 0.007085961339865630 1.503270617029853540 0.006708936212471227 0.580463367959911603
2.875000000000000000 -0.023653437565350623 0.945695047337117400 -0.019886565482246765 1.613590476985911959 -0.017572026669733731 1.978944670161681074 -0.016012042261861013 2.515050581006389230 -0.014755230318928229 2.985211372452234890 -0.013608077734801763 3.485964668158677782 -0.012608027344354296 3.954782971893543220 -0.011502120202203425 4.028160471201488235 -0.010493858695490117 4.481179646128834904 -0.009543838189818264 4.445614453309788772 -0.008518261013741287 4.378754364384723097 -0.007470135079643531 3.956227909866835812 -0.006289579217436558 3.510623944756800618 -0.004997343436039246 3.253745732133440427 -0.003559366626791293 2.756608926425363482 -0.001578908217128218 2.531820918899690298 0.000573447720688548 2.264841162676997310 0.002558511225747709 1.824435206191590719 0.005102639233077260 1.607905714499296979 0.007123114874292997 1.401704520921954966 0.009339520791907363 0.505575526655695162
3.125000000000000000 -0.023585311558609739 0.843491929591753897 -0.019618751880346005 1.476779967211094391 -0.017408165100046509 2.047228768687581191 -0.015914774279349255 2.554971212425216187 -0.014668020580785186 3.170733738735700413 -0.013589686289534688 3.568010819183034421 -0.012544673450416096 3.914685192779009171 -0.011478943363672006 3.904711568606257011 -0.010494036068201073 4.155932620383783416 -0.009619605963562473 4.133335840636087610 -0.008625390486366210 4.027949812521645967 -0.007606136689857527 3.565693199793991575 -0.006418205771130613 3.111836070231267737 -0.005146038458537171 2.875976208342435836 -0.003620233966415641 2.619179998211666582 -0.001877178518483457 2.539761057990721049 0.000022952110649863 2.267246402239658121 0.001972475738122115 1.777578285916900702 0.004165211121702294 1.510739700491042559 0.006212131521695937 1.320043657414647909 0.010368682137041823 0.691788143628636054
3.375000000000000000 -0.022843318583170718 0.779146688333063331 -0.018689967452028410 1.378056306507344786 -0.016280438704009283 1.981323023652983517 -0.014576158685336420 2.595316365653546065 -0.013368668524920954 3.268599168160736923 -0.012286480370262845 3.729286257982275643 -0.011378227268634522 4.207174020146330129 -0.010363455484835589 4.315993250531541037 -0.009466512927613975 4.620528963297448222 -0.008632591847702332 4.617620655977948019 -0.007691185419503295 4.608159564066177438 -0.006718075974828614 4.291538198034223761 -0.005729258831106638 3.913938590846492538 -0.004602966020252766 3.578916000780000051 -0.003308544591437610 3.085839302952413821 -0.001614820012865621 2.857283822878242230 0.000129241118085841 2.512887405492038262 0.001867596494221193 1.974331074966210631 0.004023871779329606 1.712019390596498436 0.005742072857994019 1.340797876576380387 0.009088912495348564 0.642816221968667945
3.625000000000000000 -0.022810811912353523 0.682879728716019097 -0.018442783218037780 1.295718696936834169 -0.015916010420235435 2.003027167954995136 -0.014181557484772032 2.752837543080830507 -0.012978464298237947 3.555536726156704574 -0.011984886341181729 4.008538922843039920 -0.011105753148703832 4.571323226297661968 -0.010146670780784735 4.589430981309575941 -0.009390583520113936 4.812309348005542553 -0.008651601017495609 5.031203584762421244 -0.007747564772334823 4.948651707332481386 -0.006866192529161040 4.826256009661643809 -0.005998945403730135 4.358097460337988949 -0.004941089185308703 4.005117156785390264 -0.003737696209716844 3.464738916041646632 -0.002164992753586465 3.178002877730589315 -0.000559493843023812 2.768626222727472719 0.001023234878363216 2.102533324987063690 0.003117465177934160 1.827481534807467334 0.004883176658561214 1.365680544026722787 0.010212335124921618 0.653856346611763950
3.875000000000000000 -0.021913221809485097 0.539167475264373031 -0.017602597614837283 1.067032492634854890 -0.015081655937463093 1.821963808019189557 -0.013444624576691809 2.610540091594790724 -0.012319483714584094 3.486872028713174920 -0.011399003356289550 3.959978435090810933 -0.010604190544711067 4.496549738625936321 -0.009770821824940922 4.557781747415413420 -0.009070482179791639 4.739289309458667887 -0.008447572456751068 4.961482472444166625 -0.007618190111813021 4.884089318353089126 -0.006790631403518783 4.823349638316025256 -0.006050700397882523 4.334851125085440238 -0.005082480517244020 4.000712849660772008 -0.003995646633494372 3.479938314946585010 -0.002682184981438104 3.226614839580479899 -0.001304765414961779 2.809259082382669526 0.000133397770246037 2.107600664115902411 0.002016766100390014 1.749473680463351499 0.003883803887461596 1.225513263403362085 0.009910091735985015 0.536381475799973195
4.125000000000000000 -0.020306680891772576 0.597903747985987111 -0.016197811137743122 0.996808454993472148 -0.013758577211924717 1.774603118037629157 -0.012161609019905855 2.483556835103989169 -0.011061372363992796 3.322432235950806945 -0.010202114213751889 3.803385123349234398 -0.009476683074566783 4.360883790924953374 -0.008706195891764102 4.368811728448011245 -0.008088871004124434 4.558687758711157834 -0.007538758113269090 4.775354900047084072 -0.006759915042426688 4.745374903493042140 -0.005992445786367233 4.612058943756428775 -0.005324410971958542 4.273922451008075996 -0.004493211240882638 3.853550622459187558 -0.003502777793508189 3.429073236067864183 -0.002345397301230658 3.308032505019801839 -0.001133267586297491 2.861592272664351899 0.000229551596444416 2.192708861506019069 0.001912024500974987 1.862091612772996507 0.003206641523785238 1.252792958415695601 0.008705048325045909 0.607225645255157098
4.375000000000000000 -0.019592833124680475 0.595689396360389534 -0.015330620788236153 0.941591758092842901 -0.012910335374855326 1.755925318491423859 -0.011344369033140985 2.495953554199783930 -0.010298002864496973 3.359392992272165923 -0.009456335870668289 3.874470308950149544 -0.008773398427093486 4.378910891554300910 -0.008054961661433014 4.433875428187196377 -0.007476144018310212 4.573729171522011860 -0.006957649491240356 4.808687154334374547 -0.006187461696358777 4.722842761089224517 -0.005390210234175023 4.635278614505170758 -0.004718858379567871 4.364559043471420097 -0.003926304286298888 3.883013638697231151 -0.002914975709885946 3.581319765635007979 -0.001814996200132379 3.243935844124868240 -0.000748446796083582 2.935686738976027499 0.000547620920383494 2.289016508810874928 0.002129683494898846 1.961229258358086147 0.003209763293228447 1.320605993436528625 0.009468147321439059 0.676394215039572089
4.625000000000000000 -0.017482985476196755 0.578004909350614993 -0.013313141824387156 0.860597738027345072 -0.011097207235321201 1.721305318887301539 -0.009641977854103640 2.361206407439409460 -0.008690356697948803 3.360245832240090103 -0.007960161839694956 3.775605179807842049 -0.007365121570836231 4.267534672550647556 -0.006797054603014231 4.455638078937684377 -0.006270109177831057 4.596562744355481733 -0.005827155017555969 4.812019784632792785 -0.005156886086609630 4.750207860966973783 -0.004458588737613382 4.614080597394215388 -0.003926288632233450 4.338336452099554208 -0.003285611499583702 3.820027667562214901 -0.002451598052883019 3.592134004332214303 -0.001389064536066597 3.281586174470342510 -0.000409124189308512 3.007351207316772523 0.000912692178771666 2.407465544326576001 0.002159491727458347 2.101568343155886254 0.003131880872374274 1.422728276619722898 0.007614115884027434 0.713936268705875121
4.875000000000000000 -0.015545664497893186 0.445575185897725379 -0.011778958829369406 0.715519313322583006 -0.009730635617015116 1.522444506538125131 -0.008460353801306057 2.143476334756110990 -0.007629450212726664 3.112112686938497408 -0.007071516552990673 3.473754741147845326 -0.006571949115465605 4.099416835952416349 -0.006111345552048381 4.407319940298809691 -0.005705477334966135 4.528224385519616924 -0.005383913538167999 4.782398506566755358 -0.004821443302298770 4.727182193365170093 -0.004232444431411342 4.595140428184454784 -0.003820290984119173 4.392102963329050702 -0.003360544519073830 3.919912544974286650 -0.002714110600670453 3.762381843940841186 -0.001815589270585222 3.370272665335499074 -0.001014931580010149 3.101082031457781163 0.000246126356243920 2.489504711316437913 0.001280405671268555 2.190418025556613912 0.001930560512010352 1.392810785207243551 0.004289501344716523 0.619119681943502753
5.125000000000000000 -0.013312856444861442 0.418462679732741205 -0.009612900266545321 0.599258574500256103 -0.007695078872266100 1.363979124108825269 -0.006514351748719413 1.885535643162288055 -0.005749601268361976 2.744555174652955287 -0.005244970924946966 3.207123060026949357 -0.004871288902317685 3.821244084423284448 -0.004519259714343517 4.077850233584916495 -0.004223970990332825 4.233057920156332976 -0.004014709602202515 4.551721324137528057 -0.003559296724253525 4.543526440031380176 -0.003051643846658817 4.438516071281090269 -0.002778696955752336 4.274891621877293879 -0.002484801940967125 3.896812918913798995 -0.002021339176740080 3.656818215406004047 -0.001270788447772689 3.241248461705585004 -0.000582700513668442 3.043027861733022199 0.000476821900774630 2.501759622798024552 0.001172353430095348 2.108427089374372176 0.001658728493599026 1.324614744687289125 0.002203482976026463 0.517954871876182055
5.375000000000000000 -0.010888158425366735 0.446400750035382488 -0.007750413813524025 0.574516741295870603 -0.005836117682704089 1.269482102733934692 -0.004850048511172171 1.716688779867671322 -0.004223898292398026 2.573512963513772345 -0.003821178139618215 3.013132772082358191 -0.003539641716780568 3.517319593833719171 -0.003308234404123950 3.845300483780931700 -0.003098518061166872 3.997227836951285695 -0.002956150954751610 4.417086578121603324 -0.002608888730617168 4.407551726372118672 -0.002194887894531603 4.290220435679884758 -0.002050307801002437 4.112638346319510418 -0.001890861444544042 3.711426359114692541 -0.001539758799140786 3.559001645116154133 -0.000982697989725909 3.109187764965314127 -0.000345750015449795 2.939775227932350354 0.000564482307653461 2.370288561521093129 0.001256407315444955 2.062533892387087953 0.001765160011325692 1.290858647274863547 0.002298368424233771 0.414232284743608070
5.625000000000000000 -0.010289482068680968 0.454797803264697542 -0.006996736470479769 0.544119354525512855 -0.005257723397535633 1.213071108138354504 -0.004527390919116816 1.674160301854938471 -0.003906781683617462 2.392943008586668974 -0.003543017784882966 2.879850659424530779 -0.003249895713220571 3.252490628204177892 -0.003070206369925487 3.542014275863966777 -0.002882309148168821 3.674320696617461746 -0.002722760413760297 3.967878631846128545 -0.002416810493228849 3.999180513472841536 -0.002071030835146715 3.878164420469886853 -0.001823796696268038 3.661995951193068422 -0.001703002712243978 3.447562569176798153 -0.001432983301667349 3.319715607175477423 -0.000933091716189934 2.963531728609617222 -0.000402666171706287 2.764482174721115015 0.000514867909325261 2.351508450585441334 0.001131317401398893 1.847426019701271738 0.001923830610359777 1.167124163340044873 0.002730166290174792 0.465957971951873606
5.875000000000000000 -0.010698502413078669 0.501701163539539308 -0.007589779310331056 0.652899576528180203 -0.006172044274215158 1.341497739273848300 -0.005613204497427754 1.779382028022843842 -0.005158640524535769 2.391386026172660273 -0.004898292298460722 2.849720551031204252 -0.004694060433145242 3.171305872600226117 -0.004687934119204559 3.613169923403189099 -0.004632208700669333 3.834584424428988392 -0.004546844084619571 3.872256791871632853 -0.004375017996951620 3.987795469015734895 -0.004072258812127124 3.821329228780270704 -0.003862586691169948 3.555257597967677707 -0.003849490736204962 3.453547936935239981 -0.003658784381456334 3.267307958556596059 -0.003201954552104670 2.954362210273517420 -0.002777834430905515 2.683810934205583365 -0.001864190281584835 2.405568956400495839 -0.001386686921178760 1.804422212788483249 -0.000634966114053873 1.122339398981254233 -0.001330549176365517 0.506178891324123414
6.125000000000000000 -0.011871465362334473 0.707172041051948419 -0.008784744328677960 0.921245849085297275 -0.007485000088585309 1.676155899194980758 -0.007037522846847850 2.106440517281726876 -0.006497781118866968 2.749199817780685340 -0.006180079068470200 3.124835019352914856 -0.005940105585919518 3.516666564153091201 -0.005826898354583230 4.082300327736071210 -0.005745375194977466 4.254733064390908481 -0.005585203941509055 4.433213706928857967 -0.005369300410080105 4.603519503617138575 -0.005046396103903688 4.363816924298528299 -0.004814596101812840 4.127302602604675741 -0.004943163354895121 4.033120834218994588 -0.004834199931185612 3.794161413320868093 -0.004351290652177663 3.333875457113410157 -0.003892399065031803 2.994184831881945286 -0.003129259122195339 2.800599367576996457 -0.002846789019138266 2.178380626239523998 -0.002172425433814875 1.378806258543666674 -0.003534608149711774 0.678580517770279057
6.375000000000000000 -0.013958087167028380 0.590561695699554745 -0.010230557519374798 0.871429036974882165 -0.008833626946903702 1.589833437514893699 -0.008474450475247686 2.172832688300139647 -0.007920825196082424 2.757010346670321965 -0.007553047093194454 3.231127807564243781 -0.007295906137654252 3.480339092079467900 -0.007158001628595001 4.010215188001732045 -0.006890792440991247 4.207590066429394149 -0.006589569317920738 4.352662061616940470 -0.006407314923973444 4.538933698503485381 -0.005991642000181416 4.381706467199862232 -0.005772744858261304 4.136146361964862628 -0.005940607128977558 4.227367727498444694 -0.005860423330138496 3.936474169504743159 -0.005330365065584626 3.298832785467515460 -0.004841609703927932 2.976177317628563301 -0.004041564212643000 2.762183618575771771 -0.003584468429622363 2.158704420855393824 -0.002491889938846659 1.402476814531341098 -0.001367820526450309 0.696713586485902425
6.625000000000000000 -0.017036402135299791 0.626548357862211192 -0.012924868748168554 0.948258677205750411 -0.011297763768460995 1.621245039773471674 -0.010748904430219138 2.239279893970141266 -0.010059958228798850 2.822482579572070716 -0.009582412390620389 3.333676504282173880 -0.009235768748758595 3.662838993625864514 -0.009171550243287353 4.154586224170001785 -0.008838944322833647 4.386007118317712283 -0.008428942300225900 4.564275104459114552 -0.008224282964155189 4.760254191599732287 -0.007866226843960451 4.552277779239411792 -0.007766948127585584 4.322330787936985885 -0.007891815164985074 4.469872206063437048 -0.007809295159442479 4.058451349762515648 -0.007237761242288940 3.570619084931335951 -0.006696450016957373 3.135226239673894799 -0.005804808741911232 2.846759435656560644 -0.005282140642268777 2.155655096047658148 -0.003605930606103272 1.464043206485530213 -0.002163980298371618 0.758778675013619730
6.875000000000000000 -0.019504449730962253 0.639101454035151617 -0.015245887864942156 0.962471616177229983 -0.013228319654309170 1.541883635688451326 -0.012588953639433988 2.141129885193606697 -0.011980108743129270 2.710218669554516069 -0.011522546802179439 3.189765765746881865 -0.011070767832921869 3.589149968692526560 -0.010962865586292985 4.062421683214396673 -0.010628260975003818 4.229352120982465379 -0.010245446866469932 4.445344729556816255 -0.009938785310150218 4.710816579295135753 -0.009610227348069865 4.634015460492313387 -0.009134666328516887 4.468705707721265519 -0.009128770971641751 4.638602138182463364 -0.009086389256099975 4.183520839064312824 -0.008625206881735273 3.738147203160449017 -0.008029654065874631 3.181285200843045224 -0.007241043683600047 2.915022112922583730 -0.006355355776286434 2.154414769809955832 -0.004574778070957557 1.461450359930362985 -0.004283675752359998 0.856054402477651966
7.125000000000000000 -0.024087664461395653 0.801434106403929980 -0.018985905759038225 1.124253696408693770 -0.016601518785132371 1.726927714319471008 -0.015523786651935474 2.291971737495209105 -0.014580317848008161 2.951077375351262688 -0.013933432709265628 3.443811752493983303 -0.013510869841609896 3.953486148831475422 -0.013523511917760103 4.370208517992970165 -0.013131350292730177 4.645665837537509724 -0.012717221957308098 4.871187049738139763 -0.012414475620525970 5.120493311378459644 -0.011928281284638844 5.176389989557766746 -0.011420286425417085 5.011922308634365386 -0.011320990708642811 5.133976589397682311 -0.011344450045559271 4.618941723723842152 -0.010817195448790284 4.100525388827566786 -0.010175788559784791 3.528657368618219436 -0.009531748350622845 3.368431791220472427 -0.008498583635801173 2.432969140276276754 -0.006392731813431748 1.718605762940486947 -0.004781298574761104 0.979596723829950666
7.375000000000000000 -0.026690761797181203 0.889975218733027429 -0.021342192611733982 1.184004305858394890 -0.018859362460190460 1.546479752277154507 -0.017720478611195238 2.135770145645779383 -0.016670976752004456 2.970020467570581690 -0.016062144723915359 3.362205072924903337 -0.015588128103571706 3.796397937094045272 -0.015636261496525070 4.322823296246301794 -0.015281051404481973 4.558444784259224392 -0.014888858543286112 4.816909666957372771 -0.014664874349641286 4.911433289554271830 -0.014236728682831889 5.099399892719269189 -0.013769762589668010 4.927542724753441128 -0.013574273940086076 5.027621844966494002 -0.013569695210459743 4.630699500306865168 -0.013197692463109260 4.171663986223620668 -0.012685153555511985 3.510958219075371645 -0.012137029660540139 3.398547608032617351 -0.011098160955200118 2.550821818801555896 -0.009272252706495151 1.844975593186832352 -0.007385911091749731 1.032891328020723476
7.625000000000000000 -0.027248341805507469 0.954371252133505488 -0.021923946525067697 1.235238108532707546 -0.019909238771664024 1.513347115850254276 -0.019010174347327147 2.093120858604970991 -0.017973639346004766 2.829251584881574466 -0.017733605664354619 3.187446610739125497 -0.017234033724423999 3.577700467252315608 -0.017232578713426969 4.092128705564399560 -0.016933920039397150 4.405042575473810729 -0.016702184673659078 4.575516543538372893 -0.016567640293407078 4.723094025677019303 -0.016146573835999128 4.908407238685411400 -0.015728279708619265 4.865168824902612599 -0.015615085691512645 4.859568148151463873 -0.015633228511509899 4.571275740450332137 -0.015309226366927612 4.124449492705500653 -0.014809523659837641 3.386965225143724112 -0.014446122695533994 3.351352373917487082 -0.013770604559963314 2.558984104915187352 -0.012453849395532523 1.894615829828251607 -0.010872469307427211 1.173356188636357267
7.875000000000000000 -0.027187520168483033 1.030384742925335884 -0.022823489417854295 1.277472061186581298 -0.021046436400288360 1.454887662547769134 -0.020328807828159667 1.866120936699265709 -0.019627348051064742 2.496450422637281008 -0.019579706444238378 2.766060645074845503 -0.019233531944452174 3.068277570205672600 -0.019396581032243856 3.562588683258571365 -0.019087556766738515 3.868895295627677644 -0.018959954830445880 4.111173896771296299 -0.018866774194939644 4.236620312409680622 -0.018459850828657434 4.352904164302199952 -0.018168940542250760 4.295491154872460804 -0.017992382846543729 4.323370537514022338 -0.018043184941186854 4.114937034813710426 -0.017736278780949979 3.749314213781971716 -0.017134404860787700 3.110693371999045720 -0.016711638138992079 3.071531141542998888 -0.016097865779874463 2.450002404428196279 -0.014936921516710014 1.865290288704112509 -0.010633132185073686 1.043503107397733221
8.125000000000000000 -0.027443465427556397 0.976130388753368106 -0.022976408025893472 1.173265519711992555 -0.021504276285497954 1.203954131888334445 -0.020986242540138859 1.568026184058063599 -0.020405149045664515 2.147701238984081940 -0.020459721112605644 2.447104063660019868 -0.020206186701052547 2.629737329040502836 -0.020440422152255954 3.063943177988520894 -0.020124411016036736 3.470227036622597350 -0.020053778283858310 3.696446930330383740 -0.020098348478004773 3.818905557180267696 -0.019772874520486906 3.859205487777976007 -0.019635425210286560 3.942657388120526019 -0.019444809844534863 3.979837368549182131 -0.019384744434574837 3.688248156969982983 -0.019183725034368489 3.296840196184611660 -0.018462196525788562 2.789737386233283711 -0.018065414227141311 2.757483170455367727 -0.017176027951556538 2.183353697942533422 -0.015871793744559326 1.686948258777822618 -0.012146791867586874 0.978792029835102273
8.375000000000000000 -0.028607187789504746 0.918001366656252649 -0.023754470622242972 1.106382937526279697 -0.022127508821276579 1.032354999778624771 -0.021442660308246701 1.390898539729584993 -0.021242985599786532 1.865567910276620944 -0.021762574379004127 2.226363329040059291 -0.022169416897331505 2.348502275223976810 -0.022594872214134004 2.706787441156478735 -0.022304228191012344 3.009565514136629538 -0.022518763098409753 3.170085194560604780 -0.022747033561040325 3.213683462451008666 -0.022214021171630120 3.307069451414443861 -0.022053271574917051 3.391593961657119571 -0.021613774339064650 3.399697926125503145 -0.021296731630608450 3.245309826026244071 -0.021137446866341999 2.870442017898413134 -0.020425196009284739 2.432443070858799850 -0.020062180448418503 2.402943717269223178 -0.019092370712500559 1.810010682425250650 -0.017365520090829485 1.511881357085919975 -0.014310657983033534 0.890101497019837429
8.625000000000000000 -0.025924353648243609 0.928275275970254832 -0.022026017675636410 1.107734915090601735 -0.020717933757927583 0.988473266512349014 -0.020445694552880180 1.221346174078806301 -0.020634270052046898 1.667054972739656638 -0.021574538083982110 1.892457236171880552 -0.022252636934591584 2.057065789907803754 -0.022938119344926261 2.369716244049588472 -0.022907869309880594 2.577627808153442501 -0.023384773751042278 2.736772248307880684 -0.023815785391735074 2.654988894950196965 -0.023607361598786281 2.791945026737630453 -0.023520210617579387 2.856040901361768913 -0.023128041770062203 2.804454994974881821 -0.023123232439586177 2.743398036827814579 -0.023322636304226926 2.609145407556418661 -0.022846723877983512 2.118088321624414405 -0.022820508981152728 2.191681468045508119 -0.022252504405337492 1.519794617034110562 -0.020754032676304612 1.296993869069978933 -0.015613325103628898 0.838726211944436306
8.875000000000000000 -0.023518568573189201 0.805547328929492990 -0.019841857937944081 0.934775317806117112 -0.018660310613343663 0.828013015440671407 -0.018978053222652436 0.969874788755464845 -0.019758883303383653 1.310953437546348077 -0.021432138860285648 1.466996003878907384 -0.022654062281518953 1.695811879448813286 -0.023559269176241907 1.966270307537803186 -0.023942002799489673 2.167985996310732855 -0.024589889852451211 2.315523422865769732 -0.025122086663656226 2.218888011708199492 -0.025122338908818299 2.397896979397472261 -0.025193679328182249 2.467410500976788601 -0.025015415207744363 2.455160275948147230 -0.025387445478466705 2.407352156616394012 -0.025930600902209291 2.244375759793366676 -0.025656626700765777 1.792611100194171581 -0.026025273406428455 1.849284192504730751 -0.025629149866765802 1.236299623869453912 -0.024397735978436846 1.067427113071413025 -0.022942288611105158 0.709897168239841947
9.125000000000000000 -0.025334527723917224 0.980102018602447167 -0.021705023522512797 1.195924535113598752 -0.020426154689127146 1.155926403579919048 -0.020062168488011855 1.443763964341087558 -0.020242112758072899 1.913426311968869253 -0.021063849048947980 2.196021770605510071 -0.021461088893379193 2.398992430603951398 -0.021626711702875247 2.630862352382189240 -0.021793836717507870 3.095703566745327429 -0.022096606869211884 3.306826351150990106 -0.022213326567185981 3.328864161250265408 -0.022320589845728614 3.390838364236737235 -0.022670925907246380 3.470738394301910557 -0.023011773803737343 3.492934707050922238 -0.023175760011162394 3.262757245014964891 -0.023589415677347556 2.991280876110292919 -0.023363324372026241 2.561208637689518675 -0.024013761853957403 2.462092298303791171 -0.023915656339483470 1.957642335455045846 -0.022382191027168759 1.545478282245120738 -0.023608816581182909 1.099884357111214905
9.375000000000000000 -0.027435430232197425 0.985772592227072808 -0.023566999681106357 1.205680971663595891 -0.022264592196740058 1.145585885510812085 -0.021834172809263724 1.408233905674594721 -0.022098279199449226 1.815942848768399953 -0.022919928682221407 2.095801574460056216 -0.023185939023921819 2.287055937218981150 -0.023398467663536503 2.489715867178981856 -0.023557445466668322 2.913286968697760493 -0.023909833244266501 3.085040437435991212 -0.024005805208074705 3.082527485690937485 -0.024138259124779494 3.182223660357426098 -0.024580703162557935 3.253352865052183684 -0.024824017418772642 3.223458301290887285 -0.024943654344678212 3.098483834421516203 -0.025310722212732121 2.851732373600318837 -0.024903737845209536 2.432005313637080945 -0.025492748082730485 2.337140662848427919 -0.025126977414425006 1.826796201824080867 -0.023332216398196111 1.486217364512688377 -0.024407576584622614 1.080251842489363012
9.625000000000000000 -0.027222855071990678 1.023975628983572861 -0.023981661784027455 1.200102328438020782 -0.022674525859440745 1.148594465287952504 -0.022125293093983974 1.328269912097516325 -0.022813408431178846 1.735066060613929206 -0.024008272996150506 1.918086084483185516 -0.024334029580589445 2.151931156284303981 -0.024701139573820485 2.332201674377636813 -0.024983602757984273 2.701661131180487452 -0.025554475842435750 2.855820641038892216 -0.025766687212806616 2.793719803165525484 -0.025919103988099958 2.925436191349055193 -0.026409938078304353 2.980508135049245499 -0.026694764638858445 2.918192590269258702 -0.026892902631750180 2.834287604236628955 -0.027384705279671146 2.754180284699593972 -0.027007847716589560 2.260439874413953110 -0.027744180074580741 2.268364017616804507 -0.027555061762124765 1.717721482115665221 -0.025870458293035224 1.391872809776593556 -0.026971096464682938 1.076503396651675937
9.875000000000000000 -0.026695009285154035 0.959015348523363009 -0.023702937104390972 1.083138070276398190 -0.022454342428085000 1.042632440144153350 -0.022190721135077706 1.167643755256647653 -0.023085981291025955 1.476823949605249986 -0.024589535521668215 1.602826348571598558 -0.025082241832494034 1.877820287664862864 -0.025464465040517546 2.026558480721825983 -0.025739512257481247 2.387093142135001234 -0.026555686173171895 2.555213441034775101 -0.026872253765284501 2.534650405071477763 -0.027065982445947160 2.686104655564626409 -0.027602942024064565 2.756543915229533681 -0.028088786844944282 2.703075015366980693 -0.028428496112511616 2.631889192150335788 -0.029159084421569632 2.515452063074841149 -0.029117943666370473 2.088503423720996288 -0.029953284690260738 2.116271388156458766 -0.029810636027140902 1.595896244572466927 -0.028222659488128750 1.276794613117476107 -0.030449961761756877 1.064662357980719509
10.125000000000000000 -0.026282888071083511 0.961081596755181344 -0.023564527589249502 1.101801054027213178 -0.022689772895289319 1.008729001488660959 -0.022343837903865408 1.104001629308530408 -0.023234048368907498 1.394730866616135101 -0.024889868581669573 1.598822486693918687 -0.025592124350842838 1.808686914932018386 -0.026174271288687125 1.876536266751243298 -0.026578516905432361 2.284822927484002175 -0.027588224797090534 2.430489637205238473 -0.028053870536308392 2.357965415893298111 -0.028226436580494056 2.460586256902196567 -0.029337397209262987 2.510965662401184240 -0.030075820074518256 2.459850457992394546 -0.030555672457590458 2.429468156267968304 -0.031376988153274561 2.374766451336826734 -0.031622746509112717 1.997892740043059945 -0.032659583693201516 1.989457952670177443 -0.032845080188587526 1.561881918136254432 -0.031553701449420067 1.267440226958149729 -0.033242595046464249 1.062612940235482029
10.375000000000000000 -0.023728157611391250 0.987076948142088240 -0.021753716600535523 1.066033687609337033 -0.021138826737745156 0.963302588829064721 -0.021323981056112738 1.055047542151136497 -0.022534426084111141 1.305393915622331091 -0.024388934953902160 1.487073584660777437 -0.025179722203575033 1.610221335284607980 -0.025600199887054920 1.652561318950780622 -0.026118694650086205 2.017386650028500483 -0.027175032296257826 2.227155101582420027 -0.027664715810660715 2.036686704359030209 -0.028131405357615585 2.125329330057128541 -0.029605702859431673 2.171872736387813863 -0.030495843195633081 2.130672512486247783 -0.031016656445909500 2.143780245918493144 -0.031719093578423389 2.188147279345921348 -0.032329045639886630 1.825540347502681460 -0.033785451178803480 1.814154626470045883 -0.034441423914131339 1.485780750323399069 -0.033318325724233204 1.215817771789080126 -0.035847254744828173 1.140352606066204366
10.625000000000000000 -0.019970174469378158 0.881553416619337060 -0.018474522835853553 0.933006788960100364 -0.017807435207932903 0.790013004165060817 -0.017808184534660758 0.949106054090145923 -0.019399032619239399 1.095082850620762827 -0.021380846261827496 1.294717241017566467 -0.022309534793101330 1.421209934064008751 -0.022766488967200633 1.494639257858092929 -0.023327786366979898 1.799444327208397088 -0.024593319052507227 2.000910965801831143 -0.025163363156514410 1.852730165077260072 -0.025644403919779950 1.922283724656114412 -0.027206452357716186 2.002178152062112471 -0.028249254917146974 1.824772957905982373 -0.028620557827593346 1.899895788303538335 -0.028760769195510731 1.877602106364420598 -0.028931632911690309 1.723476339132604229 -0.030465320173742760 1.687128582166341539 -0.031187469261495286 1.481575095825496291 -0.029989651349668519 1.172665754140656880 -0.032885926975126177 1.333371812616886753
10.875000000000000000 -0.018307783374463090 0.841387093287120136 -0.017279412003595094 0.897031952883051709 -0.016723932324306551 0.707572301859684893 -0.016818589985750275 0.787486057981531151 -0.018544568294215486 0.947862727015686080 -0.020342233783583491 1.145613885608103066 -0.021450399850887328 1.311086985001452154 -0.021896674447598678 1.326040093425054467 -0.022433905812057210 1.573766838460487039 -0.023571627524055144 1.746176691301594364 -0.023896104029240750 1.679240572869559855 -0.024409650798630118 1.680923738301840942 -0.026113403714343866 1.783290939653065399 -0.027171442309009666 1.634919360385134413 -0.027183347911002721 1.672678109212961672 -0.027299487994546082 1.711350848136786507 -0.027718972500267631 1.627497985095518684 -0.028999869661292518 1.616439680873588802 -0.029889009008649835 1.525583417801543051 -0.028639421663146838 1.202956764029598169 -0.033298538760920475 1.383558811551591550
11.125000000000000000 -0.012179422029675330 0.867896736957003201 -0.011523630394898950 0.929680815173896336 -0.011357092607246180 0.786129393171265511 -0.011649052371267375 0.797243863499348504 -0.013528272229458883 0.965268720740140695 -0.015564956879913687 1.008508117439866458 -0.016629080512135370 1.258272580501719418 -0.017189941201250551 1.243144866368012469 -0.017442066922315737 1.525908863409834559 -0.018704528508092014 1.682260377312947863 -0.019007181586557582 1.635255259933932948 -0.019597176732702261 1.532074995497044068 -0.021182692704902674 1.658086289974680438 -0.022532604022230080 1.533279300508141763 -0.022517940719284237 1.481051063131048506 -0.022683398913978532 1.638666569609915413 -0.022942919684527111 1.625222215400664805 -0.024687670622567048 1.558783817933562466 -0.025755902290433338 1.434921768682493104 -0.025025160096758880 1.354179257157543059 -0.032192951077717288 1.566998468641563669
11.375000000000000000 -0.007133017439918080 0.962831678512346967 -0.007494111959670053 1.070526704247037442 -0.007234611715120402 0.854596155054309636 -0.007634156864915274 0.886439235268322800 -0.009883552853989296 1.047192913146510751 -0.012201557320881960 1.001104188438807885 -0.013260969224091737 1.225400419864237866 -0.013743501448135135 1.189861746358937378 -0.014096580224610321 1.339107302404122901 -0.015449267959053872 1.509631078361587386 -0.015414034477624877 1.431452265339439700 -0.015272716227933480 1.357742172575449491 -0.016918172393811562 1.406230362294635716 -0.018147296344573551 1.338914012873993142 -0.018228329667022120 1.377284577032199309 -0.018071742394789307 1.589562691983048115 -0.018304985491651549 1.635448595782424075 -0.020377251629719702 1.679609410708541306 -0.021974822080977417 1.585375204066782118 -0.021311340997327413 1.515522981739949593 -0.027885227096408977 1.640038381877127138
11.625000000000000000 -0.005354702036853768 1.090859992690839109 -0.006422162018862674 1.221571719525940125 -0.006421820662365935 1.065710924614845512 -0.007214704216438220 1.060660136645624529 -0.009300986056392298 1.183458399164728725 -0.011810557940540454 1.059763058228609278 -0.012362233898101987 1.254818427519746482 -0.012787278087129188 1.219278951322589011 -0.013227411065084732 1.497802545841597999 -0.014548328107460323 1.516228391990761315 -0.014534236428184542 1.522282931224518077 -0.014741779682162868 1.444353725977147285 -0.016477921991494147 1.531430035650757748 -0.017925250432665366 1.417044703021276497 -0.018239496876805514 1.389762594777025129 -0.018218620992083181 1.677071131156168349 -0.018544795391353470 1.685319129840819885 -0.020682137520796447 1.734205618416279737 -0.022506454530936502 1.762135816677119937 -0.022534086079805945 1.713909746591163241 -0.028693484293892162 1.810583839334994671
11.875000000000000000 -0.002832945139844912 1.140090558553984001 -0.004286715965257081 1.177247956276926466 -0.004842562463200607 1.114411999379975926 -0.005303623537733289 1.111130476058461047 -0.007441241525386291 1.182337837758787202 -0.009828443748140778 1.073283409802978650 -0.010428833716812238 1.226108536004865135 -0.010848927346049463 1.127304153646837337 -0.011622207927037619 1.425920182590861618 -0.012962367410284201 1.416784164239135446 -0.013204705565548567 1.478567746511964653 -0.013530249753402591 1.290435530391336405 -0.014883764739806404 1.472421249870086823 -0.016130090652204627 1.368317461899497989 -0.016079462030814180 1.313556412445455734 -0.015899510994849174 1.571486428024331694 -0.016409664226956572 1.650203290511139897 -0.018429620051337130 1.663844569232964643 -0.020116595027184454 1.828599862366206752 -0.020257189343580506 1.833309951363287116 -0.031543094066894969 1.836091161929161775
12.125000000000000000 0.002209431366399285 1.000592096587995528 0.000302059289838029 1.052198975294238004 -0.000587429787848035 1.028766017108855291 -0.001014517568485996 0.949675669081268103 -0.003223757457481472 0.983690087680344050 -0.005342119265268183 0.875305991598312572 -0.005772330280220849 0.956378795909818114 -0.006151468379514170 0.813523747704902989 -0.006876038340631455 1.087897046272493284 -0.008409169936473122 1.128032239111582902 -0.008844756864930014 1.192892056981296189 -0.008911217273475359 0.879372424094719829 -0.009939927122302586 1.101745573650633636 -0.010935142649339594 1.016462308630633693 -0.010599767960797360 0.923335659173252443 -0.010159414593813140 1.166500458648823457 -0.010547448315975797 1.390745817310244270 -0.012077596020052079 1.510504568823112015 -0.013499310520544384 1.774591016822073319 -0.013901779053649454 1.802004478619393169 -0.022384170643431990 1.843351217872547743
12.375000000000000000 0.005635001967413056 0.930733937420183177 0.003304044021665313 1.039048601052294352 0.002242660003907545 1.018475709436452048 0.001982234464492062 0.909866690967563008 -0.000400939415555283 0.893607910362000712 -0.002462602340421415 0.874179256736058563 -0.003262030079401141 0.873199758054899133 -0.004170955316342533 0.787375593867217449 -0.005062457884452955 0.914018940501665322 -0.006740022877485369 0.894652511587149646 -0.007304603738160068 0.930083427452629952 -0.007425313372095095 0.583226865154933383 -0.008347197833051080 0.729223379147853401 -0.008667753257700340 0.652428118058862028 -0.008343430628831267 0.585795560898893619 -0.007897085444583471 0.829022038931791272 -0.008049576650697433 1.129486863370392502 -0.009350050817175007 1.372859315259369772 -0.010969737162688830 1.704231479894485979 -0.011617318764312528 1.801626057790349567 -0.021137345737441617 1.818795625691532969
12.625000000000000000 0.006043396512122363 0.956319562468557538 0.003920189317985101 1.124191126261570028 0.002327570443187111 1.158673768711998786 0.001617629578571366 1.144084778233347199 -0.000839035188402246 1.029670051689979271 -0.003252685026600918 1.119258153549467449 -0.004503150287107268 1.109509153713805985 -0.005613014120823868 1.024336069536213589 -0.006690539291185447 0.962571773167950173 -0.007989120866385372 0.933093425446295921 -0.008648307145758960 0.891686133247944213 -0.008729907304651762 0.527032508784587739 -0.009413574091626485 0.638530260385858472 -0.009400097409190072 0.578879923056282220 -0.009048627807505290 0.489320538627683876 -0.008663826288374542 0.679378884632112712 -0.008791583155843920 1.015976361301071940 -0.009620427895364922 1.287583964980290707 -0.010813599033614802 1.576356193799989924 -0.011662329733649026 1.821927287552538743 -0.024026537294964439 1.722214881248196994
12.875000000000000000 0.008138339400259081 1.188021744512760103 0.005514321301960629 1.282443808176617184 0.003026111656204622 1.472601969918427844 0.001495114906339903 1.389550769184641821 -0.001082752814741487 1.339445894431421147 -0.003673476877707181 1.396600500597439121 -0.005323204469617440 1.330636944259483867 -0.006665107008083690 1.272251458156908654 -0.007881335468588139 1.134033026176837655 -0.009288902666650122 0.999341118282514151 -0.009981617387072789 0.843807220426863291 -0.009988394053319371 0.576129616688150104 -0.010859544141991554 0.523872178781038755 -0.011038616813457448 0.438311616232048618 -0.011011220706350289 0.395823906335296849 -0.010635467798591064 0.553512535123933391 -0.010784433277222010 0.891498066450490789 -0.011202242921235860 1.230002000181994681 -0.012217164412967654 1.547250934996881933 -0.013356944676858676 1.830547516805533625 -0.023853116345157830 1.656045926364187793
13.125000000000000000 0.009576054434434562 1.583940935270064854 0.006340871171245667 1.864788551866932709 0.003680087695789941 2.239045702388748893 0.001767751439526079 2.198982159365426181 -0.001069339113377552 2.200282757532581179 -0.003954748498334889 2.399997889966156261 -0.006006788427034013 2.251828196787516667 -0.007617833707387063 2.099418165343454934 -0.008786915319313440 2.040368850008487112 -0.010315287242864683 1.898745964629779515 -0.011081876066139501 1.588837143962446685 -0.011197381470525843 1.330304000390155617 -0.012213973343655590 0.991900956493044106 -0.012106116249956542 1.035195057533126128 -0.012021427385216610 0.802036083941823019 -0.011792216309061642 0.889288686431763287 -0.011643543939070106 1.123657877871929722 -0.011669869603939504 1.309301095546874460 -0.012518720778161636 1.596600932882481949 -0.012860569843356141 1.844920137737207089 -0.019888972070257967 1.722805833898783723
13.375000000000000000 0.010444645129115065 1.642832623291126559 0.006910247241297476 2.037848233504403250 0.004305262221451491 2.646101523169841041 0.001527052021321760 2.781576246498046245 -0.001398415557475108 2.971218796509190518 -0.004274624856119879 3.081700915696535148 -0.006291000462603544 3.175858401498086625 -0.008042912472726179 3.012053190296544170 -0.009510531485612980 2.950156145456086065 -0.010923837908858338 2.816799735068487909 -0.011720205420186917 2.400878556532643149 -0.011848608327009413 2.102343955244537987 -0.012758405643092731 1.743983988830276610 -0.012803365913169124 1.663469688015982051 -0.012699540857994612 1.356563431830979827 -0.012345034089664024 1.344762123053671932 -0.012269760141349121 1.426885328138042475 -0.012237288542815557 1.472130792619364748 -0.012907975767885563 1.617604114460166498 -0.013579139054591039 1.809633451046624097 -0.020396381922236397 1.551741233903684902
13.625000000000000000 0.013470697859625846 1.635289084392386183 0.009903722200428657 2.088064800295803991 0.006926216365403664 2.793918109103015190 0.004187515322480782 2.966826223306386900 0.001165278162667268 3.288735063462060459 -0.001928687382073833 3.496398940371979069 -0.004292370618539565 3.740480017523655221 -0.006179721693971331 3.515802591849490621 -0.007783065379340219 3.564852984504641498 -0.009323914138471960 3.392229388932097134 -0.010379434267732451 3.016141580734200911 -0.010702116553395452 2.701999164286825739 -0.011658579842789243 2.367753249469709331 -0.011909489815211014 2.330415674059910902 -0.011897370553567715 1.910089670362202563 -0.011785425618820605 1.859667668173681676 -0.012142145545516139 1.816038008572954610 -0.012401519692448973 1.787193918662625114 -0.013465556386316658 1.781857120192897437 -0.014690392277178029 1.811567517650321646 -0.020128987085225689 1.475272326331295680
13.875000000000000000 0.012471026495372704 1.543772498771806445 0.008819078220280675 2.042162848048407753 0.005677724226688160 2.804528729353506833 0.002798520532482465 3.105051567593181350 0.000321050395268375 3.323580337135022322 -0.002417068768628476 3.601976026730818514 -0.004597028948921160 3.872634946414136525 -0.006356739368969445 3.762749903143256525 -0.007902891209654116 3.772372379917555474 -0.009277190127128448 3.627951795987804040 -0.010170696001542502 3.363387595641476935 -0.010696056304135853 3.083180308206648679 -0.011681654767833449 2.792519212980864474 -0.012048161798524925 2.762107285910327281 -0.012239599061612032 2.268462692379491497 -0.012301884205573601 2.288921189265530565 -0.012858428429442402 2.237949155266899304 -0.013337693053854544 2.061429393141658295 -0.014435546484574846 1.973529066189258607 -0.015546764515680302 1.902606753326644862 -0.020464901317375050 1.401905452179810219
14.125000000000000000 0.011605032498953486 1.456125166288085637 0.007948238759730804 1.905365257992752692 0.004793607893605872 2.585216117346138098 0.002062043627153768 2.832475368528005077 -0.000096206140502978 3.154000236297132442 -0.002549496559827843 3.409706907716985480 -0.004520501000875836 3.708858003568942241 -0.006121775609664001 3.616595475880443722 -0.007640110856479521 3.641930803181685938 -0.008796788578792694 3.577859801594468703 -0.009641579539014414 3.197270568234569676 -0.010159869059351349 2.973698282580565344 -0.011016432279672030 2.787466740098002216 -0.011351072500783361 2.733548480881561993 -0.011549547849243776 2.240857707043743652 -0.011587232096048099 2.403651903540725776 -0.012126860564239695 2.332970797048749212 -0.012692981212759032 2.104498751242079191 -0.013812408085635211 2.048043020094771016 -0.015054902097694287 1.878570943802722271 -0.018904108080732798 1.485950815386404056
14.375000000000000000 0.012119220796478257 1.406633513857490136 0.008281401276328844 1.794723854263815088 0.005172531716056410 2.438403120001833901 0.002413010846609427 2.603727903461653614 0.000250456174816955 2.848785109529348158 -0.001991683794259023 3.191437915918012624 -0.003775563488574096 3.471615212167893816 -0.005180333279516152 3.344844420084407410 -0.006530029760950170 3.462028795389544999 -0.007459876560691430 3.369504695934793403 -0.008288126201071291 2.938901754405135236 -0.008932146792762195 2.831715133213902558 -0.009739715356320395 2.695209626653065182 -0.010047882285317705 2.640160197738568471 -0.010137233216991158 2.232407128045568623 -0.010280817838000195 2.290405328922803907 -0.010806258138253744 2.243489629803610885 -0.011345428910036748 2.004849166988302400 -0.012425709906509375 1.913272686768669129 -0.013694950198391977 1.798697629827477718 -0.017498634765512028 1.488839271839204725
14.625000000000000000 0.013133817424046722 1.379345959620293049 0.009081626553091804 1.713615148546296041 0.006005941733586693 2.352772790692708504 0.003180807391164954 2.501783035604451477 0.000935166387657066 2.848794620574357062 -0.001247278671118932 3.095166836801097610 -0.002899823375871092 3.437912813787554533 -0.004355109931559622 3.290827347775518330 -0.005721161760753643 3.419331871925277433 -0.006713436802460047 3.358627718088896152 -0.007562090895654816 2.945847915152282503 -0.008211766542784632 2.838786628499381681 -0.008974828129503799 2.699031894458298719 -0.009240257622995036 2.597501343289280396 -0.009485064825899100 2.215942605700256696 -0.009886447443457290 2.258684509164649246 -0.010504250168626423 2.228182344803886217 -0.011115004380386579 1.956578724295578775 -0.012356812863002444 1.846724327661665610 -0.013947883814458342 1.696781019886285824 -0.017874280797719581 1.416101217839778936
14.875000000000000000 0.013655901077166500 1.394700191376599285 0.009350319916668652 1.754801597562311022 0.006149838687864444 2.363084018979580758 0.003278867256822595 2.516290612899905188 0.001036433275463876 2.825077637440587264 -0.001077686600406936 2.996893172388571003 -0.002731868771156412 3.412864054122839441 -0.004055386731248231 3.206401329776166431 -0.005382248708942489 3.218645536620671432 -0.006212851930067841 3.195992436093224143 -0.007019881908097145 2.798926601799597513 -0.007648841448925224 2.720386281593761169 -0.008413861401462190 2.613237990732451443 -0.008733886296230215 2.519863597308396042 -0.009025887144799920 2.114018469714715742 -0.009666521758323070 2.137650934343913622 -0.010369348979001072 2.063478991479915869 -0.011066030239145722 1.835577681956518159 -0.012274023395612690 1.682094039767846549 -0.013901469226888726 1.594443445301132023 -0.017864398055706783 1.449408011759695025
15.125000000000000000 0.015785741329465759 1.478519956195987639 0.011620013249195800 1.989025079601357993 0.008037374904153391 2.853256589074175231 0.005006288448961000 3.124548411988606667 0.002761098526512862 3.507413849764476232 0.000283197853081569 3.825642746198030242 -0.001832369027408940 4.197810855560790699 -0.003688238357907449 4.041670111684120492 -0.005323641459599703 4.058895596960529595 -0.006364844718213325 3.985948585207340411 -0.007221108378900682 3.444111470079509463 -0.007851124571306621 3.291976539871332097 -0.008663217756837888 2.958737472373395683 -0.008885481553408249 2.917172858754582432 -0.009214064160662604 2.294212317312723570 -0.009553728619462430 2.421360486457922789 -0.009987381835508997 2.246596879143122116 -0.010300815006789289 1.983822318755979364 -0.011069809156595398 1.867951372042258917 -0.012226706316909353 1.642022405928565298 -0.015957046935135048 1.393584867667871041
15.375000000000000000 0.015679210659530093 1.445601328631287430 0.011246606871382948 1.860180272554182279 0.007664379268600525 2.624087897195331198 0.004714285102516940 2.808108397975467518 0.002641131546096546 3.075540054189247918 0.000503190827904246 3.500293601812723310 -0.001455015951621086 3.854789176113704308 -0.003046461048584487 3.682934911389073918 -0.004426889859131444 3.759030471606627177 -0.005199890447463846 3.648592543070445338 -0.005988351334308707 3.068804198438552344 -0.006814445200534471 3.076609625147267657 -0.007578505904064594 2.798514952240209741 -0.007840556687457713 2.755017495294108443 -0.008138271547712052 2.261521950321168983 -0.008610303241390616 2.273391606479317595 -0.009108144218150814 2.086513249746536847 -0.009472983647665523 1.789442129149660943 -0.010199909154148985 1.636207815919391795 -0.011294926815850818 1.522662394760937676 -0.015027546612285477 1.388526730801214804
15.625000000000000000 0.015688391323810523 1.417214763133373134 0.011084599305822944 1.730881134377830533 0.007634404631790850 2.463490048649421116 0.004496500773066002 2.622224970541619182 0.002527241805791125 3.040582881922273106 0.000637886753215054 3.276885196507051567 -0.000987211963838129 3.741233855804294794 -0.002414717352748578 3.540470006607712605 -0.003739149379345011 3.658314036776296074 -0.004468431372074652 3.620234526367929195 -0.005149119466580297 3.094739801948362956 -0.005942602441496223 3.073409070136558618 -0.006781986243525044 2.822328490556087033 -0.007083708957411725 2.742087253348448161 -0.007583177768373583 2.269986373171165805 -0.008166004561573181 2.272576839755397593 -0.008967427612393757 2.091958994115445947 -0.009493268271015362 1.727003161408544374 -0.010480225044620393 1.512731740339058328 -0.011835147377797787 1.378525307412940215 -0.014850126402509749 1.213638902435813627
15.875000000000000000 0.016785090716145961 1.408458226832729032 0.011829562125366637 1.717337840811966609 0.008437701561312171 2.392520991531133401 0.005562255089396367 2.506403098281862807 0.003754003848356668 2.909476195493413186 0.002124262199420108 3.013362310186515902 0.000730970376824664 3.563955281474818992 -0.000379505960252436 3.299236460818468331 -0.001517429449623934 3.309681903824774007 -0.002104801539559213 3.329108273077504343 -0.002739257153617052 2.858575040575748183 -0.003507852968712616 2.876725752342599751 -0.004349229672795215 2.691586111670138948 -0.004780571366168663 2.592419295354041697 -0.005272727361693933 2.132006436012304995 -0.005938412745397571 2.120720876618884088 -0.006675151905361842 1.920661136488299725 -0.007296960149907605 1.605050578749938284 -0.008295485018243128 1.347980922069142773 -0.009564319707795161 1.231895876894463893 -0.012157240829472350 1.297207230598812489
16.125000000000000000 0.018488287523121153 1.205621208534234823 0.013742498491173120 1.545463857531248708 0.010786176340266828 2.178766451349885003 0.008195040912937424 2.445297918924793645 0.006428828023769833 2.692487970137173559 0.004990790911913872 2.792517646059264891 0.003747823951064239 3.280499191787152213 0.002830353846236626 3.094018798061910935 0.001928624258054090 2.988561078329205589 0.001327377252680899 2.976301829596032178 0.000679175374455375 2.647925392317243443 -0.000149116190157433 2.600129814776825921 -0.000905242658618985 2.472706680538635737 -0.001216140968629547 2.413340368800902525 -0.001500616306910489 1.955859047069936851 -0.002218120059951561 1.977484062940508602 -0.003000921646804275 1.778531972349933099 -0.003592513106953368 1.485904874852081337 -0.004703073048891358 1.228147719520796377 -0.006040764833640844 1.154776398672902493 -0.009528152582284084 1.276862185646153947
16.375000000000000000 0.018347323256283483 0.977874539724567393 0.014263820010889165 1.179961854091068574 0.011710353099480054 1.833037346838274351 0.009457185318475957 2.111414139657068922 0.007990967441123122 2.342383874328731963 0.006807610326110920 2.412821091713646116 0.005818514183485876 2.802370050433159676 0.005097426515978106 2.641569328405495298 0.004282628992514692 2.541416085371122069 0.003909028827634689 2.503825848429049650 0.003348085007896616 2.234942432931752876 0.002694939189511607 2.251912727343226006 0.002092004355494758 2.211236640165795464 0.001731923045021210 2.127423988318338566 0.001436013008464939 1.846960199013463866 0.000936876061353363 1.842646055266702998 0.000127583216633660 1.768452604303736297 -0.000544888164441727 1.604349868196758955 -0.001685981794341074 1.280474048520334751 -0.003145329289419630 1.160909695296694855 -0.006316118092170023 1.221359528300529185
16.625000000000000000 0.017929069155471610 0.917638479077616420 0.013916602266568649 1.009069269909535160 0.011554512084144722 1.514998063788843830 0.009504289167369099 1.713170576519324140 0.008144929698250019 1.855056130737610331 0.007036034112195937 1.939656286918132189 0.006131469732857782 2.088752828075071566 0.005559868733964994 1.837585417636691698 0.005034924065669812 1.868796569155735554 0.004736409780726458 1.856717008078653919 0.004410793746909832 1.567915303724593423 0.003770505259719818 1.824103041834485239 0.003199213441289737 1.785130334271831209 0.002779642196597378 1.800619192582375572 0.002389881678098182 1.695235206626444224 0.001823160392390301 1.758790185490108682 0.000997274547901207 1.724987365173035858 0.000232860360227390 1.785372156714995828 -0.001109248450818359 1.398452937031595678 -0.003125382116454872 1.309563358236240038 -0.006783348400069878 1.334218278589185847
16.875000000000000000 0.016806165032205167 0.884403095638119252 0.012880522662079102 0.909111178156865929 0.010800689851369758 1.208718044918303036 0.008822407377402463 1.393491562474852064 0.007586858491306350 1.418609173332936901 0.006683970145285377 1.468979613899940029 0.006002668227065579 1.482424697508137212 0.005622391296402887 1.336138070577281400 0.005272446150236382 1.330848624767477784 0.005067582939605342 1.458242692744497804 0.004969939016213238 1.188231752302441269 0.004417429538648590 1.530627952976413741 0.003817175964291875 1.551937827559753291 0.003381530058259141 1.560305466406469055 0.002928902372985759 1.539617066895924591 0.002371927235780507 1.610870261365908496 0.001568363981349929 1.708903467964893563 0.000990811332634370 1.697396837606039988 -0.000310972124231362 1.421354448343256305 -0.002408896893935514 1.255968712584767166 -0.007385987129188058 1.334348592295404146
17.125000000000000000 0.017667361863474389 0.866922267322696616 0.014005493756159625 0.798066440924854903 0.012091465361439551 0.954394213766294186 0.010327868016996779 1.017055902373948495 0.009084941343502531 1.018681978760669571 0.008267428936604787 1.032002512446766662 0.007650644780326308 0.957341089595136308 0.007404212072994309 0.819584399148937659 0.007103078896500792 0.817715026991038374 0.006985476336179221 1.066622906426027750 0.006896500057605800 0.744005362432528572 0.006401760448847602 1.123602599757447473 0.005815149798436121 1.236097696637618704 0.005367857658881461 1.326207084500844458 0.004903674962974591 1.416856563997435092 0.004321712203312214 1.549509375620302665 0.003467280716012102 1.557876535114713468 0.003035594363939988 1.563211014820556688 0.001774774234760551 1.334213266724222802 -0.000589563123627693 1.234916287058084983 -0.006257580801993883 1.316268815470322817
17.375000000000000000 0.017090321869623292 0.894071724883159780 0.013756108063321131 0.812467935386888329 0.012035441494679590 0.938970853597152710 0.010409800414544300 1.039760919724125765 0.009193965122107959 1.019404238947001717 0.008466349222272095 0.978432782475071816 0.007964182597676762 0.833394519195348349 0.007785628690012227 0.790978972971676964 0.007608820267948025 0.693152587015407606 0.007522630148531899 1.027674366419906837 0.007518840377478464 0.787046539315951033 0.007110710422278305 1.268531082825107514 0.006503030287892666 1.562239063988377863 0.006078212675074980 1.713007108943088275 0.005526218057801607 1.870815636645553948 0.004970195992483833 1.916860266245537625 0.004146069330814971 1.821474344745767748 0.003706390533308975 1.824675671114095010 0.002529658170825213 1.425159913557542346 0.000186604714359911 1.276339739125728290 -0.005994645123486035 1.229412311832493998
17.625000000000000000 0.016245464295786834 0.878410446504276576 0.013183528291875940 0.796603966294249788 0.011672449294384993 0.831434710584580516 0.010219407955641151 0.999357106642081883 0.009202658927997221 0.977860402685096775 0.008520334671129372 0.873124312139859415 0.008110146383651250 0.686075346727928581 0.007973683305248945 0.653867394063787355 0.007852694705245255 0.559584397390541888 0.007748714639065570 0.949235657323678872 0.007739335343882972 0.835267603545852833 0.007449090768903870 1.416450543369664805 0.006824438718920028 1.722976970904820604 0.006360531175076005 1.871385051606857086 0.005733719376262448 2.069436792796943259 0.005132679663076872 2.097185607857921852 0.004309823095374699 1.935703492455766339 0.003774107897813155 1.848236649212740224 0.002600061594912485 1.447180659724102370 0.000317817733682569 1.222248557783750744 -0.005505456909396987 1.178071906308784111
17.875000000000000000 0.015192421965042854 0.877209354731311342 0.012621170902371633 0.835848385027897378 0.011365888214329925 0.809358715330079637 0.010330213661231505 1.051870618907119415 0.009556777821562040 0.966851132265859947 0.009027174138027481 0.997257424438976248 0.008720047993405172 0.708516419456638902 0.008698900058890050 0.754701723573106165 0.008708394019662969 0.669935922649916193 0.008656678492292316 1.080026165176085851 0.008691453988928748 0.977626859756429933 0.008437719987263448 1.658364496180782854 0.007880172550963913 2.091402345872613644 0.007340788640733259 2.257816163465610870 0.006736466571894167 2.364610422284115110 0.006241122116377390 2.193218435145887657 0.005551609683605305 2.053434857561675653 0.005058020486380772 1.970189970868451823 0.004100649559563647 1.524731281166650021 0.002129431749771663 1.301184011509125327 -0.001739761467711285 1.136446218486772297
18.125000000000000000 0.014714178362646255 0.855004086382241679 0.012414084487290807 0.806482629154268160 0.011351265634027052 0.821504935777417233 0.010406540889077696 1.089338520781844011 0.009757286981319606 1.064951212303678618 0.009258068096192791 1.186542440802522469 0.009071843305141401 0.729468468736631070 0.009012567082770912 0.854636337146140290 0.009066370655806594 0.833088863297666293 0.009039235234963292 1.338765409723027489 0.009119110569384480 1.210601832324983196 0.008836963369751240 1.853215385996966003 0.008286011748618358 2.251627510723368530 0.007792607568977152 2.449932333395805184 0.007199660502515944 2.596600699359775444 0.006776257328819154 2.368890979444942868 0.006044585378488530 2.186903753134171513 0.005604332816321716 2.028320628176084384 0.004657235635147219 1.617383753551986381 0.002779382249215115 1.279564426559879564 -0.000316752153776714 1.042371488082506792
18.375000000000000000 0.013329645471152517 0.897632246965563096 0.011328593262293782 0.879646718976941133 0.010362887165076939 0.998721782655225376 0.009520899832986356 1.292666050530962174 0.008951228561943804 1.339729564132225548 0.008548869953678030 1.448900947435391551 0.008430712232052280 0.962326931034859001 0.008394595182706946 1.058102895369401608 0.008424530981970629 1.222658247288328504 0.008457136529490865 1.830593217499654868 0.008587646191472257 1.635968191306275354 0.008364858154019734 2.261460351796368506 0.007873736629444295 2.599103954229454061 0.007295594937257908 2.808324844006684806 0.006585399573034721 2.942201919227716012 0.006225292849033467 2.552320307775747033 0.005538913913723799 2.385174564361778771 0.005102723361781073 2.177214771828107409 0.004250849566644022 1.768148156087047784 0.002528803535789567 1.320930425127866181 -0.000256668650060016 1.023863190428476955
18.625000000000000000 0.010468488236166883 0.920312211057405349 0.008682649431880577 1.029343759707254780 0.007666343216523421 1.194401401452861666 0.006947882106927353 1.528506565277091500 0.006363251409486678 1.667021766050723386 0.005954876332770647 1.743526959048655733 0.005847700749930069 1.300125867640669064 0.005870027330620470 1.516537271654600616 0.005966543710734176 1.643420220754063577 0.005999748651916167 2.257096014228458181 0.006179369950135932 2.039202693122900811 0.006060949794190584 2.634407405298224703 0.005669037314327961 2.981335473911765011 0.005209710348905414 3.166738937930662967 0.004625104869635079 3.259453098539935034 0.004222104949384801 2.886362133125115470 0.003625990281196534 2.576106155343595550 0.003261657782304112 2.246982632864701568 0.002591995722734327 1.894060130363087513 0.000947279067571878 1.418544103984592741 -0.001720802762243598 0.987050698462700105
18.875000000000000000 0.009011347917720187 0.949336568006004855 0.007610405886859010 1.178201374375606569 0.006660509083354025 1.438637566280808855 0.005986329691830215 1.828935874054512745 0.005432088947537899 1.975561003158889939 0.005025429188828517 2.115965267894931223 0.005009834713210785 1.767614646236833398 0.004999161026875265 2.066973228283132347 0.005149531775459294 2.122687420306461625 0.005257894697620984 2.801554517556618773 0.005450484492357707 2.678851572149345550 0.005387204959347823 3.194553779082696554 0.005034613415819109 3.574877811317093368 0.004758581312537459 3.731566529222288153 0.004297663500406116 3.742816884889841322 0.003904164830106202 3.401734962028297282 0.003464848662067720 3.017485923218766519 0.003287769092025083 2.507616634902930741 0.002794575311121444 2.095486650178789656 0.001561745640237523 1.532707908535328789 -0.000244552864907916 0.947813027824754073
19.125000000000000000 0.006694108420591640 0.955792401975229855 0.005741039069618212 1.389801286463115293 0.004931314214755011 1.787499470974014404 0.004402074604463811 2.286089369258396786 0.003908921236038256 2.440671658517651110 0.003554324875284355 2.625853293793256604 0.003599782501530949 2.290186239644095068 0.003591785279353776 2.543995604149296152 0.003781308233087716 2.680586088291702307 0.004007792323851535 3.317572221555456391 0.004207232087438523 3.278851429770323733 0.004238147461435106 3.811637273254125269 0.004058017774285911 4.116314048938326309 0.003916467445060289 4.275443679985865053 0.003594794690213947 4.282199162519114921 0.003461733107255365 3.941542619760549648 0.003266651675673879 3.503333910860172651 0.003190350128398879 2.956670664787775848 0.002930641144141603 2.435781012443719806 0.002121022111366909 1.771898969156426196 0.000862662231117739 0.935889427212670544
19.375000000000000000 0.004153399719686439 0.926679869812815693 0.003486189331756596 1.559383005998677518 0.002837163305573110 2.059037345239882466 0.002350623131262658 2.616485103440406412 0.001947165826215268 2.791757659145060799 0.001633258218318180 2.895393732875778170 0.001753408391544393 2.657318844863653773 0.001732011343008513 2.983428606439562980 0.001944162342586035 3.183820985500618761 0.002221565111116141 3.835811768274328237 0.002441693671587850 3.859767583256294987 0.002478604075749398 4.422230684170017412 0.002429503389808497 4.645672623516789557 0.002457595757353452 4.683446873782747488 0.002324817475654852 4.691189269258118522 0.002435515661623235 4.195742161377127744 0.002542417525014897 3.879410886893040367 0.002566277288133069 3.429286318657059685 0.002471566885691015 2.707299288707899709 0.002113952455850727 1.820466391233894976 0.002028153946418286 0.928901907449748654
19.625000000000000000 0.001435438666348759 0.897585216158756860 0.001002422284240727 1.724253424537841362 0.000516407732481772 2.326554492451076150 0.000151089339761636 2.924130847917154163 -0.000145978185389503 3.069122085508006137 -0.000388864845442907 3.300368679078685918 -0.000373613717672473 3.225352416234878561 -0.000377095972827779 3.520995066895046488 -0.000300377191719032 3.753075221921470028 0.000031833191820429 4.438846613390332152 0.000260398739242839 4.534573633282163563 0.000409384739968802 4.976879850388582049 0.000482297947270717 5.054109532334003063 0.000660919553323211 5.014430224053803009 0.000785234220315790 4.971405819971923989 0.001078603560819916 4.577921025604302585 0.001376555224018364 4.345630360404265424 0.001679140771858508 3.736702598779507056 0.001809318262937858 3.147200976921823212 0.001791498885485904 2.059647772884413364 0.003433043668992495 0.905384735680021979
19.875000000000000000 0.000165754651036575 0.872634318185854019 0.000062814559724841 1.846695670052772797 -0.000332683157978298 2.537422027445509709 -0.000585381939514415 3.100786181633975680 -0.000847338695488293 3.281667518309548726 -0.001017872420497360 3.533352773237000477 -0.001073791032386314 3.502829517923256475 -0.001038978357300311 3.885802302869761249 -0.000929363192323397 4.105987742406311369 -0.000602970614572342 4.767011630131673172 -0.000276167639243610 4.940308384207148684 -0.000128583791375204 5.204999416233101250 0.000108208412351186 5.282037991442152247 0.000414285803615871 5.320174790586775337 0.000661984094855482 5.186069214621840118 0.001151764148758368 4.888864133638687548 0.001662827523847802 4.633217734437645063 0.002238706504011491 3.948737623802228924 0.002684753244441858 3.338008188838641921 0.002990535287472252 2.143793135676956396 0.004921327100139833 0.819145254491237984
20.125000000000000000 -0.000126118366044317 0.875016410128924171 -0.000149885022021995 1.889582212477632694 -0.000554146982987644 2.644375794608605723 -0.000860413970156628 3.125759155322239913 -0.001135117774561817 3.280087532793520388 -0.001340845656114797 3.553459602286456853 -0.001375216120564571 3.508972166480932131 -0.001290796285450135 3.894123792128671546 -0.001179544009346255 4.183389672705516205 -0.000799340500287582 4.774862348421552660 -0.000440277926617107 4.921390098342773634 -0.000215341322630597 5.159653825648896408 0.000103051360900839 5.185088097757273751 0.000447058267392914 5.180567530183211034 0.000793533622976785 5.331392134073131395 0.001329824320070325 5.158625283010914053 0.001764950264151343 4.907053519253349094 0.002463604679217311 4.155767722647260243 0.003000051278164929 3.533385121546122942 0.003355661175053027 2.267914041098611833 0.004459166079373186 0.900644343505052625
20.375000000000000000 -0.001324593421747901 0.903311253113901369 -0.001102427780472526 1.962118671393615177 -0.001386812735217721 2.666344047901611614 -0.001573612781699160 3.145650263212923736 -0.001702061136388679 3.307509718727609460 -0.001846758396915907 3.551237451329189554 -0.001815751312102242 3.631838489330236452 -0.001690026457289290 4.033061686157958903 -0.001528224449614962 4.286587023581882150 -0.001170744273390877 4.721523334816764894 -0.000708902982485619 4.934644106506247851 -0.000326889636615265 5.181409145683833373 0.000091600527730806 5.232405129246777697 0.000536772068436263 5.271374277003175735 0.000979809721744660 5.436003594815352002 0.001535673235763972 5.316217738479483756 0.002072492565927109 5.077902365493674353 0.002864051046506349 4.372740602778090846 0.003552162400357853 3.688494949084394570 0.004129014535036821 2.366854164782866476 0.004903423251510873 0.930069879515233122
20.625000000000000000 -0.002146585487214370 0.887241374355534518 -0.001866258698659628 1.959248180550327234 -0.002061068158321231 2.508647859610718456 -0.002144268942526528 2.964876568816755764 -0.002182822048292384 3.103669863229646886 -0.002259984006486995 3.375716463037716331 -0.002179076403943530 3.486516188440337505 -0.002024672599534353 3.894355400887035135 -0.001870961167354081 4.083030543558597181 -0.001515557908611469 4.426536516465967352 -0.000974938838655428 4.602170473233303305 -0.000459208359774044 4.932715947789387378 0.000031886191185858 5.104647556546849430 0.000529464341462169 5.100133371011239980 0.001122478080217146 5.315109753652440538 0.001777758509915998 5.337651429127329372 0.002374948032934635 5.046886441124911471 0.003325991622259101 4.353909887419123770 0.004273867619749574 3.581694471816286196 0.005060585565308618 2.336846782896750518 0.005892776415187597 0.903241869687372079
20.875000000000000000 -0.002586901680520626 0.917457634362070396 -0.002111831197728825 1.958980791989466841 -0.002125478382275372 2.480323819486367487 -0.002159641593389300 2.955095444888413692 -0.002116106342199485 3.092966265544048632 -0.002091794823253281 3.448417510565955801 -0.001992047220911287 3.531472478768780565 -0.001857070637416158 3.889215804502016205 -0.001617769582110790 4.044397331319601108 -0.001234859204357059 4.334887298466891359 -0.000660781414194283 4.544708562834569143 -0.000078644789636489 4.912670598177637515 0.000534812243357108 5.035079519803517201 0.001076443352603721 5.084817927220218081 0.001650799590515292 5.301004226195805025 0.002476649250195929 5.391281339374110360 0.003183553329682283 5.193545368018990693 0.004144458511799004 4.544225925720237313 0.005066713678854494 3.792298487854521838 0.005977399736107064 2.453159869229210699 0.006964291636806928 0.948575424986213500
21.125000000000000000 -0.003555044656620223 0.917063766927594948 -0.003209276556405980 1.915006429050002401 -0.003142354188809338 2.245109708696383155 -0.002957903987561627 2.567329371799090154 -0.002655612508046246 2.663321438718761591 -0.002466770624335157 3.096616912381295883 -0.002397624947096023 3.247832026865328459 -0.002087358897564942 3.606115041864217829 -0.001991505848573603 3.690214531501568196 -0.001719322175492667 3.822448663672015190 -0.001097762464922585 4.007123927984540757 -0.000267206233261193 4.175313358068490466 0.000372597805404652 4.570497805577577566 0.000848233198809984 4.631145632125662104 0.001620524813342734 5.012460922116873441 0.002332209453081863 5.231172381348109468 0.002813405947238367 5.012350559305406961 0.003993220908456338 4.157191640548928646 0.005329714876376389 3.596012874199786324 0.006344758915695821 2.333874562068142033 0.008280175217399360 0.893151579551799579
21.375000000000000000 -0.003077326013526602 1.016686963351036255 -0.002498685086896952 1.805300693142725343 -0.002299495749480725 2.138698664629276713 -0.002106491627198374 2.487231565285549451 -0.001874339789029199 2.770655449122444214 -0.001740594265164218 3.184664836839113278 -0.001571941105257914 3.036515675130462277 -0.001261266198891475 3.444657648980284925 -0.000768426977553006 3.491764794221650092 -0.000502232237981217 3.282687715151425323 0.000223621848556857 3.338675142688610542 0.001045188565614440 3.622190245095461503 0.001922826000669223 3.885247542975136970 0.002423158569645964 4.107484546123056468 0.003061070433971913 4.498848634293222126 0.003858040291425015 4.648552663861636347 0.004418214205745864 4.430234911191321956 0.005429485090635056 3.833513060359375224 0.006674899645876307 3.293393153957830055 0.007779278856214671 2.248610560699344507 0.008987929729615395 0.979987571777276800
21.625000000000000000 -0.004049719442492530 1.136278158148657180 -0.003485407741514564 1.690465230786603712 -0.003154902372358544 2.032087204492482257 -0.002956135831344547 2.588207134157241018 -0.002658381512190324 2.969185376782371488 -0.002589086470340870 3.377391146701349545 -0.002227280290038251 3.182325972687435112 -0.001902651114151329 3.436039907312394170 -0.001342966485420552 3.548160306735131719 -0.001000937013720774 3.145076739076386740 -0.000136492025132108 2.709269433407780703 0.001072886250551910 3.064444574586607128 0.001999925787215083 3.400310106313939151 0.002567942079967103 3.381086714534120574 0.003283488062512220 4.016506015732112189 0.004162762349143524 4.066877089311452309 0.004811529481370313 3.771594002505264331 0.006002793361002880 3.384503672531909757 0.007463539645271755 3.065227941138064516 0.008462700919297725 2.304546607203436626 0.010402254790228336 1.101341909895103610
21.875000000000000000 -0.006962653735934035 1.110012041424563556 -0.006088684148136618 1.628939137416914651 -0.005536906334085743 1.911921058428207365 -0.005233904017646979 2.499906084648459981 -0.004818830898573980 2.977943841287612692 -0.004558567852503821 3.227192382433399676 -0.004192742493981427 3.002560059562569883 -0.003629888138766700 3.153196466605584725 -0.002847303812989545 3.183592135153440861 -0.002363961244281008 2.778969902449290430 -0.001299698148752920 2.532580550630962879 -0.000000998881692712 2.755439591992458581 0.001108458128258576 3.063139201038266535 0.001933968547788030 3.119832336997310662 0.002717181286838780 3.480348580462134578 0.003716753554932510 3.352221752065585481 0.004636236259257871 3.143635054437897480 0.006286972184069768 2.876110127216906065 0.007938229135626272 2.778847075158914492 0.009114772535294569 2.176449439483133741 0.010919933516881647 0.908361039577249452
22.125000000000000000 -0.007604756903058254 1.105449098111961348 -0.006418026639185233 1.468435360750862451 -0.005646558121193320 1.882827366349341558 -0.005254802299659755 2.533003909087696570 -0.004880938612458376 2.973658836996137644 -0.004538439665156980 3.274599975230839011 -0.004234460026923643 3.117969182706366915 -0.003352832657175201 3.173276621373463779 -0.002649727224091741 3.252078878043728416 -0.002022872380920113 2.873506839957258308 -0.000974820611772889 2.472274209237175668 0.000317252161337125 2.766385709867805076 0.001592212345535648 2.959089161167782756 0.002498904330364161 2.820029182233596998 0.003441543361984610 2.775759727362220097 0.004802720590996969 2.765567899357473269 0.006054139958017321 2.684179056072077962 0.007964455431244293 2.377494932127267813 0.010005143527461159 2.441880342993889563 0.011470603440895576 2.096455746919003715 0.014441598186981854 0.871758545466914447
22.375000000000000000 -0.008494952447283724 1.149766169116310577 -0.007091455591761507 1.392658021210247066 -0.006115211751310436 1.863660409987935473 -0.005536068003175970 2.423099392363844640 -0.004955172379467378 2.948818408880782727 -0.004524276434367600 3.361429963335959670 -0.004145614996516580 3.187711915506308724 -0.003283975300024944 3.340320589771806237 -0.002460320637327478 3.381459099346266317 -0.001720869167686643 3.030368079512594015 -0.000577399947935920 2.696511189518628004 0.000674933596899361 2.863639725920239076 0.002075158747126002 2.645250663824068038 0.003212811474569035 2.574412964061566278 0.004351451771620488 2.293144118116760222 0.005867061610071550 2.303084156128904603 0.007476612963800189 2.247473052911372005 0.009562743383880957 2.074826994957725823 0.011488168005470603 2.467515826734917983 0.013029963605011708 2.112430166416599864 0.016199853806498986 0.874751343849893948
22.625000000000000000 -0.009778981107386418 1.091637249100794405 -0.008369426629462363 1.149517428276227271 -0.007437144940417553 1.593577598581241039 -0.006831360167809472 1.909486098857130942 -0.006151642279761301 2.376541080275207829 -0.005597025687094193 2.698749216906500159 -0.005106941838499504 2.667028409707116410 -0.004174432284430784 2.738128585351647715 -0.003317943999857474 2.925968671998187443 -0.002544436233050419 2.595135253856974522 -0.001218534026789522 2.143748174093989878 -0.000053683177194102 2.316253157699472265 0.001323985487649211 2.095810580360516262 0.002403600969321108 1.852683769501973998 0.003783713277267061 1.496551437893771652 0.005290793396267961 1.205688282548331713 0.007059019421739875 1.237595537295276937 0.009382255370178925 1.145980537199087212 0.011718590218172509 1.451064560056565700 0.013585552779082525 1.666940486863301540 0.017191289118226816 0.708968893532613054
22.875000000000000000 -0.011728612402908054 1.098387896744569492 -0.009890749482450063 1.136250073704594854 -0.008940063486358346 1.433731858509968982 -0.008168022913205607 1.708085845889895094 -0.007421801879172759 2.033818000411730775 -0.006633867681699974 2.373853595367175551 -0.006024298170563231 2.427215349444423964 -0.005026889656810051 2.596280284156646356 -0.004131107879017494 2.587295779250725403 -0.003343179444427157 2.529626758511624551 -0.002068449305802862 2.266814862087663585 -0.001094681218262424 2.283775542582827889 0.000352086797822556 1.902547169833127771 0.001633102498319059 1.689256484538438130 0.003082811213105413 1.166657755140957820 0.004698084868673220 0.654261280797756806 0.006686803261963784 0.924177393305125161 0.009115935015407499 0.780331458321616545 0.011481399040132879 1.129244033049903173 0.013706306845674626 1.516749006834258395 0.016495452305289406 0.662795999985308137
23.125000000000000000 -0.013391171146818242 1.088368407115241965 -0.011434626685425123 0.985848708102683657 -0.010384974414392081 1.212055225559260707 -0.009487005391891538 1.460312049770599474 -0.008687803643370070 1.755132571179945922 -0.007919819998900211 2.150810241517515209 -0.007306041997087721 2.571695275959433591 -0.006652504542661400 2.764296126051825286 -0.005965127007599417 2.741531043315316829 -0.005372930376615582 2.740573929369262807 -0.004263535126685631 2.174267091479456404 -0.003494511662776069 2.256793637650166051 -0.002231824938742312 1.826037948921494625 -0.001091531510961646 1.508039643412254938 0.000442050536184655 0.698320297553427061 0.002105806838472948 0.403735299878024478 0.004336237081545542 0.322153557919284350 0.006617291091029087 0.286661115846200187 0.009110540861344267 0.511469000898421067 0.012007947231170874 1.073180895872030582 0.016222512704756595 0.634374490253966750
23.375000000000000000 -0.015904030493601430 1.130755510949354559 -0.013921951439719183 1.069065911615426412 -0.012839956534970999 1.229449544990490750 -0.011991049323667922 1.468161361438344414 -0.011207420399127052 1.755362591353267332 -0.010440525459061137 2.063198084083207373 -0.009789926629301416 2.332155104205115403 -0.009452345247045526 2.720536630018807411 -0.008741284511907255 2.730257003063410348 -0.008219398576524600 2.816827038924664350 -0.007323793767225762 2.340896191324840725 -0.006672488945490301 2.164956546710684382 -0.005601588310161562 1.683169528185136876 -0.004531662960309608 1.395188560761810415 -0.003104456638253241 0.749822798528565038 -0.001539959623232533 0.274544182450640772 0.000482693025105566 0.185053040263819191 0.002952649718013352 0.056861210393241823 0.005268382063331453 0.187608571354973275 0.008451488859637044 0.977856541074044738 0.012717329388723487 0.701598255422752670
23.625000000000000000 -0.018887067740199815 1.125559598078017531 -0.016484181888195695 1.111276430010039951 -0.015083752426255691 1.382037585384225276 -0.014303056739476551 1.641886284512966920 -0.013417742419650918 1.972614427332412212 -0.012622431908478660 2.204076791320885409 -0.011805716440143884 2.664545715200084430 -0.011304713434790017 3.002841099896197186 -0.010568196186193212 3.057557665278790360 -0.010108886854920902 3.150019652759850963 -0.009513554727155907 2.702610546575034967 -0.009056813842167067 2.375315072397727434 -0.008129266876897462 1.987057170792532412 -0.007148081937984679 1.566977001180270168 -0.005895759043617913 1.090495527828059474 -0.004336707951735781 0.571168388566884566 -0.002253328083396858 0.221480906343359429 0.000259189616852976 -0.007980832700153040 0.002683321598804645 -0.065448559431804221 0.006005150766440571 0.913275218618338602 0.009453446735318246 0.808948135880819819
23.875000000000000000 -0.020357664849950254 1.159709402806472056 -0.017796619499857794 1.237523238565618300 -0.016211166687230733 1.451447419682200923 -0.015267800198970768 1.914527878952853701 -0.014251234899318489 2.087433137426753404 -0.013381844720567148 2.226026991308544645 -0.012480267910603231 2.773184097008700277 -0.011834824677097617 3.177522707689016013 -0.011216086118075589 3.270068796831407276 -0.010776286001453854 3.509514048252643903 -0.010388325918237434 3.279315895996584906 -0.009911290774664357 2.839758549715550195 -0.009094023905385622 2.405843143980766818 -0.008034377390945185 1.967937812582375212 -0.006901715090896966 1.592808338643915356 -0.005377566841986028 1.254861403063391556 -0.003195830520896632 0.494277867840157481 -0.000506603507142253 0.272686135712480460 0.001974203752225670 0.246176394017635858 0.005224977705649221 0.864760819480617116 0.007927919037954914 0.953370154454008079
