# Index(['mlt', 'mlat_eb', 'ef_eb', 'mlat_05', 'ef_05', 'mlat_10', 'ef_10',
#        'mlat_15', 'ef_15', 'mlat_20', 'ef_20', 'mlat_25', 'ef_25', 'mlat_30',
#        'ef_30', 'mlat_35', 'ef_35', 'mlat_40', 'ef_40', 'mlat_45', 'ef_45',
#        'mlat_50', 'ef_50', 'mlat_55', 'ef_55', 'mlat_60', 'ef_60', 'mlat_65',
#        'ef_65', 'mlat_70', 'ef_70', 'mlat_75', 'ef_75', 'mlat_80', 'ef_80',
#        'mlat_85', 'ef_85', 'mlat_90', 'ef_90', 'mlat_95', 'ef_95', 'mlat_pb',
#        'ef_pb'],
#       dtype='object')
0.125000000000000000 -0.028923204620856836 0.575109572825863724 -0.024581713332224767 1.488383795383756203 -0.022856517768737709 2.143524407984296776 -0.021553893807400349 2.610252159460970667 -0.020414087464304162 2.879457079811114095 -0.019394468030862529 3.150624957913712887 -0.018359700883518980 3.238501662771620992 -0.017315393233208482 3.301424626758658221 -0.016235340862120289 3.300023091794675789 -0.015043611220750222 3.331775601285779320 -0.013798641099276520 3.340904105893311993 -0.012483540178326447 3.488077494741991913 -0.011158876331472131 3.617331582536875700 -0.009798025337346909 3.731514692502448494 -0.008484428816274937 3.776178239295420180 -0.007139002573081850 3.694258487008780012 -0.005914225924255675 3.573747706910723299 -0.004664457101675411 3.353716457617721414 -0.003342494763151879 2.941476559984121497 -0.001906637554546254 2.200138310406964059 0.003995642808004621 0.660841292974214012
0.375000000000000000 -0.028445645822631888 0.573107310944310000 -0.024212799666432566 1.474956941173964919 -0.022583456420384094 2.142069502578589191 -0.021396041029193749 2.595012416472349592 -0.020368296191187622 2.858122509263118172 -0.019492855873632340 3.131032183382582712 -0.018602229916738537 3.205543924511709886 -0.017687280423346840 3.251260496905022723 -0.016723675071277304 3.228925478349031764 -0.015663112675525753 3.228406298983509171 -0.014526629946813707 3.214522020161694194 -0.013321714291123074 3.294467707332855877 -0.012082796215773501 3.353424640839144821 -0.010810764028467489 3.425247424676339580 -0.009554821088469528 3.423151939344462491 -0.008214447842848620 3.373010350525412537 -0.006996897748141539 3.270876918622156460 -0.005769525451516851 3.094044208869709323 -0.004493373501669835 2.705053688627820030 -0.003114298457253671 2.038133725798525475 0.002950118333170043 0.665551307672794246
0.625000000000000000 -0.027695747135014437 0.574260832018891776 -0.023642402319373378 1.428462251609639910 -0.022135275165787675 2.108522527649252076 -0.021062063704537160 2.558375332497366372 -0.020142043246344353 2.832867204859488730 -0.019375312273217749 3.084077608544643301 -0.018628245844391482 3.158701035258244527 -0.017844397883644576 3.203642897477154694 -0.017004819206693063 3.183061821692481086 -0.016126492817585960 3.154977784369055183 -0.015145065071526152 3.136463127151731811 -0.014086653787810505 3.157828302543316923 -0.012997277775460265 3.160592184039149988 -0.011836708725910056 3.183986116798454447 -0.010681149909345712 3.112450073513402415 -0.009412548980317431 3.055601554297189715 -0.008310423693725744 2.983842898719403447 -0.007167588387967685 2.834689189987312563 -0.006056237110954988 2.478080784873646802 -0.004666566885597447 1.879490445629809603 0.001249191177177304 0.672636966859545660
0.875000000000000000 -0.026896737931151670 0.569700826301108965 -0.023057287950120523 1.390462889187558782 -0.021654740452552591 2.051883832099244742 -0.020703787939890767 2.521314654871118055 -0.019920194226260530 2.795542836861185876 -0.019260795374029940 3.039212271555337352 -0.018643060372065860 3.115885846638902112 -0.017980763807741502 3.158691289849309580 -0.017264557006803526 3.163591281118328435 -0.016523586460756964 3.100633524368869409 -0.015668376454926275 3.057010095274942607 -0.014759074702962857 3.060320268118220888 -0.013806144041189445 3.022110636756754953 -0.012783343244204572 3.014970051994179556 -0.011747085502548268 2.936867384414575621 -0.010561510434456942 2.846158951516049029 -0.009576300548259259 2.771386312062324109 -0.008570138128328849 2.600773494852668843 -0.007520622022586890 2.260652744392114943 -0.006193452955511597 1.736575657746501911 -0.000356482597519731 0.657347746557339185
1.125000000000000000 -0.026194826851343198 0.603017945873825734 -0.022592865535317693 1.380239278800428293 -0.021301893211957773 2.014674085304905660 -0.020458352720565176 2.467408089704815399 -0.019772769258636941 2.731468602582049154 -0.019198244604570661 2.967058350877474826 -0.018683947530146003 3.046213719388691121 -0.018117908516552702 3.104502081809606295 -0.017540508738637807 3.122011281917936198 -0.016947779640056199 3.080572229372645410 -0.016255718322067025 3.054840291888241577 -0.015515901864965558 3.001154688540564219 -0.014724572055100858 2.945120137954847284 -0.013844099671610337 2.890606732742416529 -0.012981283440246036 2.821723860364852232 -0.011964554537787317 2.717581195580322628 -0.011108993328710509 2.626284641481756221 -0.010257497271697580 2.455254148639719691 -0.009473426442302285 2.143063471855921609 -0.008350753020290810 1.620316412840537845 -0.002346561152119641 0.668730887365816429
1.375000000000000000 -0.025345021342747059 0.602946131853390632 -0.022048852138571953 1.295222176461317432 -0.020936078997808635 1.921532964045686409 -0.020212996984338163 2.319963865026714700 -0.019657183960912150 2.585807226369392531 -0.019174156494559436 2.815814445942899980 -0.018755747314968600 2.897075653112841653 -0.018333978269605207 2.973403253717432637 -0.017896237998930621 3.007371189891872465 -0.017453846954133743 2.972527306557476656 -0.016941208448160092 2.917674945356616423 -0.016411072670164735 2.857310654698025587 -0.015821741502052952 2.763148276483463839 -0.015135835901619892 2.679252327521548072 -0.014463300249364378 2.592618416306031737 -0.013650582404857036 2.482662919572554028 -0.013010364931023184 2.362847643577461465 -0.012350017376180992 2.188981412143871097 -0.011835926312490483 1.909639961026580179 -0.011043730901007718 1.463914634873165088 -0.004749849844144748 0.661671793540953290
1.625000000000000000 -0.024465943086737767 0.602955188576039358 -0.021472995307971865 1.195344086997028210 -0.020511356020022940 1.782711922500393120 -0.019909849127182720 2.162119199430860395 -0.019464401884559945 2.434441541724750468 -0.019054293797438168 2.660509691214422379 -0.018714859781320980 2.748299745511866288 -0.018414814913729767 2.844561241138613195 -0.018096203273607715 2.876607337825034971 -0.017785265777852801 2.858166985873157095 -0.017412821342150921 2.796079835346186204 -0.017030910747357811 2.776760887781729359 -0.016610210841085590 2.670633974128289179 -0.016070183282882764 2.581923021566542076 -0.015554746557987071 2.500631114858257398 -0.014986202737191605 2.364065362968822193 -0.014592551043587495 2.230389379965166174 -0.014146705399528408 2.027188938399179463 -0.013808114662424665 1.761670529812467523 -0.013273249669951781 1.344048852389145621 -0.007432023760099672 0.632872140615734158
1.875000000000000000 -0.024238582952096962 0.577059136260073324 -0.021525898167734935 1.094251698077990165 -0.020708306660152984 1.616891201654980126 -0.020237110015987773 1.970529228355193840 -0.019905369448540447 2.239860332546704136 -0.019590235426016286 2.469142157220560296 -0.019357452339229721 2.552565088648098168 -0.019164089328550963 2.658580770141158567 -0.018947655520991764 2.679796379260402706 -0.018744164061186633 2.679381406234585317 -0.018511769467476132 2.611627072530581906 -0.018273581445930463 2.590840376438385384 -0.017992019064513282 2.494396973498763437 -0.017627828430060544 2.401052444826616838 -0.017288172815581732 2.358472809215411914 -0.016963798726101483 2.245868727447816404 -0.016751632776124140 2.092161013561742777 -0.016547803308787492 1.882647463294770729 -0.016454595649436805 1.620119523552827845 -0.016257286558473291 1.231207502888748584 -0.010379709054627945 0.629552520235215796
2.125000000000000000 -0.024271617479740690 0.578681849099024648 -0.021834612462026441 1.017512324142014757 -0.021163249435137310 1.512486855706388633 -0.020796022998872735 1.807149532726143315 -0.020530294903149223 2.071658530608650128 -0.020323692234935169 2.295887805497769385 -0.020183321552277107 2.380019110859396658 -0.020103872503774725 2.479404262361541544 -0.019974791769976137 2.479053526540672348 -0.019902683992615876 2.506092203014477882 -0.019798140961363685 2.440321782661389438 -0.019679043399649140 2.417783607278286784 -0.019534074602668212 2.309306747886740396 -0.019349786099636196 2.218507955833926459 -0.019175966925788494 2.171030958755190809 -0.019105885664205850 2.069221290513551637 -0.019111927098646616 1.918636672103003704 -0.019129718578897018 1.747502662046096944 -0.019296200240505698 1.472181119982852060 -0.019310450782689559 1.106408599459115738 -0.013557485982242995 0.613749161281472499
2.375000000000000000 -0.024519001889107404 0.529098302861760739 -0.022257354028735968 0.900982273193990157 -0.021690750088731222 1.352036121857651763 -0.021433338721921311 1.608583877673133822 -0.021246003133306154 1.857703792000324317 -0.021122379834647410 2.063037957008465373 -0.021079638836591964 2.131902915398749876 -0.021073870220165894 2.242027175892395086 -0.021021561955432762 2.238049171942837479 -0.021045703331135122 2.258372302234259887 -0.021027381226726635 2.205442263560940308 -0.021032362573031933 2.190232569853373779 -0.021019967029899396 2.104357854683290618 -0.020992337129425838 1.998346979444143301 -0.020980415352810932 1.929407330268512633 -0.021089528701778704 1.862945538047882765 -0.021289606792040824 1.735594422376045998 -0.021639162060328010 1.573792365836326645 -0.022060229773084222 1.322213441155525082 -0.022246563669808168 0.991803224571687791 -0.016837122183849897 0.583423845036070921
2.625000000000000000 -0.025530909336992685 0.511471493331615901 -0.023365249609689512 0.832765027039380712 -0.022824184834275639 1.228307534830875625 -0.022630002593995339 1.484930249543333414 -0.022493541350578832 1.688578511334310583 -0.022440720031585329 1.866429630944210549 -0.022440794818184791 1.936029510269432041 -0.022474931559167223 2.042735162223795697 -0.022471551782845076 2.041863889165855372 -0.022553864569651732 2.068279160694311614 -0.022583241802420547 2.004838399280076899 -0.022680707810249473 2.001641891059179112 -0.022772468988016686 1.946117049446618008 -0.022883928716663494 1.850830584134045553 -0.023025402231752031 1.792375137021858578 -0.023344513202177338 1.730847778981585927 -0.023724531363933307 1.615174570091143291 -0.024303315800291499 1.471192049314021810 -0.024934463529266194 1.227597099881431841 -0.025152395885525720 0.931639125267388457 -0.020086142163774363 0.566540683812096102
2.875000000000000000 -0.026292354203202192 0.490515789633321486 -0.024347038131808697 0.779031333314696095 -0.023954632278724068 1.121816663186095298 -0.023854020423187346 1.319635881301190361 -0.023816093026082608 1.447564859866108389 -0.023825509977065798 1.590405029003801207 -0.023892832576513715 1.651091971471172482 -0.023969651617439143 1.721969923744380404 -0.024014191423785088 1.744937336198496558 -0.024141802619710467 1.753128132853363219 -0.024256419178464956 1.736562242345381257 -0.024446753750366836 1.715887470522492464 -0.024660039702176666 1.710529963435812650 -0.024972466145007071 1.637080713512540697 -0.025331033768419005 1.580206038103942667 -0.025854019161883023 1.558901028625846008 -0.026468806616487681 1.450326292043435439 -0.027309002424816882 1.326957924878232831 -0.028232450965843595 1.098303124360542338 -0.028654208877213337 0.847773973820561633 -0.023847669780796894 0.563330974990217781
3.125000000000000000 -0.026370307773364771 0.515900804517437028 -0.024773504391865479 0.762411687928777448 -0.024525389276614198 1.012629186103254142 -0.024550309830859481 1.177633458793630128 -0.024621244402769315 1.280686140776307713 -0.024685371429593008 1.400289223233512015 -0.024796476799014974 1.412645468639789792 -0.024929281883443410 1.476929925089828233 -0.025019171850208001 1.483881862262742102 -0.025182962680851805 1.489662364764850144 -0.025358297172148464 1.462432449440348448 -0.025607131322255946 1.478091299073141185 -0.025894383729245855 1.452434894993175130 -0.026251183389274735 1.418096978461982127 -0.026678500787062045 1.399520891957059643 -0.027309786467899326 1.350501819607104581 -0.028051107394818676 1.280419711402802196 -0.029031089048263983 1.163195782814750778 -0.030009636816485080 0.983039280153193751 -0.030605773069853182 0.764124554719420312 -0.026844573377296888 0.517794968183353688
3.375000000000000000 -0.026593051742188244 0.505621329800634234 -0.025281140661322980 0.708430751082942511 -0.025157111724673647 0.901627791210636409 -0.025271154608055554 1.032002988620229544 -0.025422335184379880 1.085281526067777502 -0.025550552453155181 1.170425538978208335 -0.025726993598097672 1.164892536577486926 -0.025919962199842776 1.201386955585879823 -0.026073878374602347 1.212680384199056327 -0.026289005948541028 1.209234465469299913 -0.026519547121744404 1.192983854617992057 -0.026854937345393785 1.204715057082441199 -0.027223956032708985 1.207294676936634392 -0.027701790236142918 1.183786288730710234 -0.028260001950166418 1.178544591172857370 -0.029030714763314844 1.149658950950902536 -0.029927950221119860 1.091380856315905312 -0.031061631377679342 1.001913147984722308 -0.032276775626416877 0.861532658234815951 -0.033077716860942699 0.680385920641060959 -0.029655893623870624 0.498667116452876646
3.625000000000000000 -0.026534468373655494 0.511038691228190678 -0.025526942939258210 0.665511093864100234 -0.025530959743238796 0.804818103304440480 -0.025725059449039692 0.898199195827321772 -0.025961623887988797 0.909623415467657348 -0.026159261233044278 0.953949056757635749 -0.026385165575254561 0.955319921788703286 -0.026635219462720367 0.967792644730391838 -0.026861105156634323 0.980130319422812035 -0.027125905994818067 0.959082443944164753 -0.027433999509980898 0.958836597957740566 -0.027841610707207441 0.987286167537328230 -0.028281624517047205 0.996444978879629240 -0.028851532122028931 0.997214217964130456 -0.029518835557067039 1.000485860961974449 -0.030401873810766936 0.974496396893655747 -0.031455695095975025 0.930342630162437567 -0.032780163125508952 0.857837384552637028 -0.034171591514953942 0.740384146103677421 -0.035174284121896320 0.595800530664249872 -0.032370572655989728 0.463815414264817261
3.875000000000000000 -0.026485745473739893 0.504051230848697407 -0.025744500588205127 0.626446173611330592 -0.025852273843620075 0.707809846787001540 -0.026159554840919377 0.765981749048760041 -0.026490482938304617 0.747954378385270013 -0.026752804027825924 0.763188828042092204 -0.027036372055007692 0.754778556615054330 -0.027338135982609129 0.751638126881918223 -0.027614572069172567 0.758269820619705825 -0.027922578172983149 0.742303521913146636 -0.028305264416949607 0.751666144500961253 -0.028757503389044863 0.782940396688079909 -0.029283307020625083 0.820857635591990542 -0.029936691762378433 0.818728635421507422 -0.030704058322898659 0.845239275927178846 -0.031702584140305308 0.835311742036365601 -0.032892266365090121 0.795913806108544897 -0.034379723984160254 0.732729620822636707 -0.035943806918207991 0.650659471783198828 -0.037152061447733933 0.531632170984550401 -0.034693406987998242 0.447378090024532105
4.125000000000000000 -0.026329698063675116 0.495347575545554974 -0.025826034456450018 0.586840473422703068 -0.026036280739476902 0.621502556786478588 -0.026406850417048437 0.646179100309942078 -0.026800481322423103 0.591773273879937278 -0.027116276060732050 0.588775966257226724 -0.027436056281581134 0.550845377257754398 -0.027779440065351747 0.543815474245489372 -0.028082945600593566 0.537390855478054319 -0.028421055713231429 0.522716151665315931 -0.028839318008385066 0.520438284693232056 -0.029324736283845160 0.559797958337210133 -0.029899807452082632 0.605115391199783192 -0.030608637766060987 0.626627242196077794 -0.031429605462825236 0.677247818204017804 -0.032510220803753480 0.665572389889340976 -0.033769144076770598 0.643133822055450000 -0.035272730218809598 0.593333819478233826 -0.036852270606567622 0.528564802878993101 -0.038107389302060521 0.454506113193118511 -0.036052420018086825 0.414872057462369714
4.375000000000000000 -0.025870266851671746 0.475844724447220424 -0.025590122846336931 0.546299889569709429 -0.025920081881197862 0.548089241893920498 -0.026366615214087414 0.524239426480775594 -0.026799111213458800 0.457998446844898988 -0.027142673447659537 0.431872853134070922 -0.027522781673864516 0.385658387943683123 -0.027900686838866703 0.373059256929330230 -0.028257022467729882 0.359906775952977043 -0.028631284870721172 0.337603545675262684 -0.029108789579324768 0.335846930255162657 -0.029643728770352779 0.384204148958884495 -0.030266836798830157 0.436679939335200606 -0.031035174430113714 0.475293126207139371 -0.031915217985136385 0.525476470339062751 -0.033050714367446131 0.516547292023903926 -0.034381939862975414 0.507728238239667062 -0.035937654132119169 0.466158955293878074 -0.037475503014955218 0.414097991537705490 -0.038742410162596962 0.377610655769466452 -0.037147970191521537 0.381489613650769943
4.625000000000000000 -0.025764643182849638 0.464664898529498160 -0.025603724724880483 0.515707009170038200 -0.025946803641319113 0.491076401665171802 -0.026428558720569904 0.454779560814394912 -0.026871987407201866 0.386337635422731307 -0.027241711928440236 0.360838732008683327 -0.027639906949457709 0.308954188560380649 -0.028049532178659308 0.278935278015840671 -0.028437234681033177 0.257396162960706221 -0.028846105540311900 0.255412207828103255 -0.029346145922148171 0.238835980131632319 -0.029910484060864106 0.290466125229601302 -0.030542770142857518 0.335143857263661582 -0.031312285230807521 0.372485038115406009 -0.032222189703554671 0.423439903124087191 -0.033384247926313317 0.404330460189896823 -0.034698445291229806 0.406117423985221881 -0.036221858202742423 0.369512141874138111 -0.037703420456536726 0.344372481991309765 -0.038922238069851262 0.324440711990547026 -0.037564838303363234 0.357599611820995866
4.875000000000000000 -0.025320770867896168 0.438866346303725230 -0.025242171171390469 0.479951594864684528 -0.025595173013802409 0.432755170284122748 -0.026096888713364765 0.381558108664852291 -0.026560139192939283 0.305952844354209885 -0.026976234626994038 0.282028457020985890 -0.027427903304788961 0.238447447679390134 -0.027882579918369864 0.208228915649290330 -0.028306324395273114 0.158340117872362296 -0.028753828208658308 0.151408043531481434 -0.029280636399025419 0.138647536126289078 -0.029887455797492541 0.195249794431420709 -0.030555303204108566 0.230459438600971039 -0.031378490568053023 0.260094119548112901 -0.032315066445380576 0.291710537785987378 -0.033469212238471636 0.300802904290089934 -0.034756377638756379 0.304277124401678201 -0.036249081349060831 0.268735817204585503 -0.037651614973842347 0.269124608247820862 -0.038842428937481972 0.272772063174046620 -0.037324816299929557 0.318845820504928712
5.125000000000000000 -0.025110384803530617 0.404549189735455395 -0.025056862936189948 0.436794308121071506 -0.025427338848128957 0.396220904399070206 -0.025966349856627231 0.327094925798810221 -0.026436567182496290 0.254644052390327502 -0.026858960592650305 0.229737595663637217 -0.027326476224193541 0.210062551956462173 -0.027803242974547875 0.176697670611478536 -0.028274582957499111 0.118326858601738361 -0.028770034181772527 0.114650776298631116 -0.029335269441411488 0.107354129875818008 -0.029940790301851372 0.154149487787246686 -0.030609619461385178 0.202634152516056321 -0.031442774150184920 0.213698436331407587 -0.032369468777496982 0.232265450402123569 -0.033507180692626211 0.255295325011188623 -0.034767018180308543 0.255382266319759410 -0.036171387367964804 0.223621410840028373 -0.037542978811852624 0.211572770481274042 -0.038566572639972999 0.231502963768056125 -0.037110220929418250 0.299845628055554703
5.375000000000000000 -0.024690051872709059 0.387885580748863590 -0.024684642175572587 0.414567791628231097 -0.025059617235774160 0.383545506715559759 -0.025592863627665583 0.321341256994561453 -0.026066056255945352 0.239861392825279102 -0.026501509020622156 0.204586481478165938 -0.026978257877447624 0.198878172308902451 -0.027489640787225187 0.152543839934645181 -0.028000765265176506 0.107854814965321608 -0.028522846903257515 0.098665625509989918 -0.029114835487687559 0.083211579340606273 -0.029742009887130560 0.120368811149373686 -0.030427039389509618 0.168348898902738686 -0.031248007656021100 0.175056939708456066 -0.032179720887902892 0.202841698564786455 -0.033284311533206962 0.218502327752838121 -0.034512186020770420 0.215912697024489175 -0.035844314928203821 0.189800291606097959 -0.037200103919197917 0.181070251666643561 -0.038181058364249718 0.208148825766393430 -0.036658493600887285 0.281456739052525218
5.625000000000000000 -0.024182560541787725 0.361534363216151178 -0.024134687760130953 0.405722410883161189 -0.024495445901907779 0.392408318937318479 -0.025034980526020711 0.332773306504956512 -0.025473762706815707 0.251476000596609073 -0.025906669910255194 0.216564805043462150 -0.026380594545200163 0.226378297260930478 -0.026897642976260409 0.171259354361414345 -0.027405811632992008 0.140153784645594054 -0.027944388861863977 0.133024235673027125 -0.028560924635985818 0.113300245583060274 -0.029178758838414830 0.143079449055537489 -0.029862269905895810 0.181592525670292076 -0.030682565642916774 0.183650927520418839 -0.031620516882192556 0.190248909992342424 -0.032670457025039130 0.209800714416127826 -0.033825184976472300 0.207083013439041369 -0.035035220489215937 0.174431727589249380 -0.036220896594771575 0.152326787784380163 -0.037041772585680102 0.192161903179598553 -0.035871229256835516 0.258944225184145616
5.875000000000000000 -0.023601038792356071 0.343144289707432160 -0.023395027340236563 0.398395016158263338 -0.023693449183142420 0.405670335478260258 -0.024252164903624654 0.360404159405398161 -0.024679608752300158 0.294407935039783630 -0.025135583843011219 0.277062331540837703 -0.025614618092830298 0.272622982045209572 -0.026126305452016631 0.224241212735911327 -0.026637863043957554 0.187153258760122815 -0.027202129535377508 0.187030763899205282 -0.027804545687579514 0.180053878557151187 -0.028418897092966074 0.190734955131476924 -0.029099512726854154 0.225439160209225053 -0.029890868513008866 0.196542334473531921 -0.030798832727444592 0.203989533114409038 -0.031821196922251944 0.221545218210263822 -0.032862184649833301 0.215208463097740249 -0.033924187389231267 0.182962720811819024 -0.034936974831650751 0.161370853105422124 -0.035579918842777336 0.183629423687627691 -0.034427073466487830 0.242478359858609965
6.125000000000000000 -0.022265759608760663 0.319468988869452908 -0.021949354230747609 0.381767811393605716 -0.022307184292298304 0.403130920559556905 -0.022865414696309767 0.364954434858773547 -0.023287802347812345 0.307519909636345845 -0.023753947518580995 0.307583284026704928 -0.024227942117692369 0.300152736453547064 -0.024725305011443290 0.249892433918283002 -0.025250683008052742 0.222460216061336147 -0.025827370437031656 0.200799543886460319 -0.026409151891835334 0.195688767333859481 -0.027031697894325794 0.205412715431694343 -0.027670675662483372 0.216498402092289072 -0.028425875505009263 0.200907411413596249 -0.029323369222773014 0.195570140824847472 -0.030284144278175797 0.217735808320091401 -0.031221123891426630 0.213276849145026898 -0.032155663381437015 0.177386372377337787 -0.033037830950147479 0.164613703892069418 -0.033554029406267893 0.174547073468452552 -0.032333582005369566 0.221790632318724173
6.375000000000000000 -0.021155602594903074 0.313287558627878215 -0.020798924713998902 0.385098703845842050 -0.021181592733374204 0.420456334227792106 -0.021790568609393188 0.406286282979465507 -0.022234138003416299 0.365387442617159885 -0.022740835805573983 0.380508453652492917 -0.023228452503576344 0.403750066025720611 -0.023775253447514556 0.342285530521703019 -0.024350621225206742 0.314893875593923622 -0.024951234066464927 0.279070294392451901 -0.025550773327639990 0.285902375953418608 -0.026179256806120526 0.273109449451158726 -0.026793602479262862 0.267767164953223724 -0.027525701573289946 0.248163020464115952 -0.028399587356016647 0.227075101587074335 -0.029313851124626578 0.258726477022503787 -0.030210647019889340 0.245626402050338116 -0.031029780915844799 0.209742300977382196 -0.031855423011381508 0.204110556917658531 -0.032378444427466735 0.190710185251195125 -0.031214370441470213 0.216835356993019396
6.625000000000000000 -0.020306085654054402 0.315367076673526703 -0.019856986768201974 0.377761595200764022 -0.020162587775016894 0.413225486102310413 -0.020759470204906427 0.425244006074261882 -0.021256155775025452 0.402654074700390663 -0.021794452095161562 0.436819887652804051 -0.022277687862429334 0.458396510330977225 -0.022810784980593222 0.397983774060019224 -0.023384986088381032 0.371119486578279922 -0.023991914279005096 0.330196753681321176 -0.024584546625889096 0.343697712676438727 -0.025178220690630509 0.316039759876752813 -0.025748424732592350 0.299597862998356668 -0.026442165260143549 0.270782585681608456 -0.027257666354937003 0.244716572140029343 -0.028065603754459302 0.274823104917890138 -0.028807121658114412 0.271051778083115591 -0.029484252154526117 0.233782227004168314 -0.030211808709461076 0.234323352336946317 -0.030699699663498930 0.205922846829027562 -0.029834710050017307 0.214214486535418414
6.875000000000000000 -0.019058384994109903 0.298173648250748435 -0.018545884093379365 0.365586096134473515 -0.018807262718843511 0.405049821138555644 -0.019425602382514645 0.436023288683227150 -0.019984001018062535 0.426505654216615071 -0.020535101142425800 0.449562143606334341 -0.021051566288883460 0.483118787314710529 -0.021599483742906489 0.437147830077198485 -0.022182153775379999 0.420910139550456086 -0.022779990299928859 0.363018705082386817 -0.023377421373892003 0.363362691803592153 -0.023973074302443137 0.343066826376395351 -0.024563109899434735 0.314873374610413481 -0.025231943502127131 0.276917031523785107 -0.025964080899681660 0.251962120975476489 -0.026709983698373917 0.280609227868435895 -0.027379172090398297 0.276137603959358102 -0.028013302056936376 0.252056021179281164 -0.028738294083014582 0.249822555722463979 -0.029227271233577080 0.216661396402841211 -0.028422211795062997 0.199898340696818055
7.125000000000000000 -0.017905565510622765 0.300245395930724024 -0.017423516520733356 0.366524755753947273 -0.017684452871219464 0.417485795229645906 -0.018289207632275872 0.464950164712541636 -0.018881341768753966 0.467804798553885459 -0.019408807376580326 0.475612548506918809 -0.019916227280467890 0.514153509311114032 -0.020437785631141826 0.478676122041293062 -0.021021605812905932 0.476179051436693812 -0.021621558666295695 0.438280317974695244 -0.022221438655474997 0.438385385391322713 -0.022810024848892572 0.405215596565078384 -0.023362754904034170 0.387145402213514955 -0.024013599821003810 0.340812080652897031 -0.024708454123225282 0.323064676920139016 -0.025407426826895192 0.332154566382816263 -0.026016525963938740 0.329625907377460281 -0.026562902125705581 0.322026634158175951 -0.027294387975867657 0.303308965711437173 -0.027889115409180005 0.256878768869539809 -0.027475632702249397 0.225163147707312938
7.375000000000000000 -0.016910040975958787 0.304729509874122229 -0.016482272645333751 0.370092559986186564 -0.016784085525406969 0.421338807300699891 -0.017362400901214464 0.486957938005627644 -0.017967881365086487 0.513542357687775008 -0.018503173613841632 0.518648301692209324 -0.019035746922601904 0.554727046457460737 -0.019569956528114659 0.528946949941217937 -0.020167770583876022 0.536672759684567180 -0.020752430718975399 0.496273075300385058 -0.021327575330314472 0.509971009149994825 -0.021928531917640392 0.468910889089609373 -0.022500764576967012 0.444301220987687318 -0.023106829242982477 0.401263935222123558 -0.023814436354658276 0.387959511536103419 -0.024508645116698542 0.374215856506131206 -0.025097233769285923 0.361356677712211083 -0.025681188903846582 0.361469993408056967 -0.026371277788025872 0.330911518057193321 -0.027037654619561136 0.274429138249220939 -0.026235202817994178 0.215387377028112753
7.625000000000000000 -0.016387456651870851 0.293439399991031746 -0.015855506969632952 0.364675572813978943 -0.016098669338003857 0.443034142206199077 -0.016732744324419832 0.510688017176018083 -0.017303141989543972 0.549801917242204174 -0.017854443377684617 0.571256425334620066 -0.018332802045374488 0.606784376397581870 -0.018866827973000908 0.587838846876573839 -0.019448646102515833 0.605296334772353894 -0.020000635490612328 0.548368517630807073 -0.020542863469258803 0.566671164553017359 -0.021074852731711759 0.534854870513322034 -0.021573033925587067 0.514396342344011548 -0.022163692920591515 0.470143925868311108 -0.022843811750208557 0.458300747331859770 -0.023538538614509514 0.430218189917897453 -0.024125457638552925 0.410768403169616547 -0.024620897275621310 0.414176641408174784 -0.025240141481564813 0.370369516246710717 -0.025874461519547243 0.292978832176833959 -0.025405149795118660 0.210294902848274151
7.875000000000000000 -0.016462632013325328 0.281990841997431907 -0.015775841737947906 0.346556336012294963 -0.015896457297742164 0.412042771443013711 -0.016465987780786978 0.486067379443469560 -0.017038361604623159 0.554715672698518403 -0.017583248718883258 0.595120684428410929 -0.018038993956275236 0.641545096413439375 -0.018493748735304322 0.637877272546327090 -0.019048278976928169 0.649332041821599981 -0.019581556553431783 0.600047896679346104 -0.020113868303864961 0.626736382123016633 -0.020624579555980328 0.589715902582307883 -0.021125507593394315 0.564025202282323890 -0.021664277775718475 0.525405249394503948 -0.022284366670090355 0.520296304607338667 -0.022971629773066122 0.470989306526286455 -0.023484194328467312 0.453597012467848171 -0.023996574186504572 0.440310765236966939 -0.024594360029244849 0.397498893588297320 -0.025264432395494890 0.297871848655873239 -0.024505334960503798 0.207073551422519431
8.125000000000000000 -0.016300814641523557 0.257030897962784333 -0.015551315770114666 0.321526558080043989 -0.015590719999848207 0.375068277970783570 -0.016034862648803085 0.459750506693533290 -0.016559736202057987 0.532457401303024214 -0.017017076446018371 0.570650681397543602 -0.017386436983694482 0.627427277997108401 -0.017800025226341845 0.630064064484984532 -0.018338780993973784 0.664479801369193823 -0.018828066094582822 0.614642173486465437 -0.019285044572484211 0.633433595023336182 -0.019744958688804028 0.616489138397084191 -0.020181041605038589 0.576493867061713461 -0.020666965397212477 0.554692407397075038 -0.021261626296177755 0.533859050259619994 -0.021852515878034353 0.480732316690003547 -0.022342397003564586 0.458708736307545273 -0.022800903286244369 0.442504392154707604 -0.023359016492685226 0.400693858040122919 -0.024003618255616681 0.295601790315612900 -0.023116086093239657 0.199246685944275692
8.375000000000000000 -0.016973359551199101 0.229483466679183817 -0.016218727000874164 0.300786298935803942 -0.016032773126104412 0.340842146114597622 -0.016391427529174739 0.434522063351227616 -0.016823363207369144 0.501414203316115747 -0.017163084886895743 0.529872601130468746 -0.017491082622578136 0.587644080271437885 -0.017869957910009924 0.620930632530587889 -0.018399555319081481 0.658969439048790684 -0.018822961905097021 0.616149081943019206 -0.019239555117887927 0.635522240169497432 -0.019682935865821979 0.624789166049604661 -0.020073835742681411 0.587353258495062702 -0.020515975715451128 0.555133305954636724 -0.021004788053310061 0.548632240051972420 -0.021548600782117483 0.472960511788530491 -0.021956571307064968 0.453878606391120487 -0.022316235869194564 0.434005748698155336 -0.022793261841674104 0.384333663781626034 -0.023298198607261258 0.292388972074158704 -0.022889371736540105 0.179930212672899464
8.625000000000000000 -0.017029298658434035 0.207123642162800409 -0.016241752340174963 0.272310097546648866 -0.015955073469791317 0.305108498670650541 -0.016173062713747827 0.383587842322465733 -0.016548786520755802 0.461444657419202486 -0.016795711760402964 0.487398606889470898 -0.017046612879177789 0.539732406757503114 -0.017339800188540890 0.571934049905361230 -0.017768389696427574 0.628168832402566379 -0.018146125981496463 0.599578225409562182 -0.018511592542712042 0.605389230346975782 -0.018934422440605520 0.622097037253949936 -0.019281435045830648 0.588134233005272455 -0.019730466455551286 0.552134955450623410 -0.020130228471620559 0.550625170398487351 -0.020650785128351650 0.466443394981383541 -0.020950166036144316 0.441052337691272223 -0.021332228030703362 0.431808433705064387 -0.021813051734773079 0.359018346326103022 -0.022227181225615133 0.272936301386775382 -0.022402354229348966 0.159275817453839980
8.875000000000000000 -0.016552350668569457 0.163903516287780604 -0.015789964997970585 0.220887247920980717 -0.015405526043741700 0.250117193430449303 -0.015470750402268377 0.324087626474603208 -0.015716554694069129 0.398183628447253690 -0.015897519214537723 0.410699813422112703 -0.016176500883720434 0.469555449569350247 -0.016454406021196528 0.506031856887164455 -0.016847563670593365 0.552055440532891684 -0.017174351779431871 0.549822510765510031 -0.017496367984038644 0.567929645822942364 -0.017920061222349154 0.584537558369147225 -0.018267553700212359 0.541437961918299626 -0.018655659762212919 0.497333842476541721 -0.019003231797779595 0.516356516195588422 -0.019493986434899423 0.422565837984346881 -0.019804495064034148 0.392995327186823007 -0.020228564122130074 0.399166557167745517 -0.020809842016724207 0.316461464578793927 -0.021218569361389720 0.230078118638597118 -0.020866283798676184 0.127648639483009779
9.125000000000000000 -0.017525898172685437 0.189940696415086790 -0.016759615864690873 0.249298259966521135 -0.016595461007811729 0.287256542538692095 -0.016695301914903850 0.345709616214278315 -0.016942943062659092 0.401923317039621308 -0.017167619929328977 0.448915490352222890 -0.017497658122618959 0.501130661484145534 -0.017715709611040145 0.511877506944053984 -0.018062144466516564 0.530539608814210695 -0.018366758222362067 0.488214169653054253 -0.018701898971834913 0.513932165415109887 -0.019042463599435292 0.515367785964223390 -0.019333557884500644 0.482979163936678835 -0.019706052270372490 0.466817535039474152 -0.020188309203894163 0.462447341562784109 -0.020827021371059157 0.428101060791689247 -0.021208698924688303 0.387445043605151529 -0.021595775528485121 0.367082033519008644 -0.021965589356972074 0.314020066734903236 -0.022378462593251745 0.226998236671595965 -0.021442032304703932 0.125031814336218433
9.375000000000000000 -0.017791475464037247 0.176714896709362190 -0.017029218597477417 0.232590500705834285 -0.016664992241751431 0.262165664948290300 -0.016645537812927384 0.328517670432442566 -0.016826680065774337 0.377715247913987640 -0.016957539002024482 0.419305671234220356 -0.017250138620457219 0.474394066479475851 -0.017450462273756750 0.498945880035982114 -0.017780303286495162 0.527186710078813792 -0.018026304245624736 0.489684207451986042 -0.018291121525320878 0.512128073220925795 -0.018603782555514689 0.511568482927833301 -0.018882202440892101 0.490927749812668290 -0.019209115986836514 0.466135913590338402 -0.019627912295948503 0.468701936407826203 -0.020218807304656247 0.422751091318193106 -0.020568679547235312 0.386495624025297191 -0.020866403968133780 0.365531861386417800 -0.021209453117480775 0.304678997617263303 -0.021539296251992815 0.224182241185921338 -0.020898169160557128 0.111564231373307468
9.625000000000000000 -0.018243104739644422 0.165320568486459651 -0.017420202744608961 0.215243550476564016 -0.016932073886004217 0.235377337960327920 -0.016766325869095336 0.296621396657675007 -0.016847029155195724 0.346708038998198242 -0.016869197762513936 0.390864930475770922 -0.017058352848838512 0.440518237984961203 -0.017165367196572200 0.470352547277956945 -0.017421399450177899 0.508475056039722317 -0.017649106220861729 0.481029650974336198 -0.017854933577034687 0.497439393804898822 -0.018154938194836712 0.519274599991773167 -0.018431512019464195 0.503183509924617578 -0.018775094919730111 0.476741699173389044 -0.019171124648872169 0.477141511270117280 -0.019778873520070933 0.420245252294887128 -0.020103922042358592 0.387855658543640236 -0.020380042161040814 0.367186968260995839 -0.020665264138628126 0.295968797673368367 -0.020934142788783097 0.218642476468152491 -0.020675958772895145 0.103603635039763761
9.875000000000000000 -0.018047546787789089 0.138810150270612914 -0.017241200303651432 0.185637320572222181 -0.016715373728892882 0.205758968524585029 -0.016461496074696727 0.260466677186321161 -0.016446979224234225 0.304391411703650805 -0.016359994927850209 0.342517795833149175 -0.016445585314609518 0.396362347935189874 -0.016531245929594787 0.427303718678587852 -0.016763429140593755 0.461061543806686069 -0.016942028941207277 0.451751229208155192 -0.017130944137629979 0.472422986312573789 -0.017431545965016997 0.496826985317185554 -0.017708661243475587 0.481017845266402178 -0.018039557732329133 0.456070342893380387 -0.018424797124732824 0.462450025945135290 -0.019038588146578213 0.406052087888249091 -0.019348490251158132 0.367417709297088446 -0.019631338168757003 0.355180421674220537 -0.019958951091922257 0.272586110263602299 -0.020185125537558451 0.198826909874933316 -0.019646392715278210 0.094832936776006529
10.125000000000000000 -0.018010097592357745 0.124942010697886324 -0.017256502681775938 0.167667451474532242 -0.016713674223998179 0.183048075509281039 -0.016328309115104214 0.237560153993089690 -0.016146641921201601 0.278131040464933366 -0.016002651811870449 0.316629949769856478 -0.015999210023983922 0.370454238546330250 -0.015991530628185351 0.397288120988158855 -0.016175318990538191 0.430893774699714349 -0.016324330815095975 0.417422870099240229 -0.016441337690270799 0.450963223984716555 -0.016693411497230654 0.462592546696849516 -0.016865242023474347 0.462273634598044270 -0.017162311947650829 0.453399360999576340 -0.017547704733201365 0.456280703654826425 -0.018128276971597811 0.413742352431490934 -0.018442365471998824 0.364751662005216137 -0.018633520067583328 0.347534961776817697 -0.018898261578036760 0.260962716274976303 -0.019137213027264018 0.188275487876543524 -0.018498896799929356 0.078108853446973797
10.375000000000000000 -0.017624113880443836 0.102114759739081726 -0.016812589424149416 0.141639092329922972 -0.016271955330039944 0.158250226528303312 -0.015867421982865830 0.194111130167632123 -0.015619020397065333 0.248599787981092418 -0.015446308673346867 0.290266703311212459 -0.015356944010825303 0.339013579198041981 -0.015284860832233391 0.366378873526088611 -0.015454689912908430 0.391448118625312980 -0.015538648787016664 0.368975215685346081 -0.015602737561430078 0.407007373330382671 -0.015823639836055108 0.421754210590779499 -0.015994045067348327 0.411376682226695378 -0.016207945491154768 0.417364806438675739 -0.016565200977624022 0.418422696920627557 -0.017129830563516663 0.381171180438711010 -0.017425927013746813 0.329105599596223819 -0.017610593866658739 0.295772673301040623 -0.017804777320477163 0.223444717279774968 -0.017974280660862971 0.151065904414903612 -0.017580185516522268 0.050838093641805707
10.625000000000000000 -0.017390634252763416 0.085429959115695717 -0.016517403459946990 0.120729229384692133 -0.015867590120509301 0.142624975260032177 -0.015388092089538815 0.177523339896701576 -0.015078507197369891 0.213336516804995352 -0.014930911115758099 0.268240208135139491 -0.014788724954845124 0.309199681524742753 -0.014654814887569737 0.340643600346477615 -0.014778129994990270 0.362813796653897791 -0.014789404445914141 0.342703313446912350 -0.014796318920052913 0.368457896654350858 -0.014949023899097110 0.408577723372894275 -0.014997898775988420 0.406293392308815671 -0.015148856098149576 0.412006805788967423 -0.015392450897474602 0.425870781422582056 -0.015909393064583773 0.391164368861444900 -0.016158480456070760 0.344389609699736643 -0.016321502326793108 0.302512269040133619 -0.016431477433489609 0.243156082638766619 -0.016589165316382680 0.167383136915297992 -0.016356204853063237 0.065806372909710059
10.875000000000000000 -0.017134049083360428 0.072148783324196900 -0.016262988801506038 0.112244546903082415 -0.015590923578851655 0.135951072794802508 -0.014991957928577007 0.175236030237730517 -0.014595855052734395 0.210727715571652124 -0.014402006232546382 0.264990839437871106 -0.014274875357776605 0.299167644116116016 -0.013999812146916707 0.331184767720177686 -0.014051572848290875 0.350794607268621328 -0.014039624443274914 0.359404063601883150 -0.013940830006163014 0.376004145286175817 -0.014079477894337476 0.426650241098749716 -0.014093513496872693 0.425520436170895855 -0.014156488272610289 0.438007137975800764 -0.014349087618095054 0.461041746621867365 -0.014805164930796921 0.447322553961968516 -0.014992661319906720 0.410318231608365946 -0.015196046903778499 0.359577078330630240 -0.015218086276906510 0.306285660380739677 -0.015258717084427532 0.227126144612965208 -0.014920338372584585 0.152192765955138420
11.125000000000000000 -0.016362728935179895 0.092981297401828880 -0.015466969579380369 0.142923617603187142 -0.014763012893415169 0.168923484894783621 -0.014107082371965615 0.217669041723257128 -0.013593990754763089 0.246365723198154418 -0.013378897896420636 0.307681317340620597 -0.013280235903549681 0.339661456250670568 -0.013024064970183932 0.375397190188452801 -0.013095599653653232 0.417527597598711553 -0.013083010678562653 0.431816152392875297 -0.012926104507807720 0.467674277008299999 -0.013055901205338435 0.521550686689909559 -0.013058008351394272 0.551879603780325745 -0.013150189081859975 0.562859330355051979 -0.013354168272353514 0.591531993652177457 -0.013780442608360146 0.586175726847121381 -0.014017601758072928 0.538927395522961872 -0.014212303207486253 0.495874166867346977 -0.014216369349194425 0.443572014402619952 -0.014153681631068844 0.364343449511491169 -0.014113379510464466 0.274254391867235325
11.375000000000000000 -0.014974739244948554 0.101407228105800801 -0.014128791070671106 0.156894792414654094 -0.013445362073214819 0.195085941059703144 -0.012832419706672494 0.245188512108484469 -0.012327266622793025 0.269662619951186011 -0.012203168072727113 0.349546454313953869 -0.012242963721961689 0.383575504413694868 -0.012058906442739653 0.443660833782693553 -0.012115960983496640 0.470583023707536519 -0.012054573939765076 0.486801894075647168 -0.011883001025591110 0.538757628213565209 -0.012070851996078649 0.595810869479119543 -0.012095149331881504 0.645433291757568917 -0.012319930460521832 0.662162129186619541 -0.012534045595270740 0.698660962804037555 -0.013096204474402288 0.688587594458374364 -0.013435146670988956 0.650953177218717594 -0.013711238759934357 0.599818941313816190 -0.013751098256988852 0.540424870639095389 -0.013763020214657157 0.464370232496877533 -0.013379456856439442 0.341315494092457983
11.625000000000000000 -0.013706234043502862 0.114773971502760072 -0.012825652592863593 0.160138938204594072 -0.012017834821773857 0.207329108631751580 -0.011349042055789217 0.257814739510820290 -0.010758169108061143 0.291405181111464739 -0.010562808170396714 0.378165639223659922 -0.010592641384944262 0.431904108067000636 -0.010438040371024332 0.498678053876728589 -0.010504991254242880 0.549616935292760345 -0.010465817464947727 0.574740276618146195 -0.010258143788259712 0.626721620596517481 -0.010488391665344515 0.689816039847232165 -0.010576475959315284 0.757098368772681773 -0.010882936539607374 0.777126562736675575 -0.011221723324928563 0.815105567319707069 -0.011824680967302995 0.800045170806756634 -0.012304956232315404 0.770735120828232256 -0.012769805594071116 0.718956060337713421 -0.012970112460406167 0.641099863289494309 -0.013110380879627456 0.555099828818640728 -0.012580024008498504 0.473872766535983869
11.875000000000000000 -0.012201648779104042 0.123077813163543007 -0.011280124498893993 0.184732851072852700 -0.010308812464470846 0.236085209553520137 -0.009657748866844909 0.306370326973356422 -0.009060856120887089 0.349248003068340807 -0.008938842271710061 0.454098747927895341 -0.009018893369888618 0.511896730558609847 -0.008878021617670052 0.595889941811111656 -0.009041866783854295 0.656375527109797074 -0.009081379188464613 0.689987322133898906 -0.008965313376596029 0.760164934291099104 -0.009328608391248572 0.820229121699389219 -0.009511311974981359 0.897532997915912234 -0.009925067715366734 0.917122711303807625 -0.010471010741772908 0.963478924325939623 -0.011219586242612690 0.918413984377944970 -0.011915433466490009 0.892644598199773487 -0.012499828852227089 0.816148432871407370 -0.012757893286731480 0.735755751514141743 -0.013045696456219434 0.644536959658209008 -0.012751235623321063 0.533126226019929206
12.125000000000000000 -0.010296336900493308 0.141069777160342025 -0.009485850127558844 0.209915410761788768 -0.008654602499911637 0.288287366641163612 -0.008088608731083738 0.367169840913079693 -0.007577270877617583 0.432762471668906523 -0.007379354276635050 0.552114808117476819 -0.007471294517268692 0.618823734715641560 -0.007445913794654043 0.718553297132413560 -0.007741293286843296 0.797590445789008506 -0.007909527048924314 0.840445691569166153 -0.007943710086442868 0.901861713701064271 -0.008422706965909441 0.974494910136179615 -0.008786801106396097 1.061147001853105731 -0.009383417238906462 1.088664740243358686 -0.010113926507152576 1.124342454207130082 -0.011100050020407110 1.059773095032833012 -0.011955386360467153 1.031981326998194337 -0.012691950377370398 0.932314748029090423 -0.013127213454660867 0.837453209894236106 -0.013576629289015932 0.734021355390200525 -0.013621117617973627 0.588794107368874386
12.375000000000000000 -0.008760721125329536 0.167467032224453888 -0.007998230223538570 0.251169627961208286 -0.007149939725494535 0.351971984347393962 -0.006625204049955123 0.463967885001453861 -0.006115665543545833 0.560368343810591418 -0.006057274467442582 0.683587279973705719 -0.006200123158978171 0.782268834175466554 -0.006237680031347911 0.885584163766964805 -0.006667711634595556 0.970653083810656847 -0.006982129705599254 1.028407646170992562 -0.007132895220100775 1.086644565288882980 -0.007781369922587047 1.178720186444703888 -0.008252592329892878 1.253646021662991439 -0.009004657125206617 1.273339875970675106 -0.009795781593963413 1.301877227504106838 -0.010844913594395966 1.230447135451984586 -0.011865748347786810 1.191513585259635466 -0.012728594950429181 1.065161766093615903 -0.013375595353889711 0.934486792769647634 -0.013979152077546988 0.801288634437632985 -0.014456726530180790 0.666343622103432009
12.625000000000000000 -0.008035876925752026 0.185082761651811561 -0.007180582743001997 0.292387057200477696 -0.006347571895657452 0.414835406554978747 -0.005927998711747027 0.550698953734233276 -0.005569580198582142 0.672597130326638148 -0.005611412360756977 0.811852880405910526 -0.005758342210360383 0.905014137359781312 -0.005923318349182018 1.026936074469491533 -0.006408723563722333 1.137689844069049716 -0.006798367990064356 1.208812509790295531 -0.006985518088199917 1.286185040641775412 -0.007744008549056751 1.362075096256878615 -0.008362382132508993 1.425026331741328978 -0.009212427694217132 1.438813495985394875 -0.010035231581783866 1.470182032881678147 -0.011088432994820603 1.399734994542986888 -0.012199783027882324 1.340982131687706413 -0.013193061948044968 1.200670680644732258 -0.013980184722126780 1.036121841163770263 -0.014570257594407082 0.866897504004301100 -0.015625380747012693 0.665185706209747485
12.875000000000000000 -0.007180484085501999 0.208111217255681602 -0.006353651744346095 0.331884040453013951 -0.005512362721698062 0.478293266124346472 -0.005266976796318434 0.636481640532622572 -0.005089069664987865 0.793577245177546242 -0.005277601336815120 0.934526778906630051 -0.005498325157271939 1.028169531114249802 -0.005793683742189322 1.166049375563226187 -0.006417856628337743 1.274463212607770846 -0.006995580723610458 1.352631430246867605 -0.007359297579958022 1.440497764917962886 -0.008286722626137463 1.529459750418827424 -0.009045276608931535 1.579750734042010052 -0.009975699189997059 1.588630263371169082 -0.010937474612941702 1.619466412277711376 -0.012073457599828752 1.537791531945588819 -0.013317546589437811 1.453026762324680199 -0.014483367985172477 1.309274087238984086 -0.015431234009791784 1.112927855619815221 -0.016238852033064199 0.898620307872480373 -0.017446537834025697 0.678232270674004600
13.125000000000000000 -0.006226666115050077 0.240041887614310390 -0.005406352788700683 0.375919803491064908 -0.004715587506022138 0.550020484785379016 -0.004648810606888424 0.715871568613143605 -0.004607632242201262 0.899040554133385239 -0.004980651097485876 1.044966829746980741 -0.005286354218397726 1.148895012772984003 -0.005670108356476860 1.293826826440138689 -0.006417976221743905 1.406014945073244427 -0.007140974084051768 1.485366451448824288 -0.007649482909017821 1.574352543046982023 -0.008676507094947558 1.669569971981268663 -0.009475698936444043 1.711721017618600182 -0.010502870743948817 1.712088243149858746 -0.011539716258789372 1.735248784676476586 -0.012713175527186770 1.630674186004982040 -0.014093256389470423 1.532775551115905355 -0.015351712023136508 1.380045779662076200 -0.016437131366251325 1.146846862930117394 -0.017348610820941121 0.917583315745326922 -0.018851808203208479 0.673041628593918917
13.375000000000000000 -0.005497622952079491 0.267675780773736494 -0.004774833107248487 0.417000972116881363 -0.004247557906340452 0.593068404146646966 -0.004286748455298145 0.790994067111398635 -0.004375799750167035 0.974037018349411143 -0.004810431052065910 1.132426085835310570 -0.005230467782616277 1.230151397717704986 -0.005736543805738093 1.390061690143265194 -0.006573295556397297 1.502330468365636218 -0.007416633508976427 1.566933446932257334 -0.008063606027549488 1.659730761430096013 -0.009172031288424845 1.747232342835020047 -0.010084964346555184 1.792702399695449644 -0.011167559501763130 1.788100914212767512 -0.012297445898813762 1.808400293995089836 -0.013456985253613184 1.701579194519569294 -0.014887444432771088 1.590783905048199331 -0.016255683912203365 1.422865169910337846 -0.017475279040444606 1.175568523126292453 -0.018462762222077860 0.932912243028639065 -0.019863854153228975 0.658766654529232665
13.625000000000000000 -0.005316143850554426 0.293062617050937779 -0.004652372473293617 0.460944921159962384 -0.004242629276229042 0.650589344590166707 -0.004400566270871716 0.855489723143364578 -0.004592427340742246 1.046280219867188555 -0.005185879976696667 1.207636454333459453 -0.005728531585556790 1.307521154335419711 -0.006341061500475354 1.469527700158666850 -0.007207647081772635 1.583762990602958665 -0.008109055820568570 1.645834834386370904 -0.008822330561103596 1.732449148565632813 -0.009983421997996886 1.810405477631169990 -0.010959631754613191 1.862818367554055499 -0.012091841443555271 1.855396467964360641 -0.013245098641707960 1.865492881329794628 -0.014469197329553568 1.753756006313870186 -0.015920856098977455 1.626372166903488736 -0.017338888707973357 1.455054036640662130 -0.018574201882101099 1.200812342650562137 -0.019530025506248147 0.922931332306826668 -0.021084725728228768 0.651257637724582672
13.875000000000000000 -0.005010466373644347 0.313948579397924199 -0.004420034721971161 0.503135960318780162 -0.004045318930775887 0.692770016419058221 -0.004381561852876465 0.923250855207938370 -0.004710949318506730 1.115030648021860804 -0.005371170204554367 1.281979815484347140 -0.006030981521733056 1.397739656352622095 -0.006685573859798905 1.564561079809551281 -0.007619906326098018 1.662014107327946855 -0.008600600743346508 1.714144560498096714 -0.009426029139657543 1.804716281959735102 -0.010622704625982846 1.871460652272373126 -0.011631630505054143 1.912425259713022241 -0.012772788115497624 1.899515866488939109 -0.013962948209569821 1.896269702219889108 -0.015189698616117983 1.778500191516770856 -0.016637600512342147 1.649804301863962763 -0.018044903283822251 1.461120979788124385 -0.019300273115202760 1.196053129106166679 -0.020276383159988753 0.905019394674924205 -0.021760154097184434 0.648814206260309501
14.125000000000000000 -0.005175171339384515 0.343948485868163623 -0.004672868422405397 0.533219077758096627 -0.004464562127900423 0.734264777638146460 -0.004870277035416447 0.969185319951691771 -0.005245817524708634 1.173226815201299011 -0.006004703748884999 1.350250768642928811 -0.006775017013580935 1.460024564393188173 -0.007505136431944581 1.625416245055536502 -0.008458850780389210 1.714004595208365345 -0.009504231731817704 1.757118505765526528 -0.010370210340938945 1.849543642211098238 -0.011565138235003356 1.918712785803877940 -0.012651484248041661 1.943054851185429310 -0.013820451154492248 1.926178189765685334 -0.015008371467267924 1.914362149529480694 -0.016264536854021686 1.802875369493216251 -0.017751010922241059 1.666686042453675354 -0.019191378382418314 1.465387403673993783 -0.020467538108491772 1.202046648165237652 -0.021465281694462914 0.903616777978440311 -0.022977659298428755 0.661173066718528379
14.375000000000000000 -0.005392478659724315 0.377018612756290672 -0.004937551730133073 0.564150137033014087 -0.004800758027270666 0.786197935663012326 -0.005285814470171612 1.029957665437994052 -0.005802666822877690 1.244968016509827358 -0.006639729469014325 1.421692160173671393 -0.007509515771055690 1.529782898543976088 -0.008308905771795959 1.691948288500044972 -0.009313441067252326 1.788839827145244588 -0.010391007278983363 1.824950638861187135 -0.011320163187028645 1.922438221006200765 -0.012534289223666282 1.979594564244220312 -0.013691361707394529 1.990248436306089497 -0.014889280403427815 1.971906252987434272 -0.016101676298899206 1.953922828028118452 -0.017383611862160985 1.836569591258130796 -0.018830577808324533 1.692634730920221653 -0.020282868507211154 1.483358452479998757 -0.021605986257237770 1.210050801065353898 -0.022577989210369086 0.907172741447319519 -0.024100198534184897 0.677518365861736971
14.625000000000000000 -0.005732303874613363 0.405569707230369336 -0.005348633245100664 0.590880973224137240 -0.005341449752792142 0.812784910703811536 -0.005893701536163615 1.067675880723641502 -0.006528499614247528 1.286962676521997251 -0.007425860381974361 1.496613337827128465 -0.008362922240714334 1.605789727453739602 -0.009224937069515460 1.759922140997560280 -0.010273781619627782 1.870535155885219014 -0.011385032062256979 1.900492343960600294 -0.012367468461916862 1.994369124560198214 -0.013593382831655721 2.043920187896507201 -0.014778152674034048 2.043503839987400372 -0.016019839092915125 2.022293134534937309 -0.017243491070832336 1.997589101659710931 -0.018570624613196193 1.887662109355785933 -0.020033848241130754 1.729977738741585558 -0.021519377660317945 1.516417126796097969 -0.022914617728859974 1.224702046805043798 -0.023897550116533300 0.915020983544740263 -0.025335406029472578 0.699681188338029947
14.875000000000000000 -0.006352077011770025 0.445545496921728235 -0.006045597746100968 0.618195881088247190 -0.006167967463651518 0.853374249337566004 -0.006819958819430555 1.095266814030532387 -0.007560963150980445 1.329730047257742243 -0.008511486807166142 1.525844166293608861 -0.009483638410356231 1.657115054216726335 -0.010400816757872912 1.802623955167800940 -0.011485723818104702 1.911274953112072073 -0.012636890185253406 1.948711301322449074 -0.013642226002604473 2.048246177707471194 -0.014881515799865377 2.077104104294722031 -0.016095552378705667 2.073471373181704713 -0.017364820273824518 2.057611116057103562 -0.018611950895236460 2.019340077189346161 -0.019973035515880179 1.914104492526948809 -0.021444442124692136 1.757471740724359854 -0.022954334955252037 1.538433252745077473 -0.024382881175760110 1.232403070762455810 -0.025427775439207694 0.914374265190359026 -0.026589351639710913 0.706911468558339307
15.125000000000000000 -0.004759334364982191 0.380290609255031886 -0.004503873437971683 0.593785566694581379 -0.004653667601004377 0.811145612075051758 -0.005276653240709729 1.068284187714210187 -0.005915905912740109 1.299951220884494552 -0.006666893014504439 1.478552606669254699 -0.007463826132094084 1.595648965791240714 -0.008295382097435468 1.754158618300403649 -0.009282308813574187 1.819360027980749139 -0.010419350746727448 1.837291126844798228 -0.011427891639657945 1.919320031397435455 -0.012622988173942168 1.983115055362498325 -0.013793800290562734 1.969317020710009469 -0.014959043075465120 1.938397234560665039 -0.016120657884379368 1.902533107662601974 -0.017352735311835194 1.801676970073067041 -0.018762762982165782 1.642555928838495438 -0.020089145219871374 1.429561327311773988 -0.021452410417803415 1.129522700859071360 -0.022455155483853993 0.801584760004015462 -0.023531124147266689 0.564104399542656121
15.375000000000000000 -0.004744710214346090 0.430058314213562054 -0.004541137490767063 0.642484031884131279 -0.004732487793344950 0.885195035367297600 -0.005496925431275271 1.155275759966380100 -0.006314724111590086 1.394022935560770948 -0.007319104490051014 1.564301249515037462 -0.008267029434817491 1.681495568705545507 -0.009195052317695499 1.833439513564975920 -0.010261649290689590 1.906168563313419773 -0.011451025080857482 1.914404977752705239 -0.012508171313144599 2.009980022371263164 -0.013736214251693543 2.054443272385210406 -0.014954471358280099 2.029382134650464131 -0.016158682500915744 1.997799806139075596 -0.017345153925307569 1.955105740402296455 -0.018580758337342119 1.857755830661499852 -0.019982478818376569 1.678302226281361165 -0.021346227015942784 1.457221298625929640 -0.022754983701368209 1.144583166135651142 -0.023738228876322598 0.803367447886618069 -0.024886933925039413 0.591373846919300838
15.625000000000000000 -0.004531437549364085 0.462159737942771154 -0.004419951836050558 0.675706244476518836 -0.004849029226641155 0.917745876502615965 -0.005727536102202137 1.191801887226268342 -0.006747105037138387 1.431292388925194059 -0.007837763677728421 1.659096321589141665 -0.008894629032539746 1.761429308229552015 -0.009913348839957144 1.906105537977215825 -0.011089006454441599 2.000349138894048640 -0.012316652075253481 1.998950523807013102 -0.013462417166024454 2.101658914726829863 -0.014739455781792284 2.126921217815584964 -0.016060090598412551 2.095911378960461757 -0.017301303992617423 2.067217039983135773 -0.018532522053456957 2.009172243969084892 -0.019826491028491940 1.915989459604122258 -0.021235574001158476 1.717939678905042733 -0.022700307758161377 1.494410687632626855 -0.024210033534756793 1.166931460659291098 -0.025239627869559585 0.809938862804648996 -0.026142632247190864 0.613007521898630281
15.875000000000000000 -0.004826282412800814 0.518988167741841644 -0.004859536897332021 0.709799142103781922 -0.005428033711752756 0.967789817372058603 -0.006424566744412773 1.227505152245504050 -0.007569175418810175 1.480716503841106091 -0.008784525927236855 1.690284230179072811 -0.009952323620270691 1.830474233743389023 -0.011060291671912886 1.965167800485853711 -0.012306736826683446 2.046052917714507924 -0.013618847505360842 2.058976846389999338 -0.014839906509005673 2.160574019712100391 -0.016147601572321094 2.172353483003961916 -0.017490373373691092 2.146301495913835122 -0.018779693873980364 2.121725318422365447 -0.020055143801440013 2.047078012075453923 -0.021426911644152023 1.953383013019650782 -0.022882235095741794 1.762318697780069776 -0.024424889876964326 1.524750432737169703 -0.025968022102529149 1.185960796262068406 -0.027099350510247869 0.818729287806783335 -0.027583816692309342 0.648206538852469483
16.125000000000000000 -0.005027144838676084 0.558631978430043974 -0.005136357214935498 0.739078527916714467 -0.005839118039233092 0.995138202681838946 -0.006900210011048629 1.253730156746197144 -0.008070581345817930 1.477741222227086704 -0.009374210730009073 1.693167042696650970 -0.010622766107924911 1.843330617542753291 -0.011802272152301715 1.967777204849810779 -0.013063234387353951 2.049099710773096827 -0.014362997846843530 2.080442796944713901 -0.015612792520795678 2.164377445786939358 -0.016931344555031733 2.170789950442297389 -0.018256511751218004 2.148657601742924861 -0.019578422842453938 2.143993411665046978 -0.020871072695554837 2.079559676901511001 -0.022296444722969603 1.992985455629690650 -0.023804342848477433 1.800635451824385891 -0.025411302824623724 1.564568010587322089 -0.027057362932713162 1.225860281497109572 -0.028258210370417640 0.856931386903687309 -0.028390484728232600 0.703341575152772402
16.375000000000000000 -0.005145704392047568 0.589628379027368976 -0.005346146115397295 0.758506895424874261 -0.006121848831729429 1.001371411506180920 -0.007215343218253569 1.271760254128755596 -0.008506744411052881 1.481921181197859205 -0.009866304266577221 1.680328809902791098 -0.011188419797305976 1.839306134077773214 -0.012430665301303476 1.935599707332803288 -0.013705397697537451 2.021000667740628032 -0.015008383963733295 2.065987754163762347 -0.016267779227357990 2.141014976904774603 -0.017600244733043689 2.147044958283672145 -0.018988923179602664 2.144056616346534216 -0.020354274542918105 2.144091544176014441 -0.021661377152997346 2.081996791985560868 -0.023151359066347011 2.019561996076364441 -0.024689660245670719 1.827452830714784371 -0.026375104294688253 1.592413486505152909 -0.028093669809898244 1.259666367185644065 -0.029399650161816285 0.885443499723274519 -0.029393742287231964 0.764694176659498570
16.625000000000000000 -0.005570628364147198 0.617111141819172815 -0.005779567542499516 0.775596548980950873 -0.006613157276682653 1.023919717466573731 -0.007777968032067146 1.277719907355043150 -0.009142230264334795 1.488923839578398134 -0.010535716243327385 1.677004924591841473 -0.011877289187574747 1.835808415247270009 -0.013156891465772912 1.922863181822929812 -0.014444275990495499 2.006790750767674769 -0.015746659796847653 2.065979774065780372 -0.017024423870626946 2.137779303927409558 -0.018362430062550436 2.145939155531491949 -0.019746608648626571 2.143720414180026346 -0.021150665837707135 2.150613404067992729 -0.022493693999892189 2.096997387874226071 -0.024046001178286671 2.036916458421266007 -0.025684479248439213 1.861755967005261914 -0.027446479298001022 1.626721716258771266 -0.029219333250975150 1.301119096933118335 -0.030586187060706739 0.931671061224984776 -0.030433148297332235 0.834791333689152038
16.875000000000000000 -0.006405548545894104 0.641923662049119659 -0.006621017921421547 0.773153899744448037 -0.007510900134166320 1.005377552975933675 -0.008673510476210922 1.259878293597742838 -0.010064726917012124 1.450222148567560154 -0.011430915930885823 1.632664577434634445 -0.012772926528121998 1.794938365169977956 -0.014032905856632515 1.881112821408239766 -0.015330048767548560 1.955887484496950490 -0.016650108680810613 2.020980057043041178 -0.017956351235715772 2.094088317352888140 -0.019284529271357820 2.114251198842930890 -0.020679156540712638 2.111736733661475185 -0.022101825950102422 2.128731736995431945 -0.023511858737372857 2.085077840008292327 -0.025130778376253146 2.034005932911433945 -0.026824711856825976 1.864072803884407881 -0.028662954173006554 1.657262444038129390 -0.030532507818151314 1.336911022744092792 -0.032021833490165665 0.967128702412082819 -0.031410698684856193 0.880626107713734174
17.125000000000000000 -0.007678894988146724 0.665302714474967027 -0.007883691374741151 0.777717223585332462 -0.008834487590439120 1.005801082176372319 -0.009907440200774009 1.225054150799876451 -0.011259845134261487 1.422624009251142851 -0.012634770612884871 1.605310026436333803 -0.013967188765649560 1.751786138725611508 -0.015231942516082762 1.841441443997294591 -0.016509952511033238 1.920531122652139766 -0.017780693794928283 1.998171675303610950 -0.019068420171777119 2.063515425159724082 -0.020384904545728499 2.082597060961994373 -0.021745783862688370 2.090302435836973505 -0.023173254805729102 2.109821164086811418 -0.024582976358612542 2.083311896334929969 -0.026248678707297402 2.041935586392876534 -0.027991415858995897 1.891406076624989607 -0.029923880302297336 1.683376660809038583 -0.031857110725915197 1.377101164555254442 -0.033378517604808235 0.992564708795169337 -0.032718602679528121 0.890124876386799824
17.375000000000000000 -0.008595932538119520 0.682336266349026777 -0.008837413493594510 0.783791005837788490 -0.009720767037928462 0.999598077330237977 -0.010809400486724963 1.204141027963107513 -0.012151491660939420 1.406094656444366597 -0.013514522470251011 1.578675804132483540 -0.014842505596095118 1.719725871842628706 -0.016092490705855819 1.796073773503008120 -0.017363044711681382 1.899031411918393086 -0.018616201590927296 1.979152163076196569 -0.019880179691196178 2.044451765870880067 -0.021199520265454960 2.056194847549015492 -0.022526249523317540 2.081140506711308902 -0.023961338823363865 2.092291302448705093 -0.025385290105071182 2.100670695325669968 -0.027093430947743569 2.050495038178673290 -0.028886373520300945 1.926208911306731109 -0.030863903961304107 1.726945273437458850 -0.032866638005727686 1.412038353252469181 -0.034533625244762889 1.018032610391835791 -0.033932183760120027 0.893902996320435239
17.625000000000000000 -0.009688466825659254 0.699518758803027385 -0.009892361257784033 0.801054578056732081 -0.010772835489749374 1.004611671514533455 -0.011855199360439448 1.196198296476274292 -0.013156996248818610 1.400902915795460668 -0.014470902548494346 1.582044057168418449 -0.015745588091642664 1.733573709506919247 -0.016987264978506757 1.801121160755442929 -0.018199385766577304 1.906684097840624981 -0.019443126365465517 1.992353934449970110 -0.020696720896306652 2.050909715057235516 -0.021988835039761057 2.066229318327081010 -0.023296836740872524 2.093564821189286107 -0.024734503686261698 2.113142577091775998 -0.026205763262122525 2.136793999953266354 -0.027951716573628448 2.096540923981327520 -0.029837366117439510 1.973312464788926190 -0.031833677776434192 1.774050684841848913 -0.033898752413452977 1.455672074648777015 -0.035686466651375343 1.033886541601490405 -0.035072848246366840 0.898044923686373897
17.875000000000000000 -0.011035992797683872 0.713595682757705019 -0.011137810957291159 0.816817838270183394 -0.011931955054977921 1.026439686625508996 -0.012964644413517093 1.224223799514125410 -0.014187104133095953 1.426930451085492102 -0.015451282461325882 1.600882691177405448 -0.016692795518964576 1.768151894414407455 -0.017908825095872209 1.837801963424610996 -0.019066628950160116 1.929229768377356269 -0.020275740049602958 2.036673979140645407 -0.021503681412365309 2.085791173579648827 -0.022770709576534168 2.112351113530388069 -0.024063902306259734 2.146837640549677850 -0.025522389535560762 2.179259980233523297 -0.027007316818187108 2.192600441241031817 -0.028758503922808657 2.158334064583414591 -0.030703279985961555 2.020791735431609837 -0.032714787594276082 1.811555349375097324 -0.034792920010867888 1.492297906382994865 -0.036667227753629905 1.053884199928244891 -0.035941481408601206 0.881964394069762236
18.125000000000000000 -0.012210297447253864 0.722363512642410499 -0.012197026541633278 0.848001270314928779 -0.012888731020756232 1.061921432417140876 -0.013816282715105028 1.268310342325496887 -0.014922071611421797 1.470229420445883894 -0.016123009222607038 1.672921973333163725 -0.017311319870944055 1.822779580821044965 -0.018474320255797535 1.913464401644562995 -0.019594236846093242 2.006320810952190836 -0.020759900833470065 2.099876523500724623 -0.021958244773517387 2.147208915685780983 -0.023210540723077933 2.196947944170001499 -0.024517708003621498 2.236344037631744719 -0.025977244934857792 2.277558774568166911 -0.027490950755356968 2.293915263510905245 -0.029249722063196815 2.261851563897502082 -0.031184580986529379 2.109770075507541698 -0.033206477107490369 1.894194803639731361 -0.035330368840549360 1.572342305231421822 -0.037250020903557800 1.102728935111496167 -0.036234352641382396 0.883262600746219428
18.375000000000000000 -0.013497675036837823 0.724649831286737323 -0.013323847481988610 0.862403462650168207 -0.013928505395196718 1.080015229150329548 -0.014761560529578506 1.287437761138695125 -0.015784418451317617 1.503803733050546487 -0.016876177265363404 1.734461132078175538 -0.017988363557744216 1.884740505828980117 -0.019091017642011470 1.988037565386992833 -0.020154645818565756 2.084673186886985441 -0.021272477824821046 2.175989732775579277 -0.022446416710236054 2.251332618495680560 -0.023666737366626292 2.281026735316214360 -0.024977659572252009 2.339257951443028283 -0.026431197406292441 2.380993411467302145 -0.027944845001399179 2.374484046537878257 -0.029714566326811367 2.335295973288470162 -0.031657199078678699 2.209503181630490865 -0.033681006614560992 1.985553218227918082 -0.035853970628187098 1.635255349883750320 -0.037815888795147280 1.132788409418847397 -0.036475948152626780 0.871675719331314047
18.625000000000000000 -0.014948404013609147 0.729827142322934774 -0.014610890100069518 0.881303842298037488 -0.015058359183927589 1.111532164573775461 -0.015774316949294480 1.334252006236211097 -0.016681236464715980 1.561459154495649537 -0.017673087142309564 1.821217799411725347 -0.018703365861529441 1.977224319814468778 -0.019760686751836686 2.123464025034139890 -0.020771227321390400 2.231058246718368387 -0.021848515990510176 2.326945864409613929 -0.023006135080495486 2.399111739190462611 -0.024223390367291084 2.424262638494933508 -0.025510826922149558 2.476522563726745396 -0.026967426033608546 2.508905803316729966 -0.028486664328483926 2.481580463138917114 -0.030254288685307783 2.419112158437652926 -0.032188437209145347 2.297233431998519038 -0.034232652957372607 2.061339204862782548 -0.036424287104586318 1.706804876199203180 -0.038408431810659713 1.168952912860050652 -0.036830972964468585 0.859455096878346203
18.875000000000000000 -0.016269884818609571 0.739187150939319859 -0.015726705641720424 0.912896161900840886 -0.016025007800153594 1.170662968235183676 -0.016593908031028979 1.416176742640937070 -0.017369175951494984 1.673494532748036168 -0.018254931195070809 1.949914067378626825 -0.019208964011297590 2.135275872078015613 -0.020191755909452568 2.294798704638813192 -0.021145570137144909 2.414450564586131165 -0.022151666628023030 2.511392303519859315 -0.023243186784759378 2.596255780075122033 -0.024413920188519799 2.632127687069913069 -0.025683763987407342 2.681291174656479814 -0.027104943611616656 2.699284677491857742 -0.028593148683081444 2.664912315039575930 -0.030336740356367509 2.600502681580928233 -0.032229628600176717 2.448622011495856121 -0.034226151190731149 2.201776711457148039 -0.036370264924941623 1.820309525157123298 -0.038394304055665275 1.237026948706667184 -0.036410210021005245 0.841017724537011513
19.125000000000000000 -0.017738827474594113 0.737819005353776203 -0.016959541683591473 0.949460050567622393 -0.017103277893623110 1.238003154705754172 -0.017552426477647584 1.496567952959136028 -0.018188224809080288 1.790120783793762493 -0.018965332710131629 2.096719956755806358 -0.019798378058910777 2.311334586028384930 -0.020696619662623757 2.492095692295999143 -0.021583411908979045 2.636295261276606627 -0.022501024690559212 2.741955876015405025 -0.023526524560753128 2.848335224045171810 -0.024637472314358522 2.889970900869056614 -0.025870603922331731 2.942530550498108965 -0.027247042014526039 2.957313398374661784 -0.028693301527319599 2.907213244152639486 -0.030375802327291337 2.813476607081728975 -0.032226526926872945 2.637137043893615029 -0.034140729271240323 2.331420997468237832 -0.036207899323101866 1.918494015447003820 -0.038165913743908285 1.295188013352755130 -0.035982529291492669 0.827575962064405535
19.375000000000000000 -0.018642773041967219 0.738789012271409140 -0.017600578844493706 0.978074912246995387 -0.017609126575541648 1.293411662065212964 -0.017946602494134489 1.595419224268729064 -0.018455977151105495 1.917298488528278888 -0.019115483591179098 2.243932953377282491 -0.019852709621968556 2.487957332375661856 -0.020668872414198229 2.692650651209733681 -0.021476700064017813 2.866492755653790692 -0.022326649242285838 2.988011592197482358 -0.023293615995365183 3.110125844016303986 -0.024340144120425924 3.150837847494360577 -0.025524133970361379 3.230134744623402998 -0.026838896508652531 3.238449921948580279 -0.028242344426848694 3.174685532770399998 -0.029837408315775013 3.054257418473819818 -0.031619098345018713 2.832944714488480287 -0.033443816503127256 2.501799065971348934 -0.035453007568436605 2.050752949649853107 -0.037381563029821568 1.390702222698665835 -0.034675688469155440 0.831069797256440590
19.625000000000000000 -0.019843916119561347 0.737721216906946364 -0.018453263948108218 1.029783264329474646 -0.018284197878158315 1.392092743020908241 -0.018473853233191971 1.750141219125874059 -0.018865252946758396 2.088117013925286702 -0.019389904200560911 2.455058711242450453 -0.020002931415071194 2.741758131423616351 -0.020686265667495759 2.977297603444881258 -0.021383123749648004 3.157550060400286185 -0.022119434241392257 3.298149270365910546 -0.022982844467175956 3.434961943334332357 -0.023936611617769072 3.480699261509403453 -0.025013671429294511 3.569121213239899948 -0.026231245989935710 3.591834176899089126 -0.027570348466208264 3.504492178622896859 -0.029062886822604068 3.362606711844789764 -0.030767367467583184 3.110639377484488044 -0.032518685429827027 2.714133335393009272 -0.034432127450825592 2.227922228479418454 -0.036217121595873265 1.501031862853709820 -0.032855196419263002 0.828279177768611929
19.875000000000000000 -0.020726385803932882 0.737655743690457832 -0.019048939397024015 1.085811219536761962 -0.018687518103785786 1.493849505967373537 -0.018702919018220677 1.904486751920791976 -0.018934163209432562 2.284676685245201178 -0.019296805552709021 2.669150279708821127 -0.019774364018835238 2.980401213105608349 -0.020321979629625918 3.246628224083254466 -0.020913862236406955 3.445546909447658290 -0.021537382124791355 3.612505585138066966 -0.022267213387159378 3.771682263300159654 -0.023124113400812600 3.829519256830987484 -0.024059194318281716 3.931173996791621050 -0.025132677692949194 3.944920103132017353 -0.026332801123523288 3.831073698850798070 -0.027723766693258160 3.674669752839484271 -0.029261599767118032 3.399112810894438397 -0.030908545069784209 2.950951034544131435 -0.032673130973060655 2.413031311521356859 -0.034322582066089152 1.629019918322937910 -0.030583905677849493 0.833200385266702148
20.125000000000000000 -0.021626372785037790 0.736009048924652687 -0.019647135074934752 1.142795661951179653 -0.019082034990907180 1.596946596872400370 -0.018923060405323242 2.038455885744490992 -0.018970993696215504 2.457196693115365260 -0.019155043147159965 2.859469345994695821 -0.019458941710000236 3.189516510212163869 -0.019820869824788125 3.490485165871175965 -0.020264705310228521 3.719933870443104418 -0.020750466753161362 3.911896294098542448 -0.021328255921229569 4.091497885829650905 -0.022049536923911438 4.176001966085983064 -0.022817155033125196 4.286249862542711675 -0.023762415276655249 4.300338397595767859 -0.024811842388850609 4.183337523748240194 -0.026054331968100079 4.001562228976463409 -0.027403576881816605 3.695646098010147984 -0.028897366654991107 3.210666761921366685 -0.030457919993224628 2.607281904669303874 -0.031880663730387615 1.747900657622275533 -0.027987758134298053 0.844431041104203861
20.375000000000000000 -0.022559865777154988 0.713591763874629192 -0.020251984762953552 1.170673293296192297 -0.019485694958175478 1.671039510993635568 -0.019145540350395132 2.157279755990944459 -0.019031813389368622 2.595988227818343930 -0.019032211397816193 3.016414859025355000 -0.019172449252887705 3.380522635465532666 -0.019369418092992932 3.705700603192445097 -0.019662457850217571 3.976709810200972139 -0.019989558127256196 4.207224921557379815 -0.020431997191559557 4.435397739096149650 -0.021018757680638215 4.528866080706690056 -0.021609824600622201 4.636261008226007618 -0.022408356417674961 4.647647188987211742 -0.023268806707405252 4.522609551206632439 -0.024328090451153809 4.334251042073972826 -0.025516015058734687 4.014082398991488887 -0.026807056282508845 3.489377989625874754 -0.028186800680649927 2.831121255437616835 -0.029454546738731675 1.890379528589355651 -0.025427419967054016 0.825619097142066827
20.625000000000000000 -0.023591965171722518 0.706193979751786660 -0.020936241318254053 1.228748211508541743 -0.019938806208572215 1.772854832112475076 -0.019410762601051491 2.307941823184240793 -0.019114467267930438 2.780351839269741276 -0.018931510141552685 3.197149413110718097 -0.018904014691802560 3.601903830210945845 -0.018913478546130000 3.974836253075086034 -0.019049252304272658 4.278061846245800659 -0.019209800543525259 4.523898374866936578 -0.019471983326324757 4.762302736577375128 -0.019863481315717770 4.885249067609263918 -0.020262225614197830 5.007166887694692647 -0.020848970703922665 5.027410590925052603 -0.021521296115027452 4.905496074885772551 -0.022373659766063602 4.711576370301626682 -0.023372047141166412 4.363500401836239995 -0.024474549772274354 3.790803159233364639 -0.025631673053464737 3.105757956113351703 -0.026699890296457730 2.070089794632615998 -0.022499145484476547 0.801397186515939830
20.875000000000000000 -0.024443568106798909 0.689981474632449521 -0.021380049789123910 1.275395059876693882 -0.020176215796702500 1.871642229458675866 -0.019453075760536662 2.438056340183565318 -0.018945931743718135 2.939862514059510268 -0.018576227655525218 3.373239366679998241 -0.018357301246409264 3.809735183634441302 -0.018163224898463167 4.202860501844307706 -0.018112675129380466 4.536709798940834482 -0.018081976817198302 4.800883275713672127 -0.018151268450657440 5.090214238416305825 -0.018347126623991870 5.251575542225864979 -0.018555536899579374 5.393543678772647176 -0.018935085847267479 5.429737362326159555 -0.019419411428800167 5.324056045889174804 -0.020066001999714436 5.127968742231762356 -0.020867088195165300 4.751496870500250047 -0.021765554296938869 4.145674651225557561 -0.022696985894698957 3.395449445691741452 -0.023556574429669557 2.268762987378588392 -0.019367818982692141 0.794513410028554579
21.125000000000000000 -0.026006096942185385 0.682726241019384172 -0.022625477128134917 1.364541423340984938 -0.021202882809275826 2.033549459522463021 -0.020328388441993476 2.681455713863827750 -0.019697828362355937 3.224837432524054748 -0.019162891185448068 3.686511993725343217 -0.018798912636744047 4.144730272135190852 -0.018423842133440102 4.580570758534577180 -0.018231547299347096 4.938787091495585813 -0.018080241678745543 5.255286180633276238 -0.017980165065026109 5.565567067502158238 -0.018045867050628422 5.736765184778811921 -0.018039570265958777 5.865626068460317200 -0.018275456521140859 5.923325034344263607 -0.018591509388437427 5.789720902155605309 -0.019093541091303474 5.592283935680828932 -0.019731177954366484 5.198805813063059666 -0.020531934058297670 4.497806138656010866 -0.021336031954918407 3.660625492974858286 -0.021990478185252835 2.410434099080346559 -0.017353008350192805 0.759650966409916029
21.375000000000000000 -0.026902862520101455 0.659042657067603677 -0.023058122403764304 1.408062268191251132 -0.021377949756638107 2.126713219919170061 -0.020247323458383901 2.788693852948720853 -0.019361862542057597 3.364164864973915314 -0.018598004820196957 3.829647709361444718 -0.018010598582919590 4.312627822422672175 -0.017433443506145990 4.792130966840419504 -0.017029360275973612 5.192611432075741718 -0.016659304479325503 5.530866029701285491 -0.016380204978620541 5.895052396212017598 -0.016224664567758260 6.124017132004700770 -0.016027093933930450 6.272597390327021571 -0.016029362537370924 6.339487980651588472 -0.016103272083342810 6.213058046470037787 -0.016388749151080115 6.025836428053910510 -0.016760141934973681 5.612446085858410427 -0.017300967059545373 4.927281088267701392 -0.017817020115131598 4.020564613994332070 -0.018257917024215285 2.657822167086553389 -0.013858998290818006 0.755743829785973320
21.625000000000000000 -0.027984888994543530 0.632057768668145226 -0.023706483637643966 1.418701824957384616 -0.021790348666906992 2.165167012988677087 -0.020460579455977793 2.810578739895407629 -0.019345434545997867 3.356228489967296724 -0.018351746197192518 3.817691343318605046 -0.017547769513939826 4.306677970168744096 -0.016738215809664829 4.793196460100952017 -0.016094406471508022 5.235997889216069012 -0.015490197701493963 5.588021929965319323 -0.014983564701651268 5.983775529817489058 -0.014569031689201086 6.255294120474649944 -0.014186539727197734 6.457858374978211025 -0.014015788577806705 6.576336713901794084 -0.013869164249152525 6.472824532508107964 -0.013915770441774411 6.298971261070353655 -0.014113563500348099 5.883169675128118392 -0.014420401535529551 5.238192428346353680 -0.014719427825671710 4.288547151764317888 -0.014916698287706653 2.834029875856947989 -0.010725051779881379 0.746279769824609307
21.875000000000000000 -0.028602742041499582 0.632939021356709208 -0.023958321696595640 1.457384438241634106 -0.021847653655266166 2.232690910027532727 -0.020352860945375455 2.905427351072697562 -0.019056489602927971 3.425150929215899254 -0.017894529383128892 3.903174001653797909 -0.016913440414878612 4.406514393729186629 -0.015945393398352322 4.907651548517198314 -0.015107598348341510 5.368247252843542761 -0.014308231341411499 5.710762182023112032 -0.013603211382367697 6.146465106122936284 -0.012967126651242120 6.415304153957911204 -0.012397040680692983 6.649989360205042388 -0.011966831818107908 6.788943614392050740 -0.011644758833829667 6.719261491938489428 -0.011516517734003312 6.560336428603054770 -0.011540374274564160 6.201583013669595523 -0.011638578688385835 5.553601331458149382 -0.011818184396601331 4.616356184963273712 -0.011950105207630655 3.079961641210891443 -0.007738247345949094 0.752120486241835695
22.125000000000000000 -0.029716462645851750 0.659195464008509480 -0.024727555235542428 1.556251255047136794 -0.022418063467373059 2.353306445286986293 -0.020754460008535230 3.027580662153328994 -0.019290681764231054 3.571754203973765307 -0.017961338926584379 4.016161361583277412 -0.016790853281533864 4.512325469715960935 -0.015636127750362251 4.982580572535355579 -0.014561864829845400 5.431840751159719538 -0.013567578075311459 5.755311950795158005 -0.012630944849517522 6.173341364455509961 -0.011715765411808722 6.468372239670777901 -0.010961520591846895 6.759224334628222586 -0.010288976504753307 6.917767764683230958 -0.009816292891861563 6.874867721838189283 -0.009517989144067015 6.735886405742697036 -0.009344438352999010 6.432025652766697021 -0.009288898156219631 5.801419531860558365 -0.009279598985340420 4.870710915483210890 -0.009185720249537309 3.252736109409373633 -0.004790881580667534 0.792677525570963715
22.375000000000000000 -0.030269504842555542 0.655671272661281446 -0.025048618866657695 1.591334501466289186 -0.022626331786834063 2.398184984241914730 -0.020866377015291853 3.044636861707552544 -0.019295895776166427 3.565243084087960312 -0.017860646673014902 4.003833634412452547 -0.016543466879372686 4.461988679338306341 -0.015226274231910817 4.856670345637985164 -0.013958675156894782 5.301496907486006549 -0.012753270155745568 5.644135434176932087 -0.011616083419037091 6.071499410794952922 -0.010530106160795720 6.395313829085751856 -0.009606609745629730 6.689420897083513395 -0.008786519758543986 6.870694464448896532 -0.008161729817657289 6.843888968559449282 -0.007666369521045853 6.733965585774521756 -0.007295629969022931 6.428161750345310566 -0.007039644902094444 5.846327126837280730 -0.006816408377107210 4.901217962807614015 -0.006482064736467406 3.309997805520239922 -0.002036880722059159 0.814619353210426889
22.625000000000000000 -0.030556731611036402 0.689631697517069653 -0.025384568640228509 1.638445896373078803 -0.022969934050345933 2.410720639439829949 -0.021201128469983298 3.012673094604614743 -0.019620896013904626 3.505718204771953062 -0.018153367788403020 3.879851968098281034 -0.016759466052214660 4.286377590977754615 -0.015364404386493362 4.614384712251029974 -0.013989671373680228 5.000305183522963048 -0.012686705282974732 5.310984239955281794 -0.011377037505486520 5.697520932449432252 -0.010127600375601845 5.991733984871912888 -0.009053901743751241 6.327364687244145358 -0.008066944533989505 6.522256420344620942 -0.007270900003551466 6.528172414182713545 -0.006630416830410634 6.461550163077175668 -0.006133255838294261 6.196132139672593908 -0.005701867668107093 5.654117082927125004 -0.005299673070099928 4.770371486828375751 -0.004707660914042047 3.243073683536491725 0.000068221323221216 0.799274970668761298
22.875000000000000000 -0.030632687217826613 0.700822618949097920 -0.025518934737346385 1.678348046074269462 -0.023161180883770154 2.431577848123836816 -0.021407625326086095 3.003246992936794424 -0.019844177894598105 3.460264359535909939 -0.018419283010273371 3.803786167875623736 -0.017010915593797242 4.166466127651424323 -0.015588172023172199 4.448057972999931664 -0.014192257743754768 4.756521004706214306 -0.012808359417910834 5.012270697856648916 -0.011416432461200733 5.358173232632431393 -0.010081247725871219 5.628325444401365729 -0.008868703711379931 5.938938226074135684 -0.007710412139789682 6.117882474969533746 -0.006740931664402574 6.160064731391217130 -0.005920350731153132 6.116836297463549954 -0.005236919754631972 5.915817300188092709 -0.004613552559373589 5.393046681771860307 -0.004009712976670365 4.606505055793268077 -0.003254508335925961 3.180719356484943638 0.001547844598415643 0.770940618073226669
23.125000000000000000 -0.030579640328407185 0.676897221011872996 -0.025647407362372723 1.659484212080465593 -0.023404847941652623 2.366736617556424616 -0.021701727219083221 2.885878854487189393 -0.020195022747644113 3.308400290687982359 -0.018814853508706254 3.589371978721059619 -0.017423995878049502 3.872697811600325668 -0.016007466244118737 4.094188154804211166 -0.014624371996125906 4.322919742326210013 -0.013218014335044178 4.529415892754124151 -0.011783615810757391 4.801629232409850623 -0.010385911871801202 5.054954439656287768 -0.009104706253581753 5.363396667321637779 -0.007823051135181537 5.534592987069379078 -0.006710216227207962 5.611145586316905742 -0.005703256041577577 5.564685930108328016 -0.004855132761136340 5.391418572860499303 -0.004078089375136561 4.948597095372334387 -0.003281746203054551 4.249148105081371973 -0.002227018017300777 2.974639818044648276 0.002970148904593060 0.730364968772396206
23.375000000000000000 -0.030172444079783978 0.647394914699969015 -0.025405604827350714 1.620656093105177220 -0.023307700539092785 2.295547242981709424 -0.021701194174507017 2.765517658391777989 -0.020273666478926804 3.116461294514913494 -0.018966815739089447 3.394302788151880801 -0.017630367316909753 3.605210296686944815 -0.016268111240782517 3.785273739959143846 -0.014942045636787979 3.940821094961802551 -0.013519622892062905 4.115057609597193355 -0.012061298868144514 4.282684406231113350 -0.010645998649390007 4.512786937617450533 -0.009281007992056712 4.801643545588980544 -0.007924890807146473 4.977316723183848879 -0.006676115892221362 5.074341084661496026 -0.005516738768560033 5.012534041377786131 -0.004509690867188650 4.826251610977432271 -0.003509734836971947 4.445328903409623500 -0.002463000137596103 3.833199544931747749 -0.001188763581366318 2.759659993240581866 0.004177760075251461 0.684346418078650154
23.625000000000000000 -0.029943221385508045 0.637037303327522286 -0.025333427266045885 1.581141851234670215 -0.023379035417963427 2.245901274958358673 -0.021858177668741794 2.690378923612863904 -0.020509450811319788 2.995470277556483651 -0.019284487624961644 3.251173180834598497 -0.018022963670671778 3.407461193590930471 -0.016753505406707874 3.553916636422845610 -0.015507096696774877 3.626974945918403748 -0.014151536514575864 3.740722173308409282 -0.012740774877246119 3.848918084502566561 -0.011354171261312381 4.033704508198272087 -0.009978680379142272 4.298020370750182728 -0.008570953217448784 4.445124538131237202 -0.007236365065379015 4.539983262571073652 -0.005995084750719268 4.484036926998239636 -0.004870250282885337 4.340274894151583851 -0.003730846227922968 4.016895127419508604 -0.002552712230568552 3.508603332296125643 -0.001196558019743781 2.566029735156782010 0.004282568837187770 0.674499030688258117
23.875000000000000000 -0.029566835151731925 0.590176675185699828 -0.025066031104938907 1.517595118168885371 -0.023225762989376737 2.198052132992699637 -0.021807808425312131 2.642995391949957362 -0.020561101482003113 2.922266103447631824 -0.019436366803527068 3.182901907871860558 -0.018281179661640421 3.306468888211563595 -0.017121367037849656 3.403485152159309024 -0.015962237726249478 3.440955520274400214 -0.014665717806055323 3.504519660600259545 -0.013333460406721143 3.534375140547859839 -0.011979282038606483 3.724501549876342743 -0.010605443832790429 3.893254768699821788 -0.009214016678536791 4.039411354475437754 -0.007859042175798173 4.100116953348362792 -0.006540368125762228 4.023176780124960494 -0.005329067984062202 3.898519043430419551 -0.004087123505144501 3.630124540753382423 -0.002784154243253137 3.177649567306126244 -0.001379691531591869 2.385781820002267573 0.004280700626973149 0.659977770241376605
