# Index(['mlt', 'mlat_eb', 'ef_eb', 'mlat_05', 'ef_05', 'mlat_10', 'ef_10',
#        'mlat_15', 'ef_15', 'mlat_20', 'ef_20', 'mlat_25', 'ef_25', 'mlat_30',
#        'ef_30', 'mlat_35', 'ef_35', 'mlat_40', 'ef_40', 'mlat_45', 'ef_45',
#        'mlat_50', 'ef_50', 'mlat_55', 'ef_55', 'mlat_60', 'ef_60', 'mlat_65',
#        'ef_65', 'mlat_70', 'ef_70', 'mlat_75', 'ef_75', 'mlat_80', 'ef_80',
#        'mlat_85', 'ef_85', 'mlat_90', 'ef_90', 'mlat_95', 'ef_95', 'mlat_pb',
#        'ef_pb'],
#       dtype='object')
0.125000000000000000 -0.007876739015951144 0.595098525166951942 -0.006966554531109224 0.842370593899334885 -0.006329154314506837 1.135217849476827245 -0.005841535178380842 1.323159005828613122 -0.005425348718595505 1.517739182451237401 -0.005124034630252205 1.695456972815576169 -0.004819899052252896 1.879343582747304620 -0.004567450914826686 1.994206066946857758 -0.004377116489806212 2.080666708307035151 -0.004214025613391099 2.179923307038670988 -0.004036765510511776 2.146400124965075040 -0.003890462785879586 2.109651418312122662 -0.003707479636960279 2.029884134146517916 -0.003523527940404154 1.925733229179773298 -0.003304322220805993 1.812930911934463429 -0.003048130049251423 1.711268281925055090 -0.002667018177764531 1.507585116904817113 -0.002202981425307367 1.281557282719453239 -0.001666900060827934 1.122117364296033371 -0.000985241731246872 1.015073838707079901 0.000187954238060713 0.583224349479743220
0.375000000000000000 -0.007699161073316856 0.599633653768224861 -0.006789382421594269 0.849611819156337655 -0.006128026172340129 1.122865431989135576 -0.005622767416290102 1.323103357952976733 -0.005167978656600459 1.492256511327182178 -0.004813032602450512 1.687047130631127656 -0.004465639024090639 1.864329886821779914 -0.004166105562935236 1.996280011112564035 -0.003917068859594226 2.049845231955754077 -0.003686495828465011 2.173362666791310183 -0.003467175051203987 2.185611739550715971 -0.003271932498348815 2.154839184827395560 -0.003051162079579963 2.064423403852293948 -0.002878383998879903 1.946817871730019078 -0.002649914781126555 1.893543704672079331 -0.002415701919260573 1.782230860514834259 -0.002069379199537904 1.609370554162385281 -0.001657998237964431 1.379754587905863028 -0.001158748749753815 1.178187055462912136 -0.000588246218904430 1.040342603764993212 0.000528370511636781 0.601267799221915311
0.625000000000000000 -0.007388218844556555 0.595873846949093067 -0.006465336719496149 0.811231937764653188 -0.005836403404559348 1.073072093722485576 -0.005312990492642237 1.244941469402573775 -0.004838426979653043 1.416138930783160221 -0.004436430728371849 1.613654695226810487 -0.004045372635789120 1.784626565419172861 -0.003719662369716845 1.908911023953939301 -0.003422887026887886 1.944168218118296654 -0.003160294066826555 2.076708349630400186 -0.002904696438372249 2.104829091779361061 -0.002681298214173260 2.109239854558682126 -0.002417530263536211 2.013917278874980621 -0.002242573901440295 1.898868047051315955 -0.002009380037279547 1.877318864537150800 -0.001738679089618575 1.760630479235600676 -0.001387830195924303 1.569630516248800234 -0.001029959009621256 1.361179859237409806 -0.000608687831425942 1.189508473777445285 -0.000069527264689485 1.012320552574464960 0.000485720493475987 0.589168147537811548
0.875000000000000000 -0.006865313767469776 0.593412281787083162 -0.006086816878869386 0.780008785252881531 -0.005548297868623671 1.017220305098054389 -0.005060240566803164 1.156490935710163370 -0.004604322753586921 1.282552176465537430 -0.004199987036005245 1.460315024040671261 -0.003806756194144415 1.619607201820778997 -0.003479376112382769 1.726758066601322028 -0.003180183100523763 1.773700068787092743 -0.002892946340327913 1.937207377318922230 -0.002628631167463903 1.988186234916456296 -0.002410590592088645 2.048011954614025854 -0.002174112361486946 2.012641398567524664 -0.002046295238244681 1.913306659839961954 -0.001852719055859802 1.889011874989397377 -0.001674326343435397 1.733714072986956900 -0.001411229568164721 1.561514758374467515 -0.001108270512108852 1.355537262086712547 -0.000769099346876071 1.203438899372005988 -0.000411026202545141 0.989911193927392685 0.000137115004701623 0.603946936333670137
1.125000000000000000 -0.006849246737886193 0.597371243965157617 -0.006043755053133907 0.803698610884791442 -0.005504208803900584 1.034681493186812906 -0.004994750729264100 1.225581713563389519 -0.004536807464311669 1.367464283605703157 -0.004128074979095510 1.556533105213330659 -0.003720626578338992 1.711399424141127001 -0.003379394592503733 1.823228983508029533 -0.003035119686672081 1.889863921887001696 -0.002744293030497598 2.020331110874541203 -0.002489019690739330 2.103992452476305619 -0.002261016171974434 2.145112539900998705 -0.002015018080073804 2.088777499240801028 -0.001867321951752288 1.990679573146303172 -0.001643987791619910 1.941984013619205252 -0.001425141585247811 1.776381304980914955 -0.001135143924213319 1.624421090456905414 -0.000804943249791061 1.387606079362590838 -0.000497205904162382 1.262966472346965796 -0.000276879771953404 1.065276348198215262 0.000225583501029956 0.642352006486427429
1.375000000000000000 -0.006722354835994124 0.592934278534449577 -0.005923312023736890 0.804124603088307133 -0.005378450964497281 1.036621558861632764 -0.004850214310302208 1.245528157372466804 -0.004418166523332688 1.391100395741073470 -0.004020975889725508 1.588235651091445932 -0.003590627485005979 1.745681369351333334 -0.003261418618783660 1.871513015702090499 -0.002907624090951521 1.894568620735090692 -0.002606044201355228 2.010707358360459551 -0.002372218414362850 2.082576655492212048 -0.002144132969684193 2.115322300454670845 -0.001880504136994208 2.067190601853454268 -0.001704977094408001 1.974083045266896708 -0.001461046496379042 1.894612640605771947 -0.001172324064816533 1.733588533220524530 -0.000834878040393717 1.607462190846972838 -0.000477572064682268 1.403657769003954670 -0.000256480894331648 1.302930968399967915 -0.000175376131060551 1.095408606511129257 -0.000238750666829708 0.652272250937157905
1.625000000000000000 -0.006613720607800380 0.595350404450640691 -0.005899735864487919 0.808541822477068406 -0.005387954084458582 1.026156023038788279 -0.004909180475599767 1.224913265473595247 -0.004502861247412057 1.393881393108809430 -0.004131006973926524 1.560968824276951272 -0.003698251696967397 1.686300979244160114 -0.003364616219898692 1.806730094658619112 -0.003033424861306394 1.816195671443176174 -0.002748639564288074 1.880901746550435627 -0.002514306891615931 1.945168382169494725 -0.002273821215246250 1.957361175523541386 -0.001994844340790386 1.880381708209708957 -0.001747987978486339 1.824736333484079820 -0.001453078176847463 1.779879335269104468 -0.001145863515106670 1.652661545659434239 -0.000807120792688957 1.570033377262098462 -0.000446646701476608 1.386923226707612811 -0.000273168402294110 1.315525071650696765 -0.000252882231746261 1.115555395367415104 -0.000633316994045285 0.633802731761956339
1.875000000000000000 -0.006690749178407796 0.567051919669168902 -0.005995092654820954 0.775359578934018856 -0.005431855868019756 0.973621928645535650 -0.004968608758304060 1.184817097684772946 -0.004566147165798742 1.346059150029606633 -0.004215041259200693 1.518721583723818158 -0.003823927572226835 1.651279773265357242 -0.003497021034698595 1.788045925430719940 -0.003151340954650902 1.816284036413397418 -0.002870925132293851 1.846572931719493660 -0.002622109253961750 1.853889077242252936 -0.002391649162667763 1.836992614666316248 -0.002116550309005991 1.821457191892643435 -0.001840889095373518 1.741932814684802988 -0.001526160098169030 1.692526261181664271 -0.001225614800500044 1.602720809049303474 -0.000905619448832232 1.539632195858732011 -0.000509609948919641 1.385255950794022528 -0.000297762259065657 1.316789858924831691 -0.000392700302381374 1.112180780903755384 -0.000626712615409574 0.624504183699802873
2.125000000000000000 -0.006781930538819554 0.554369402129290645 -0.005969588794679376 0.783262238009842959 -0.005339937240527971 1.012588704526216743 -0.004850730975016711 1.232617347549626485 -0.004440797157339407 1.407619295099149959 -0.004076294087495004 1.597740097528348446 -0.003688186577254750 1.734574553688033927 -0.003360084350001642 1.857365885094438784 -0.003010286399793091 1.894773683773633532 -0.002724621936819383 1.893942518128854724 -0.002455464443886785 1.866058335587177819 -0.002205795942779169 1.828449998312235092 -0.001886305251165681 1.780067692587704142 -0.001566523578275853 1.702613066823830845 -0.001229813390161760 1.675883862091182896 -0.000836042658760931 1.616241095251090387 -0.000451880844070359 1.557846908049529633 -0.000056016309276505 1.388096933884960027 0.000224747445840899 1.287638397067693674 0.000240348839477855 1.098739711426512278 -0.000172781013197450 0.601096211164793948
2.375000000000000000 -0.006809343257950241 0.529621928669278930 -0.005963589884274540 0.777608990564951252 -0.005319657190267719 1.021290936589812848 -0.004853819407448489 1.224694023170875168 -0.004459469792826217 1.426557503859625875 -0.004088372880956878 1.606560692566421755 -0.003712605126171070 1.750975577707790887 -0.003400842146160600 1.864142123378642379 -0.003093835116084305 1.897031493836949689 -0.002822608403106554 1.905466345553311402 -0.002537711291813190 1.844203576379839671 -0.002276353756284871 1.777199499246166159 -0.001953180342353420 1.727769232320400361 -0.001624877715180853 1.691514685470242307 -0.001291212199916040 1.642010026501987685 -0.000895525051977632 1.582831925015224739 -0.000510547940729115 1.544274557072269571 -0.000132842035686411 1.384152060062449952 0.000144970172371053 1.238314150433423855 0.000349169129379236 1.060260959106457346 -0.000090638819899180 0.565144568281873094
2.625000000000000000 -0.006740401158534770 0.514476562748202748 -0.005896244632941337 0.734950004863123341 -0.005249487270592304 0.982527857092188817 -0.004808417641045302 1.199908523426080675 -0.004421059818737394 1.427743761343280626 -0.004077332701808752 1.573018151738831971 -0.003758029824965820 1.754315847825728136 -0.003457299515062118 1.837519434801853313 -0.003161981946610004 1.911128974394187718 -0.002903720636759423 1.914452200894949163 -0.002627931544828779 1.862204026904157761 -0.002374057473207606 1.776023789981504564 -0.002072725142132901 1.680144968110540038 -0.001757473445236973 1.646940007750233637 -0.001438445033140130 1.618891658305355419 -0.001069350422651876 1.609070428351915494 -0.000685429689166351 1.512658052281733445 -0.000328291894708855 1.360846353617397142 -0.000039805746964548 1.186670945638828245 0.000180891972757457 1.006298283376956260 0.000221475048158483 0.543605877823353123
2.875000000000000000 -0.006788732878935185 0.493050726908901615 -0.005869171710584822 0.721674265534772319 -0.005200962149098246 1.006907731714446586 -0.004736333914483980 1.244792915394931310 -0.004356453449740198 1.432162803308834276 -0.004007200999218899 1.575651120294229823 -0.003707992098902397 1.760614943083442796 -0.003394528136490207 1.824164435166550691 -0.003092221230361675 1.953174643132673305 -0.002826099769342091 1.963807244354839998 -0.002538388208157715 1.912291221497032456 -0.002269054739576107 1.843173945981911421 -0.001959471767838353 1.792992605328104672 -0.001671184642383507 1.747755933983054399 -0.001378884691594955 1.678007862617956203 -0.000993762215051423 1.625745865005069346 -0.000612209190147298 1.504168092390628875 -0.000270281381653690 1.350468204454322141 0.000055496223012168 1.141959445531359529 0.000299482576612313 0.965207948076795996 0.000649929437594403 0.529347896991289257
3.125000000000000000 -0.006766941080988038 0.518526342976052157 -0.005979240326044036 0.725128301345152604 -0.005420052423715234 0.996084947092478190 -0.005016942654233493 1.218926348935275072 -0.004682147492671228 1.440087761815317169 -0.004383306886880384 1.561880011586209926 -0.004104743673628208 1.718296728655347216 -0.003836090456626177 1.792837354334192002 -0.003573253190475444 1.865154897610144191 -0.003356940943509866 1.852846569282231348 -0.003103905174275888 1.837015635172458694 -0.002860860081784124 1.770391521980975602 -0.002592247621894382 1.684113795144746240 -0.002319408027838314 1.644758463686895933 -0.002042489775457535 1.590862188481513506 -0.001732100898277312 1.539299795556377859 -0.001426797941825912 1.448731556956235789 -0.001143578886842376 1.309611108380119404 -0.000883684385812087 1.097934450006459617 -0.000706357215025157 0.915082115804448870 -0.000314979528069240 0.555927329696968009
3.375000000000000000 -0.006853744415435951 0.473709529854227596 -0.006060108148582250 0.666978650198236545 -0.005488994235382910 0.951404655447114944 -0.005073879705302641 1.184525281665531615 -0.004765551723070527 1.406305208503503490 -0.004481187848207841 1.532116749964304692 -0.004240027613054836 1.699421675753715721 -0.003982876302568842 1.787659130846853905 -0.003741283261912326 1.886070284528803098 -0.003542966154430826 1.882602436390213185 -0.003306690794260877 1.870812985895283331 -0.003080253195833266 1.840241888830249195 -0.002835455278905443 1.783263787461053518 -0.002612319525920225 1.724544873524142874 -0.002377368797910449 1.615531545935935176 -0.002077140462399584 1.547083084679604426 -0.001799647835462004 1.444658343060190919 -0.001555739484746186 1.290653722474445875 -0.001329408978574901 1.081389410861528733 -0.001211332988507557 0.880056760231273993 -0.000863404168585633 0.548008964274084076
3.625000000000000000 -0.006854704783536911 0.450068973383150772 -0.006122746712786566 0.642944611959266443 -0.005581279866718251 0.916578306788959241 -0.005191605554726525 1.174243159655529611 -0.004911870676160400 1.418125808434942625 -0.004658728935911243 1.524523004489150235 -0.004436849059197877 1.715055048045809993 -0.004202270026857420 1.778404948399080920 -0.004002490491936390 1.862941043918531880 -0.003838577525553086 1.898981432236863220 -0.003620401872892678 1.888960508341885891 -0.003404655536828013 1.872419753167470224 -0.003200156877108905 1.801464961803101561 -0.002999762255112739 1.742770169216312004 -0.002786385292711966 1.630109120491634256 -0.002522833119343907 1.559344693741253396 -0.002279764847069587 1.447117006161218855 -0.002087062665841045 1.296515462522543460 -0.001924493843271528 1.084602919028304191 -0.001812129574265327 0.873427290737285533 -0.001401801232779912 0.543572906943503020
3.875000000000000000 -0.006741066007150313 0.421206607954413226 -0.006121359423228754 0.593520622205190862 -0.005649990539493889 0.860896369065173417 -0.005310590786819492 1.119385048776695202 -0.005065547425981143 1.373091927389169520 -0.004857473927059755 1.487737369820957056 -0.004669538538176465 1.662492095979189344 -0.004476983312025924 1.729877171735731745 -0.004301782437944856 1.809284825531148000 -0.004163042050349265 1.831863773609778923 -0.003979264652172102 1.837565741696790766 -0.003784833091114976 1.834482038191779463 -0.003616731807580503 1.740632955987707620 -0.003443833078935260 1.683486063595184046 -0.003253235294286668 1.558131464812115841 -0.003051530087861440 1.493540031442768257 -0.002869874607502946 1.388124156543594667 -0.002714834812042088 1.248215118812786351 -0.002606490747320269 1.037325129720442218 -0.002539720218001108 0.832800890273957872 -0.002034875532905530 0.528360065595286255
4.125000000000000000 -0.006533136051478170 0.440849035950622081 -0.006050125992916393 0.576234306246317107 -0.005649932454021980 0.827355474612702646 -0.005358035082054561 1.050144094309551246 -0.005141455707464081 1.288600146568009031 -0.004970169531779832 1.399956505065578671 -0.004817784212315276 1.582976651278830360 -0.004664880960805747 1.652448417710359774 -0.004529318181345578 1.716595998141395629 -0.004426932766833293 1.751538686011473667 -0.004274647914832599 1.737140116129849199 -0.004101401242201350 1.738036960155168176 -0.003962130529765048 1.654948087045244876 -0.003824690036893006 1.583911675122962048 -0.003670963958199293 1.490209771178536258 -0.003513127314094470 1.439155467488015594 -0.003371835452441379 1.345092212398111720 -0.003272716373760902 1.208513909267813657 -0.003212710516093383 1.011191114965633409 -0.003309498854545971 0.798971883939712413 -0.002902629513040249 0.524495983556536371
4.375000000000000000 -0.006356103682812153 0.449257958462588203 -0.006001667894356324 0.577838769715673495 -0.005675098842935774 0.828530482275222080 -0.005430376905947304 1.037994361010421196 -0.005257662790470564 1.262510941437399836 -0.005114556150168336 1.377829102981985132 -0.004993993703903733 1.535400616625160364 -0.004873704213903162 1.611086584815831113 -0.004764775264591072 1.667213158516535509 -0.004691948194074209 1.698678565372061744 -0.004559821488924675 1.689446428203976280 -0.004404855734212208 1.713532885585901777 -0.004296641248202046 1.638737890001757735 -0.004188601574656728 1.567327257337178814 -0.004063795651911596 1.481823011606868468 -0.003951561514590963 1.407850227874497762 -0.003869474651136831 1.316572739826405103 -0.003816293766282959 1.201353648091924686 -0.003784813949756876 1.001158737483206940 -0.003942186077756120 0.788132975320528839 -0.003753592064508233 0.536000771401980214
4.625000000000000000 -0.006179207482389194 0.438213104137475107 -0.005970545204431246 0.549974864587317813 -0.005717856910050939 0.797157855418450634 -0.005543666005413474 0.994077128316108172 -0.005422974881333343 1.236008670705409429 -0.005329333936080718 1.346491252759255408 -0.005252043498686168 1.500754857736618542 -0.005190014273895848 1.587615698498799688 -0.005119884802066836 1.640432540273829787 -0.005085268738215185 1.676627775210810301 -0.004995778291483123 1.676135026047028243 -0.004883060959344626 1.706719276601044610 -0.004817323054804811 1.625779328860222250 -0.004763344619665852 1.552154614584854819 -0.004702115781687720 1.452033984460873617 -0.004645466148208047 1.391094296887899873 -0.004620271379201741 1.298202167656058448 -0.004599160105100408 1.177157144648445897 -0.004646540964472081 0.987841917129264946 -0.004870556725164449 0.759802478340405374 -0.005001655936645447 0.527417160859684153
4.875000000000000000 -0.006080283693563690 0.401150856620947460 -0.005955331678784210 0.503569125891547231 -0.005742935114794991 0.732148890430324717 -0.005619524385664460 0.931971725467301670 -0.005543192877516122 1.143974059789379050 -0.005497605440623663 1.273615191223849363 -0.005451905966649460 1.449801178726045414 -0.005430995616434555 1.551085375874502903 -0.005407151482375871 1.597232412720184680 -0.005403399125409768 1.646259034358772855 -0.005357150553811608 1.639882399374290589 -0.005278867457972625 1.658836845563699036 -0.005255757309006357 1.581079061995266377 -0.005250942009591025 1.506715739662896514 -0.005240319245554547 1.428607701833362498 -0.005220185436531593 1.361577191468686943 -0.005234175310177109 1.242490503012697811 -0.005236644800379085 1.132437656570427720 -0.005364562383061268 0.955815215264654405 -0.005683474292583639 0.725114675385835294 -0.005954437247990386 0.502523049680815626
5.125000000000000000 -0.006062194547536765 0.385197745939172664 -0.005960693005950274 0.476032707712487346 -0.005782889342583889 0.684228789485948008 -0.005671833596524681 0.881496642918224604 -0.005609197520743023 1.066787211661060164 -0.005583157108415249 1.219780763004709723 -0.005582212397184200 1.388830034715212935 -0.005581930815107300 1.482939462127652819 -0.005591100688772570 1.543271502093301439 -0.005614329001265431 1.608877767477724596 -0.005594360092663905 1.616501887938887050 -0.005556069579789446 1.659206037392890742 -0.005586181080154986 1.584288429730456471 -0.005638744784202774 1.517085620075234731 -0.005673927486370788 1.423556356408441248 -0.005702357695659452 1.365233024765048819 -0.005766328435533334 1.240251560345221771 -0.005820336022179320 1.116583174453324112 -0.006022033167853686 0.923233787363063274 -0.006387742220928374 0.697012883868989186 -0.006820962327834339 0.480929539324401412
5.375000000000000000 -0.006016563320450705 0.383745042858389784 -0.006023691099267565 0.464640977518955056 -0.005843870944985570 0.662955068095001598 -0.005770858131175720 0.834306664780265272 -0.005728008028533770 1.000490339335347478 -0.005710846208324374 1.172318907299121360 -0.005739515856974700 1.329884809652238653 -0.005773604374128567 1.441681115148088832 -0.005814881712958535 1.511490240629869142 -0.005875484512929370 1.588819918308489454 -0.005896017230376941 1.583997009969445147 -0.005900574594126818 1.623230906951792729 -0.005975689947793174 1.556931914038517828 -0.006078310579500307 1.493688105345643002 -0.006162648868544100 1.421494899399594614 -0.006272778844081135 1.348978754981729367 -0.006374945378231230 1.220328157459724228 -0.006488882852729689 1.090964820950241387 -0.006722529705524429 0.909408827214045923 -0.007073969620803072 0.695754082156723852 -0.007561546029718377 0.452197490969610760
5.625000000000000000 -0.006254751500904052 0.402757841604394262 -0.006215109819156336 0.470191630986344755 -0.006043981853709347 0.660310109770952613 -0.006007848158725706 0.823575897967891324 -0.005960257912579830 0.973651432879627521 -0.005954552703661214 1.137637286093478473 -0.005981404425996810 1.293538959260146282 -0.006034341468098801 1.389140726950527593 -0.006090353084920417 1.442251820325802347 -0.006163378546352327 1.522843648086633639 -0.006198391025761681 1.526522926113057732 -0.006222131088436335 1.552860057249275227 -0.006308127169696206 1.478269998317587097 -0.006423625981615412 1.440742074798638583 -0.006541226770901088 1.402587880385065988 -0.006712526578098969 1.336846997200787701 -0.006864752279027116 1.189285761128811902 -0.007001228596309054 1.085591808661397373 -0.007249229306318186 0.862770029069770850 -0.007554791160833360 0.670856658665815009 -0.008011205951455911 0.449702570095947496
5.875000000000000000 -0.006966092079288170 0.426851558475807191 -0.006855259405561619 0.487956584232609070 -0.006706355449042803 0.687517636640062824 -0.006671377626151278 0.815918877075429427 -0.006628531829328872 0.940146022456812114 -0.006628869460983158 1.097536697816309914 -0.006666944843652539 1.241752219943539792 -0.006744967317555735 1.361436241937599378 -0.006823373541165027 1.422839393861794699 -0.006909835947747776 1.485086016755148064 -0.006986185609719310 1.518974183399879108 -0.007042433894937113 1.540118562519828593 -0.007144049113507940 1.458730158841947455 -0.007295075583558590 1.434164195999348745 -0.007460304038115853 1.395478275003388946 -0.007659545796470693 1.316185868153798344 -0.007872517503121486 1.176190152107096765 -0.008026150053062075 1.056778954614404631 -0.008297927036520384 0.820961130061852895 -0.008628438252199730 0.628108321642637080 -0.009036554190827960 0.451116045249220721
6.125000000000000000 -0.007892417509207258 0.467439263045108133 -0.007680842997328905 0.537402933656223714 -0.007492032086133849 0.738204325393307714 -0.007413847374842631 0.857824699460827844 -0.007321461380100884 0.992888405286796116 -0.007288355552217469 1.137769269745012801 -0.007313511812425529 1.298674610433399268 -0.007359515985470977 1.433560313273012143 -0.007427649845855650 1.510524850272571884 -0.007505507874434092 1.584391601543802208 -0.007556800352672877 1.631427571137731514 -0.007617293086160060 1.634464246638028362 -0.007720383985563363 1.580987756261124533 -0.007897006102201893 1.553447725581668992 -0.008092801112458883 1.516742734114727487 -0.008304525748826804 1.409272303343562793 -0.008493069303774413 1.255144820502989811 -0.008669147744077302 1.137795627616584593 -0.008976213387211213 0.900355543205112352 -0.009301653938584495 0.664489238509729074 -0.009700293508105386 0.464711430077964227
6.375000000000000000 -0.008745967027962097 0.450120314152027856 -0.008364909842848560 0.527928660033503250 -0.008092368252212410 0.729318472411059737 -0.007982938752572067 0.889226551786344688 -0.007856173734651004 1.022540042267434224 -0.007808282616393390 1.178772792372307476 -0.007828801825097141 1.316702110387514058 -0.007865901724721767 1.437687297730275260 -0.007894296690664517 1.520841373208929870 -0.007944511804284564 1.565209548555402508 -0.007997435857358799 1.649547352357993324 -0.008051332039067880 1.666440394519854928 -0.008158685433906221 1.612427734590759831 -0.008342444063146976 1.613736761972946576 -0.008538423041267630 1.549742179657536356 -0.008755891225405084 1.423626292279110084 -0.008974606744029900 1.258398591969267510 -0.009140645443940554 1.148656157592520932 -0.009429377852480209 0.913291434030367610 -0.009640619324305710 0.669822044230088731 -0.009551268449260377 0.472920057334152932
6.625000000000000000 -0.010080504409578757 0.459472305429689809 -0.009456957512334269 0.542543832110358282 -0.009099999806618669 0.733513422884819133 -0.008906394922664188 0.894731692274608692 -0.008705203994916135 1.043926306511999247 -0.008591139013483058 1.224070826107764853 -0.008575437705397993 1.371966470197357513 -0.008606355237452477 1.501706857033970222 -0.008608453561580012 1.590623549303536999 -0.008626380326366758 1.644703925662030608 -0.008669858024436318 1.729169553645972579 -0.008729280904366308 1.723600607193061185 -0.008842691904754642 1.683164009906429337 -0.009011447703944761 1.677819822089567481 -0.009193986765203849 1.597182822122761081 -0.009382956738733465 1.475158371133656887 -0.009562088171407416 1.313268081081618854 -0.009682768539367051 1.184237856919089893 -0.009943711952050564 0.935742853541813635 -0.010086665902046585 0.694116546629072073 -0.009783472691707725 0.483452966164375997
6.875000000000000000 -0.010961437582567044 0.459300016593616967 -0.010179639134427067 0.526307347368039746 -0.009703218716186927 0.672441843843010090 -0.009438603313436785 0.825807466902084952 -0.009173717404260389 0.959130680493913368 -0.009007084066045404 1.123176880110815734 -0.008949231331458741 1.293740701708550045 -0.008937658757841402 1.417220269190085702 -0.008918156758901698 1.491189572700572619 -0.008926412571301782 1.550575364536537437 -0.008939668255164344 1.645081495251810466 -0.008999267636970761 1.671200125423297322 -0.009046649966113133 1.638540393500091952 -0.009195881131107716 1.648951186108770228 -0.009375055771536696 1.571456368266729742 -0.009562415774558318 1.464582181920816906 -0.009735094617233105 1.291722204350818970 -0.009876367622447094 1.173462160342630511 -0.010103739512442417 0.918142091066307953 -0.010200473648072805 0.694852845876596126 -0.009931892188634212 0.507602471136983868
7.125000000000000000 -0.012594330849786088 0.503697596744757892 -0.011507453787677971 0.574594766222950804 -0.010891622316209245 0.726554215612025378 -0.010533472348444288 0.872107195483017184 -0.010176653530152754 1.024421206287567720 -0.009929176833787079 1.177977579646538375 -0.009826874639744245 1.365394944105741803 -0.009771872101429643 1.475488482429302639 -0.009689085233575326 1.547275731315259861 -0.009651928869100447 1.611140178949865831 -0.009625515184262695 1.716498671245876739 -0.009638396448027265 1.763865627603663722 -0.009642033015140813 1.766691165950061482 -0.009758976247708167 1.768676188458866427 -0.009915883251967971 1.664049287222054474 -0.010063865734785894 1.561341196381343277 -0.010217100029251205 1.409655713694500045 -0.010390939100965335 1.306522055086844381 -0.010577367516402186 1.004528505462001009 -0.010589425096195088 0.765525628929443536 -0.010083545385544596 0.540375102746379232
7.375000000000000000 -0.013200022762431754 0.516495746774933262 -0.012029328186958812 0.574217712595002094 -0.011378126696004276 0.692151336938395034 -0.011006830991832620 0.820687846796775089 -0.010623179544989600 1.015518592523967145 -0.010376828044946931 1.132020135382242776 -0.010230656990987708 1.313409024950581205 -0.010177270816442131 1.421467288040755506 -0.010078364037091468 1.486180955725622033 -0.010034270851377118 1.554497030426194693 -0.010012191235777112 1.640098424277593780 -0.010019244474506776 1.704862354283019688 -0.010013093238441963 1.694822836537714261 -0.010099973972826281 1.718691191975989518 -0.010252479518664698 1.640492543026495831 -0.010415011269676040 1.549812319175542630 -0.010587925912097673 1.391015942873687239 -0.010766464992057705 1.313131828051465222 -0.010920836944425777 1.028002689674969217 -0.010965079504174463 0.808553450300985799 -0.010527021887162976 0.551717366919612262
7.625000000000000000 -0.013479669622076838 0.533517111820795420 -0.012269107808042971 0.587547900648311749 -0.011643068699568677 0.694398561908998402 -0.011290873576080778 0.813277467951829869 -0.010921122797483205 0.998656581259745324 -0.010744832116903878 1.098842860583715275 -0.010594724552451498 1.272465351872572814 -0.010535694031708349 1.367490948436518527 -0.010440540782468897 1.436109841875560678 -0.010396449812827160 1.506380292862947501 -0.010381329604986216 1.595123711505527009 -0.010385922734083819 1.653680868178353469 -0.010376364178598173 1.664107316257231295 -0.010461426431579159 1.676947616908409433 -0.010593555807267546 1.602265556830354098 -0.010750182952827658 1.536325257687982671 -0.010906867282645965 1.372369412968823088 -0.011080888122709225 1.305513480299016482 -0.011265555752032438 1.039475801831114543 -0.011406608215216245 0.814436186602346956 -0.010892873983153585 0.588570177561857699
7.875000000000000000 -0.013439335964347997 0.554049625632187404 -0.012435095109252340 0.624514348344477055 -0.011876696979772205 0.685974190021373165 -0.011545474867218339 0.775628113841338118 -0.011212953971983278 0.942646703447811651 -0.011077507500622691 1.021710512139915705 -0.010951795370899430 1.162724206047593967 -0.010900174062456731 1.254053490963326967 -0.010830027906062733 1.331102223996490919 -0.010802512390951454 1.405378216567520377 -0.010795315025250317 1.482006492355076643 -0.010815808310223832 1.536995699521928049 -0.010826504275834854 1.550326843185444670 -0.010916509247224629 1.564219498966987310 -0.011069529892061180 1.517143474980092277 -0.011226663040477362 1.467936195312377734 -0.011382420153586766 1.315404780902605486 -0.011547377206136899 1.259293388514915346 -0.011787076226277119 1.027949492014673449 -0.011995988958062104 0.812746426035113378 -0.011244527480112102 0.573399831496505974
8.125000000000000000 -0.013666291176294082 0.562182441721906900 -0.012677754380197489 0.630297703212097882 -0.012201085163144935 0.665483410559380650 -0.011897623865738661 0.743553992124615259 -0.011610646300411994 0.910536362463318927 -0.011500368335177430 0.988340960156471104 -0.011357060511335145 1.097421204759144064 -0.011323359077150173 1.170371281422607268 -0.011258467826410381 1.272390450164428088 -0.011254346153871182 1.321684051230946677 -0.011252721654519817 1.393716895864322902 -0.011271169596871498 1.455446237983064606 -0.011288779924020550 1.477408387395743317 -0.011377699195070777 1.515458019607524243 -0.011499730594387128 1.452201083332802289 -0.011680051005556760 1.411540465147034462 -0.011807126108836776 1.257479030083147098 -0.011989191936521894 1.214642692742689656 -0.012190218156259236 0.992710446095358967 -0.012386774900690628 0.796215713290070570 -0.011813151356343827 0.577986389413788770
8.375000000000000000 -0.013720439057464073 0.561091985397077275 -0.012666294074654626 0.628712358075762423 -0.012201248314423718 0.648559069645311737 -0.011897841994440203 0.733189310253650639 -0.011748727994414230 0.892359103871033343 -0.011767447026185623 0.957104711300601374 -0.011733947660001043 1.058761873311308888 -0.011764930073943752 1.127440997983329529 -0.011737759854169628 1.192773622033334480 -0.011814246648852977 1.252549768025541521 -0.011875711392970542 1.300517919340106410 -0.011866152735578540 1.370161111868062331 -0.011872603024464358 1.389080730431785371 -0.011943486488667245 1.419886378529795712 -0.012025369653675967 1.383813797351184371 -0.012204090344500509 1.332445866627465669 -0.012360940425302402 1.185325439939204140 -0.012519505964167423 1.141724577116390860 -0.012657507830355156 0.922901476173384139 -0.012779154257321245 0.772932771850687206 -0.012373058887070992 0.584748775551356625
8.625000000000000000 -0.013545473811459154 0.560223941165140293 -0.012606659322110084 0.627586243594948301 -0.012180370462129891 0.629111790408275806 -0.011994020810413361 0.685023204639453098 -0.011937860817132199 0.822247240289592729 -0.012031588978445350 0.884389932843191784 -0.012050201539545181 0.988578444407310131 -0.012098315429556692 1.059743346491836657 -0.012135252422430839 1.115721428462428166 -0.012261590535965856 1.184913502865581725 -0.012361650057088870 1.196225991439367142 -0.012386510818259779 1.292302323629906935 -0.012410076610249218 1.309219559964875046 -0.012510000147184598 1.316044890187318961 -0.012654910999269702 1.304072355840509179 -0.012855837389840429 1.272867820558659213 -0.012991492189268938 1.127301028688066697 -0.013220469097811591 1.098080689505252394 -0.013387117685773831 0.871561515270009246 -0.013545346164201250 0.744690831021011967 -0.013001797872529858 0.596655554351461337
8.875000000000000000 -0.013395216819829503 0.542363006239657941 -0.012486871757263875 0.603979250766465081 -0.012029213787670641 0.606987989782223347 -0.011957704658103259 0.662906460728660329 -0.012013289862006860 0.774445661665019491 -0.012298637102536196 0.821547493174464294 -0.012415436831321262 0.927095168731388530 -0.012534979925337697 0.991622771134384684 -0.012663125249997466 1.033297212169167922 -0.012842270749114253 1.095612895365557948 -0.012961814765469658 1.095635040523720738 -0.012994208040790515 1.195983645172543186 -0.013036789626655235 1.219980456001033220 -0.013169759561530669 1.233764993184071512 -0.013357351734988311 1.219454276021046946 -0.013602528116159356 1.189370928134612981 -0.013785168327694950 1.047600424496249794 -0.014112854558742442 1.015469121092166915 -0.014309209626249993 0.803894467643264332 -0.014511235605469800 0.699274957188446122 -0.014163778799836256 0.566744310619921920
9.125000000000000000 -0.013640335459987296 0.587816142521286222 -0.012784337298406147 0.664572387135278109 -0.012325196848635034 0.690208435676857524 -0.012101820787319426 0.772872681830032660 -0.012055460078393492 0.917544848468623164 -0.012210291558276928 0.998147694725577850 -0.012298519450858822 1.103124956720161087 -0.012384217645297549 1.153383759928586993 -0.012498184233885120 1.237244767179753069 -0.012650264708703875 1.285662523498898313 -0.012725088190635827 1.318913494705917344 -0.012800924966358181 1.373341060879348818 -0.012900784159778208 1.396596347638507485 -0.013070277299843445 1.415405921525454191 -0.013246281823507747 1.352577343120664244 -0.013496323428371671 1.325964989082502932 -0.013682547357048536 1.185996505556745628 -0.014088124419014017 1.126869646583723350 -0.014407863048430197 0.961004847367797232 -0.014582239904772018 0.773344245132097874 -0.014224725856088241 0.624710636457856072
9.375000000000000000 -0.013809752709423881 0.599931944893464575 -0.012945239664108696 0.674132949898587519 -0.012450713588430974 0.691704979104624029 -0.012267981454274521 0.780450087449884977 -0.012287974055438692 0.910254195981523906 -0.012470755208253680 0.978777009916415586 -0.012558490961880130 1.083444648327140269 -0.012694572892983546 1.126512578427439681 -0.012794620838143485 1.189138270168925038 -0.012976591538995436 1.243561348020070012 -0.013076412948453684 1.263436817130537460 -0.013169417654502793 1.319309945143017027 -0.013283587583658604 1.342227950686810445 -0.013454167157934615 1.355734289906877832 -0.013625265613525837 1.311173824132772836 -0.013859676050744705 1.285809632767745514 -0.014078519040767188 1.150088147528898874 -0.014489540798347061 1.094507445046775107 -0.014760814838751088 0.928777184506905717 -0.014912268467087351 0.767775241131343433 -0.014363569468146233 0.636430176984680296
9.625000000000000000 -0.013686900520515815 0.605889282149396635 -0.012902888064211396 0.676267045120618193 -0.012427898153808322 0.688681961266756626 -0.012270375798533103 0.757487161044331336 -0.012394843540723045 0.873084842035951159 -0.012663238800426319 0.936008891198926718 -0.012768101818723482 1.043758732828885760 -0.012946935572514393 1.089877002549968665 -0.013089709263088145 1.146427808117359337 -0.013324731113087327 1.207842862634609382 -0.013461583896961652 1.206047503100396545 -0.013578542950314748 1.273558152763247353 -0.013719497337513601 1.295011390309045440 -0.013928279285043896 1.291251517589629305 -0.014138976809004687 1.258537333577140593 -0.014387536784348384 1.251174063910980960 -0.014586295805535948 1.115315732194761100 -0.015041700684664048 1.071858005129495695 -0.015346713779807852 0.908470258033596934 -0.015526912129165703 0.759612270915578036 -0.015042576191477953 0.646224041496613721
9.875000000000000000 -0.013624100556961498 0.597756534309779042 -0.012877870861157202 0.665817793775647204 -0.012398437623687307 0.676314899699900440 -0.012304514617968229 0.741882613301621752 -0.012507039018616195 0.837780710947077067 -0.012876329753853251 0.894603348918913022 -0.013022342330326229 0.994580508070100122 -0.013228874807768232 1.036131731319928306 -0.013389286307926679 1.078970638569840768 -0.013686308410712911 1.139600188735099273 -0.013841395638860689 1.137082825997620894 -0.013964364816802206 1.197877553229168557 -0.014102589983188526 1.231487799746123546 -0.014336659454230728 1.233053248976450966 -0.014558610981778960 1.200334598608488346 -0.014840529310748451 1.193916529450828712 -0.015077190691680223 1.065497867130263510 -0.015587319200021453 1.027029939675828674 -0.015912065565170257 0.870871131283731725 -0.016088460590171209 0.731960490017180443 -0.015878830657290292 0.650862354214818195
10.125000000000000000 -0.013383344989489069 0.593789963726184644 -0.012681670701143214 0.664732817777237806 -0.012274602875436929 0.667519961872634071 -0.012116669639881455 0.716224898502699547 -0.012374788321909766 0.816865528522467077 -0.012815550573519536 0.880266764921646350 -0.013014339284271099 0.967790209429757242 -0.013279889878499733 1.004409331290102347 -0.013492593750440268 1.046454417976765860 -0.013831383939903632 1.105057473065406137 -0.014027215480874482 1.085326693805784171 -0.014169377253969734 1.128859878711976350 -0.014400854374891086 1.155597167157929483 -0.014659820854962487 1.162006548131430339 -0.014905420227304692 1.132993580854458227 -0.015202341159852762 1.135658434903355163 -0.015479298444074018 1.018389853078083940 -0.016000586186392614 0.978112491537326711 -0.016347355161405012 0.846022155875434168 -0.016612434018091531 0.715107371578731832 -0.016404565120745663 0.645958329771289308
10.375000000000000000 -0.012198000277520262 0.589960265902365943 -0.011755939917323606 0.647730383763545303 -0.011425749620374263 0.640060376281656351 -0.011342387183772311 0.685449778789744446 -0.011685796932532565 0.778890716906086245 -0.012214838687194994 0.837201964403057275 -0.012503581168699594 0.907108662914074104 -0.012818886178916225 0.939291354917995203 -0.013097615022084216 0.979012341301777500 -0.013497620690346799 1.042724707137377527 -0.013735401653688625 0.982447586671682083 -0.013940254285452676 1.025896353604208056 -0.014264472213451158 1.030575512475932598 -0.014544101165457287 1.040847105059067967 -0.014820273989154897 1.026529588308356722 -0.015103804175050537 1.042368721898607742 -0.015456258366367291 0.935877480583560240 -0.016069754439269689 0.903693511178521036 -0.016517505944486383 0.808362594482592400 -0.016852000817888579 0.686699921251425205 -0.016985083237111630 0.652515642668482498
10.625000000000000000 -0.011241231994395537 0.571574486010591909 -0.010931794302473459 0.621032995014019207 -0.010592191049017170 0.603501580244795388 -0.010468614020762648 0.658190831866215520 -0.010884059716640400 0.725035163351384848 -0.011446618042444248 0.788860760126287031 -0.011789727636049777 0.848625532657616533 -0.012147683125121793 0.891780305574750409 -0.012489985935382046 0.911231284009281106 -0.012957168308780593 0.972165187694171928 -0.013240565139160497 0.914851125516977226 -0.013462003904334418 0.945568862921764342 -0.013833415459736362 0.959183558885312260 -0.014151703131690899 0.935689898136295439 -0.014404079073569323 0.940233964023815316 -0.014583905024073212 0.943735104704863548 -0.014851841869211166 0.876831444493843315 -0.015527229616198868 0.846256900534725243 -0.016054889293115972 0.790022933678075745 -0.016442028987776674 0.665116733882275657 -0.016549652131415345 0.684081228943885344
10.875000000000000000 -0.010333830085382738 0.556443202133647619 -0.010153606014542040 0.610015720269559081 -0.009929867491751851 0.581122058697491117 -0.009865982513215341 0.627001411102371953 -0.010323999871738640 0.688476891716498840 -0.010879176112565198 0.758061092816266546 -0.011252443032125902 0.819607436087359420 -0.011643592507584212 0.845365964371711742 -0.012021000270352558 0.861445481832112336 -0.012496426849920467 0.911831414638791915 -0.012788095896768369 0.864284436415206136 -0.013013357617651686 0.889816140564591018 -0.013448867223272147 0.910978908293494816 -0.013798052739318556 0.882487849595568585 -0.014017565286665326 0.893610172928266389 -0.014199142285804895 0.901733332901174967 -0.014535970789072820 0.844786501507827525 -0.015265787664125533 0.818779931583291765 -0.015892916947050761 0.785068857058545233 -0.016330537940654463 0.663530618137515349 -0.016820255355935201 0.694086632637038181
11.125000000000000000 -0.008684888024048197 0.553046508719837071 -0.008569264139705853 0.592950241694506053 -0.008462807737071623 0.577095806860243199 -0.008445320198472198 0.613705078357429823 -0.008939844842365863 0.670717456586563454 -0.009562885973619067 0.713345916356493359 -0.009986569051965894 0.790817998988129656 -0.010495545403585851 0.811773981067797190 -0.010829004179694270 0.832775919572154466 -0.011339853769898116 0.865304104218849290 -0.011658739904873613 0.837790549291916764 -0.011917645503608038 0.842260431205383631 -0.012376498551916793 0.857078408567447547 -0.012769256205059299 0.840703644198097289 -0.012977374396895405 0.812754709134887787 -0.013163368038183123 0.841380611848029369 -0.013440986057768224 0.812672758638436687 -0.014322747233420929 0.762695257217640865 -0.014975735421652541 0.734345315414450694 -0.015479119171526555 0.662762824533119521 -0.016301693123851425 0.728502553529720265
11.375000000000000000 -0.007006657966604836 0.566743743862331728 -0.007124556843973806 0.615497126786299864 -0.007032973424708434 0.578473538923391928 -0.007148603156377734 0.628160265586052646 -0.007761806951276005 0.675714353730329509 -0.008464306249594766 0.712518574529646842 -0.008914909329886639 0.783274355071782225 -0.009444964724577190 0.798271062413702270 -0.009808188409324048 0.787927965097405480 -0.010359676282262399 0.830359456427966935 -0.010639140372309496 0.789143481647162193 -0.010799708779272157 0.787420625176122879 -0.011305485739364254 0.797837714336821935 -0.011722940777069198 0.769477410034835829 -0.011979388484400883 0.755704379002071103 -0.012142413909382345 0.798938874383975928 -0.012399921779082883 0.776325285494651629 -0.013348817061630231 0.749592778927540393 -0.014098688584104577 0.738449178277514662 -0.014636529074648786 0.674994573425466760 -0.015338801406988446 0.734777717137898856
11.625000000000000000 -0.006362856024508712 0.574667548543571605 -0.006669352543414634 0.624117640845316513 -0.006647377881969721 0.589449968933858259 -0.006910888168279199 0.637369894602694886 -0.007499239389517649 0.658730485231775686 -0.008248448888588080 0.688887468421896076 -0.008636459633264152 0.757889562580559728 -0.009158749809053200 0.763362895574185685 -0.009550965344768783 0.771573914045077358 -0.010079360076790214 0.788555020978958465 -0.010371372392057663 0.764242161281950549 -0.010608610248783085 0.759622961235395078 -0.011189810307235214 0.779577341045565864 -0.011679987481993748 0.739270655811680610 -0.011963250014843579 0.718301524402996439 -0.012148540578576348 0.783265644494138380 -0.012444985633368728 0.766985405599650560 -0.013446662171669906 0.746897205174283596 -0.014282609380263180 0.747596226474294911 -0.014972185553018264 0.692910081525148880 -0.015534662999728933 0.743354210848499619
11.875000000000000000 -0.005482700217860028 0.584297346898862147 -0.005899342443961778 0.607191438469498079 -0.006057578864773699 0.587124081519430074 -0.006277730718115803 0.626344328014599161 -0.006899542449599417 0.637614261952975436 -0.007651180523243789 0.662136665925227907 -0.008040769085567410 0.723539937274082057 -0.008594294042791247 0.715200204317381072 -0.009074094562070119 0.726253244033628564 -0.009611958386620918 0.739140424949171204 -0.009964996188387603 0.730666749693257955 -0.010243637769648246 0.693374298897138641 -0.010745613384100097 0.735720554567687257 -0.011188777472464426 0.702269026695857779 -0.011415908471836817 0.662637749395548536 -0.011594515509888133 0.737836331910408871 -0.011965708142889761 0.738373584710280695 -0.012894755560301318 0.713535210710146139 -0.013759744280925220 0.736765384670308277 -0.014494817215440122 0.709166113986653968 -0.016038280044709960 0.747478530823180165
12.125000000000000000 -0.003918488067479395 0.537288927634574143 -0.004468969865965562 0.568691072436655065 -0.004767125247318049 0.549478200531338334 -0.005008102996080076 0.585687967348285432 -0.005686202225461123 0.578798695258362250 -0.006399336201288842 0.601990414581895394 -0.006760635740101818 0.645195817326290166 -0.007290021977564727 0.628182791202775315 -0.007758773965159132 0.643373150371234992 -0.008329266636376145 0.664337935547690051 -0.008752078429787409 0.655984289274241017 -0.009038101309811525 0.593676198802879806 -0.009513452230283083 0.645316276616372364 -0.009937031531923142 0.606930543740792916 -0.010137221597139678 0.573331972449832250 -0.010284044136164894 0.639074743449276839 -0.010603657799903988 0.668624479275548023 -0.011471397860019909 0.661511366992120986 -0.012309572585881228 0.691380998005641789 -0.013063473864585154 0.676743556340952734 -0.014100646395721792 0.725219790122041963
12.375000000000000000 -0.003138582630013069 0.510810207101201619 -0.003716855120020829 0.547098003316602410 -0.004039845669976396 0.532466021095049147 -0.004325679340354851 0.557398229588084160 -0.005097145575738394 0.551249111597350461 -0.005821405610002670 0.585858620909413319 -0.006250052477519167 0.624280205171019009 -0.006862214645821362 0.603863772530270015 -0.007364779639376152 0.605932327489565492 -0.007956984997190952 0.625509540379710072 -0.008393825974214415 0.615062101149490781 -0.008683621766213392 0.548837411172715006 -0.009133522426219594 0.577595171402993435 -0.009437941134914671 0.542387873832319678 -0.009600511597331217 0.517850847561874272 -0.009745451182044985 0.565713714904400811 -0.010034713253104751 0.592780532123264092 -0.010795730136196644 0.619088967280062241 -0.011571028536886909 0.663992240692466762 -0.012353955110589763 0.665544489745922618 -0.013353797260723258 0.688226870219186493
12.625000000000000000 -0.003067369408708854 0.500253347878501176 -0.003613193931224591 0.543669833558943938 -0.004020281229809016 0.545498308347527217 -0.004416307163099497 0.579316393210268954 -0.005179541360588678 0.561614801225421734 -0.005972050356235879 0.596939796453573979 -0.006474989369075883 0.628881576331486891 -0.007078083635891214 0.621734161118910666 -0.007565864964812062 0.587587070883547335 -0.008043959746299975 0.610608529210843187 -0.008454334958401642 0.599898127802402481 -0.008722404693997475 0.528553180883357343 -0.009125116176729857 0.539855757306080042 -0.009350203924040471 0.515662340056542767 -0.009491931281683300 0.488070510685201631 -0.009628898027285960 0.516860513956955647 -0.009909907529790644 0.549189739730385096 -0.010560577085989412 0.575667357531184254 -0.011213095813327452 0.616389578009628569 -0.011996055612585587 0.655004411050260749 -0.013642851434208540 0.662420989847994135
12.875000000000000000 -0.002330672028939373 0.544847842773203084 -0.002964719291261616 0.569651629065649145 -0.003539195518124308 0.615025655030908669 -0.004106535508873378 0.632248032550568384 -0.004899909920559576 0.623741042575432392 -0.005763268097894319 0.670988470298237716 -0.006347454883809792 0.694716508956674361 -0.006965918125257483 0.675736398087445012 -0.007458296938896897 0.640332806745604000 -0.007955630347592302 0.647774376761248161 -0.008375991906554685 0.614859994537581334 -0.008640259893980342 0.561075577353739363 -0.009076848147576949 0.549440888176662257 -0.009348897918627435 0.498094469309107057 -0.009591322807783376 0.479871985392074041 -0.009730448229116685 0.493626789212360084 -0.010031792211974382 0.522067688874520153 -0.010594087219595195 0.565869228286438375 -0.011231261636230226 0.604669767741802366 -0.012074989626745570 0.656020979019664274 -0.013339697020973878 0.655266839684228608
13.125000000000000000 -0.001934704542422255 0.627258960568542689 -0.002691362766502105 0.687628624520965293 -0.003355855744044930 0.772417853775983487 -0.003994964023089769 0.802945616370761006 -0.004763935654105290 0.806394398433471049 -0.005626831455874460 0.893675432878174303 -0.006256987709961970 0.900967424124603511 -0.006876999391891177 0.871886069537781805 -0.007347111808755634 0.871966901186437604 -0.007886433736593023 0.864473850846804615 -0.008305873653838829 0.806855461709500954 -0.008605926383200006 0.752003822848187897 -0.009057767412806544 0.678737888037747372 -0.009256846832814351 0.646712321091260645 -0.009494832340466294 0.583440675415119125 -0.009659026890557402 0.580992508241465089 -0.009884327329509819 0.573338117468530917 -0.010372015163672095 0.592205623916197466 -0.011000250059974917 0.612152325864934732 -0.011719893871539950 0.659849160397104506 -0.012587333904158986 0.654822155322220212
13.375000000000000000 -0.001491007495462463 0.650161163872518322 -0.002326466979556091 0.729732731932784540 -0.003065883962969475 0.862756112852495760 -0.003856657633619053 0.928795519018781213 -0.004680598209940509 0.972863849921552393 -0.005559933713841130 1.054770061710954332 -0.006196360275281802 1.111492273971073530 -0.006858622628104536 1.077331994768036427 -0.007368896835169242 1.083647352326146063 -0.007885773762604078 1.080915461230167463 -0.008317396338518857 1.006195162256824149 -0.008606755483794559 0.927320554047217582 -0.009036233435699016 0.860257621924586879 -0.009265057683859572 0.806240203378886355 -0.009507560946866205 0.715814102376403749 -0.009620939420533802 0.684991226734826486 -0.009816618898416488 0.652414983636539270 -0.010296000889814286 0.652188839605186810 -0.010878826995565910 0.634154089136900190 -0.011689147705463468 0.669770465004970283 -0.012755551590906949 0.633928024464012529
13.625000000000000000 -0.000934113737182523 0.639152829181058757 -0.001826786236293177 0.722716386528875265 -0.002667387934013193 0.878102202117845398 -0.003414343002711524 0.961225310642484621 -0.004235159237165722 1.016509842418113152 -0.005136418562972310 1.126487092899082887 -0.005814844063721368 1.212111876410333133 -0.006451485628522879 1.181758676390151974 -0.007007449644990736 1.206623613242915560 -0.007556817685271863 1.211966238119455586 -0.008012384207528662 1.152433684813580106 -0.008360407245931510 1.060805338841915635 -0.008785830322674989 0.999553133885851763 -0.009049213788052776 0.958520018705294685 -0.009314210579512178 0.842731392331470652 -0.009511270312060581 0.799014805241277326 -0.009738705643531824 0.742392171109311327 -0.010240498755474465 0.729982798086670326 -0.010881120963083812 0.669556439321789765 -0.011767739829035383 0.676404671116057066 -0.012989638761958341 0.621482016599579246
13.875000000000000000 -0.001182234345403638 0.614507257781294447 -0.002105020471859488 0.706070681674891731 -0.002982226524275010 0.856824969761030286 -0.003739819276291556 0.949655770387357379 -0.004454144825207902 1.015193233694882347 -0.005260979795655385 1.124027664941761762 -0.005881842485151862 1.211850005161972499 -0.006476661920846975 1.200085023666434658 -0.007004448336607959 1.227172401554254888 -0.007500635358641409 1.228732834662938922 -0.007918953822759461 1.178648706887581943 -0.008276599248471061 1.109783312178872272 -0.008687067151662103 1.054721952534634077 -0.008955823009017603 1.037470494175372737 -0.009213838235348572 0.920294374575487573 -0.009434748174309913 0.887357140580840364 -0.009706520977048794 0.826127679222280253 -0.010200478814456074 0.793893428194131889 -0.010838498831774918 0.708776952392304205 -0.011697031953013649 0.694592385066943208 -0.013094160592269252 0.615953094033725446
14.125000000000000000 -0.001378420534189866 0.591512830146147417 -0.002322872447409973 0.665987572622580570 -0.003164703981587720 0.788986607605851376 -0.003892710503079520 0.879728691088047521 -0.004548309033662675 0.964704926556612330 -0.005281518918796615 1.056335089393418025 -0.005851590858478973 1.159041941649684659 -0.006408614383509866 1.137990624026858022 -0.006903722000194868 1.168640452652045525 -0.007342640834797909 1.186259735647336555 -0.007731616439734521 1.125938316036766640 -0.008076259099192917 1.079740439302705468 -0.008444509503031774 1.038466393937876209 -0.008702001195838669 1.027980573889858862 -0.008942657950730463 0.919871323154304199 -0.009157516685248206 0.910069088115320168 -0.009455470837002877 0.853096112866598699 -0.009931788724695011 0.816229043483910122 -0.010559983978308703 0.744856782414824115 -0.011434724255708500 0.708457739475144899 -0.012625064417742407 0.644645553012606065
14.375000000000000000 -0.001537984284096572 0.596739433839008626 -0.002511710666296751 0.653299857707767218 -0.003314736869919966 0.772473086919999496 -0.004051316946198089 0.854025560123197858 -0.004688704021793581 0.926272356234281835 -0.005344647868760229 1.041404258014511086 -0.005858962160129723 1.150062527586741545 -0.006359666273062873 1.138671787626762466 -0.006806446600360916 1.191097286683154399 -0.007193681119732603 1.215715127414296992 -0.007552809737678946 1.147040915890483070 -0.007881372997969663 1.118468533729308101 -0.008238931498978926 1.100541225393152134 -0.008508110703759566 1.094366139233709845 -0.008719558873181328 1.003034850084715490 -0.008937881950321318 0.971895660246729465 -0.009229306469157015 0.934643798346848298 -0.009714541208568617 0.882912296962128473 -0.010340595277889907 0.799233145713349580 -0.011207965864825996 0.747710519552432507 -0.012336309478640041 0.663724092836098345
14.625000000000000000 -0.001710084965539765 0.599352631878549813 -0.002731107976870358 0.654863293931706503 -0.003516357616574294 0.767136272434637112 -0.004233934139794984 0.849000086729280956 -0.004850719651920867 0.941907752202203241 -0.005450291527896193 1.060224168222493546 -0.005905215977724882 1.173291954731967346 -0.006377027588148047 1.177268980085646399 -0.006819153320169634 1.229594686740582699 -0.007176530009519249 1.274533702345173047 -0.007515846278740735 1.208652595521494177 -0.007834279003559362 1.191366409722284692 -0.008156555925962958 1.179812488900632728 -0.008402215101030475 1.172041215459288743 -0.008628493925790277 1.080274559306612536 -0.008893882726352794 1.053811689435239174 -0.009191911974681978 1.019089564722180041 -0.009658815401176371 0.953363451898095793 -0.010297351802674061 0.865391110159604460 -0.011186920680527165 0.775724648357678737 -0.012248574142627013 0.660808383496212515
14.875000000000000000 -0.002026683010295833 0.611840983153580598 -0.003040871183826465 0.675833287811556382 -0.003807814560714144 0.798600962112767654 -0.004483112561776691 0.885896312451760259 -0.005061252326861020 0.982593810719632144 -0.005621871780839788 1.085893979080893246 -0.006043998862420792 1.226012247308077008 -0.006469890800527537 1.227300661191382813 -0.006866414941389605 1.279833628102606591 -0.007176820830208600 1.347158781033929609 -0.007483867163200986 1.291131272835557731 -0.007778549677132419 1.281403231712629820 -0.008074563865460226 1.269047390652976892 -0.008314764934236113 1.255788255138383436 -0.008528318089987143 1.171792020814223401 -0.008837874289660793 1.146537344637813316 -0.009131701691382145 1.107790708947068659 -0.009560194526554882 1.035998927579464990 -0.010178198186467736 0.921244314748050241 -0.011032898530103396 0.810395745003479107 -0.012110463470151930 0.670884999351399891
15.125000000000000000 -0.000843601871807440 0.609672786357349561 -0.001949979773917723 0.687792572006717395 -0.002865402819903488 0.838455822013577046 -0.003703740361677360 0.939747166851553239 -0.004386411099850899 1.036808124831245959 -0.005106179217233117 1.136651673720034506 -0.005709480930187905 1.249463286617361613 -0.006254530200765601 1.204302374268885645 -0.006678937213314590 1.236136832292981769 -0.007101645635278424 1.253816403828693415 -0.007445052902822275 1.169708510275190294 -0.007815651407694324 1.123706474882680384 -0.008110642547332843 1.062152037060644538 -0.008297697931049886 1.064556888234514442 -0.008551252318763676 0.935908374858878345 -0.008795334883365249 0.903608575700699301 -0.009055663746315208 0.814587124981916655 -0.009372624304479956 0.790078483801697762 -0.009896213363767069 0.719205149738481819 -0.010717461051728107 0.682197954047240818 -0.011889392304754514 0.643400985111210688
15.375000000000000000 -0.001372882918008904 0.617579404050876080 -0.002439837176704028 0.667806192106710772 -0.003293643935486483 0.806857604519622074 -0.004051779672008126 0.892196893614207953 -0.004661740523519342 0.980015379198674874 -0.005265623779137726 1.114052808364179636 -0.005805171332700878 1.232949892690267779 -0.006265180171326636 1.203480309495069456 -0.006646009977563670 1.257704325710271132 -0.006982630271671167 1.286487413164526528 -0.007257640788715861 1.197122329201753876 -0.007606227246815354 1.173435641380689010 -0.007853556001156113 1.133591743881461333 -0.008048396189586020 1.147399903992014858 -0.008262547110304301 1.039014823838215751 -0.008511088361784774 0.987573981903563269 -0.008793192555062324 0.911934266065367094 -0.009091783945139806 0.865668716899599233 -0.009577886895259782 0.783167381399901941 -0.010374144924440351 0.726495654960730319 -0.011399235905666397 0.657819921140695985
15.625000000000000000 -0.001706512892499646 0.624449560621107569 -0.002816441971808486 0.673008694522204243 -0.003613069268698670 0.796710001299115733 -0.004339119579952449 0.878698200792427109 -0.004888214629027555 0.992225291176986324 -0.005390872681160896 1.119164096593469493 -0.005823704956365095 1.248810353587707089 -0.006213041718387067 1.246234912156888308 -0.006575677075572693 1.310206241790457193 -0.006861168415180930 1.360090676959324618 -0.007103131075517886 1.278876754909714197 -0.007421183876388053 1.274370878835498377 -0.007667718337571986 1.245744661904882200 -0.007853279224454718 1.258509141928988884 -0.008093538894525316 1.145352896542227050 -0.008366338213868056 1.111151840748519914 -0.008668015748400860 1.046395053916461260 -0.008982600645276475 0.973685275993742105 -0.009544905711283023 0.872318773010359982 -0.010351064131052983 0.764499901929582504 -0.011209116302896737 0.639122094442236555
15.875000000000000000 -0.001991932069434462 0.633404292816345693 -0.003097183481064052 0.684260181386499244 -0.003848930626172538 0.815463216009216452 -0.004432321716496060 0.895407124053834602 -0.004889148881340305 1.018716569065290845 -0.005297163114342502 1.124930846511860594 -0.005634208365766832 1.288777461039338990 -0.005946686311251253 1.285220344288999117 -0.006245325136776751 1.356896553312838094 -0.006484099769588251 1.438264500846618388 -0.006694830098291722 1.369893093251721039 -0.006973918195383193 1.379549083767152240 -0.007201115162523768 1.357036008966191920 -0.007413334430770956 1.357172871432164252 -0.007628649455820095 1.266340228166308535 -0.007918297463248215 1.238048468733620622 -0.008206329345738951 1.178611582672373981 -0.008501438661654259 1.095555429328873842 -0.009059330021289008 0.957001998973697865 -0.009830975571494949 0.807267859176945879 -0.010499196196496025 0.648301375409042424
16.125000000000000000 -0.001860630381202422 0.596506478423359465 -0.002915209484017417 0.656141298904668990 -0.003537931216109560 0.795164762032683714 -0.004020770276660647 0.899039220362574332 -0.004411330528617604 1.029086180408310236 -0.004737049173100189 1.131123658415722488 -0.005010200316784938 1.326843577458082457 -0.005266198941917846 1.339668086571781380 -0.005498864779890950 1.409876192563735975 -0.005707596957271219 1.503650750248500367 -0.005907083613100802 1.472335741559341438 -0.006185895156363116 1.479199659466925887 -0.006400726944077744 1.479470408979561391 -0.006579256019356199 1.482731079211007330 -0.006698526869753866 1.386750590147875162 -0.006997695644602252 1.367201376238662336 -0.007291932615247931 1.307584134151555499 -0.007574374030084489 1.235899287567792326 -0.008116181471903638 1.048534443589342446 -0.008805876118346701 0.853431983120938042 -0.009517135542029766 0.641497200777480625
16.375000000000000000 -0.001880299949646605 0.552097949503297714 -0.002821911266269062 0.595510487157087098 -0.003340521408825007 0.741468470561718496 -0.003738636111268086 0.844144013320769160 -0.004063526633668865 0.984201462106270464 -0.004300828768803393 1.066443004640295289 -0.004501281778631815 1.264150518259749889 -0.004697980476512668 1.291615196150606160 -0.004893942182858401 1.374249628076107621 -0.005037497739390369 1.503789954020552821 -0.005219268429580471 1.498482138866564117 -0.005456076693707413 1.515657636605737490 -0.005631205657641594 1.541193676375682831 -0.005827789915901847 1.532145486168694948 -0.005972040681126685 1.469833882159250704 -0.006236204262309572 1.438223312567103340 -0.006535909326963778 1.397901569776912822 -0.006790198260992819 1.324903159321944246 -0.007307056246781011 1.115765531693144963 -0.007993282433891417 0.888472338491296698 -0.008623058941952059 0.637463675536499408
16.625000000000000000 -0.002112070151128055 0.531086890369216857 -0.003035299250235502 0.560135842590464006 -0.003478293212951251 0.689374007016235191 -0.003825819039631266 0.778231727341586410 -0.004074736699876696 0.908310413395272520 -0.004263258928514716 1.009766224163220816 -0.004426810148579589 1.171444034627143083 -0.004579001953027488 1.219283546153556497 -0.004720025018371791 1.336668777340077829 -0.004839457014835151 1.473060834841480204 -0.004966715472904763 1.474027527060609133 -0.005186150114088748 1.506308827290217200 -0.005343700398128821 1.539504420525775741 -0.005546142301410660 1.545910108615598855 -0.005684513412902122 1.513836727753351763 -0.005957205084862192 1.488465827298769195 -0.006245751674562137 1.433732572925158433 -0.006497100491006992 1.380098403039757837 -0.006993263160981250 1.157113867441115884 -0.007677978787239178 0.931852355126735699 -0.008332442132434441 0.663270981685176619
16.875000000000000000 -0.002452388702508283 0.531959914347427509 -0.003319306117908463 0.551348595389294482 -0.003684013443337482 0.661530563854485054 -0.004003234438322432 0.753875536873080287 -0.004201146356115076 0.882208593046019174 -0.004327046053170110 0.974363478516994785 -0.004442643691985371 1.118680491887432904 -0.004547310557389781 1.188028802571997389 -0.004637945248864822 1.306007692528565300 -0.004711658217871129 1.450787978627127384 -0.004787599793056327 1.463550889979883918 -0.004962467940574275 1.503393390120951967 -0.005096500780688806 1.543934756863889035 -0.005278371292941164 1.550125615186681127 -0.005416085574493295 1.528440546497434216 -0.005648550232147632 1.511641038745571430 -0.005911820421088934 1.472696208460210654 -0.006132898956012815 1.408139989002270331 -0.006573667063759642 1.192499614153808452 -0.007201047529477232 0.967760917576207746 -0.007826399331617577 0.675171065918891089
17.125000000000000000 -0.002504188416466756 0.534651759928160941 -0.003266047969403755 0.548977972732172415 -0.003565311772072623 0.659267382451160011 -0.003801691148123380 0.758680679828718119 -0.003972325750920605 0.879803477621082797 -0.004071290780164695 0.983536659658928225 -0.004165080561688213 1.129065023799806777 -0.004216679548381981 1.187493871954111269 -0.004283806704132411 1.321257753280475677 -0.004319099839276279 1.483903381449320769 -0.004364582173322538 1.496955301905287028 -0.004501006419089030 1.529813400450716676 -0.004604614851241151 1.593499846120870256 -0.004768056021600669 1.606902390460846375 -0.004894868455296041 1.581275359357374510 -0.005104900695915299 1.574209503465648474 -0.005366349771367795 1.523138235125834017 -0.005554781197705980 1.447035631957554802 -0.005937713688372656 1.228637258137285748 -0.006545233142171960 0.994374423470354318 -0.007058178821879744 0.689751238468853001
17.375000000000000000 -0.002738285096414270 0.545513524812380357 -0.003364956665515252 0.578520870917446417 -0.003602903101276565 0.716929539726128051 -0.003786238428371951 0.838630416950565616 -0.003917395699577963 0.968481081529145582 -0.003978637244788029 1.077022721931878424 -0.004032636778042840 1.202573439094860808 -0.004041463352262195 1.313200542716564723 -0.004070671945092079 1.437327324085429181 -0.004075170397210872 1.625613046515187898 -0.004084493457295857 1.631923689615355055 -0.004179256474419052 1.680528783412761573 -0.004254663372409126 1.775013255509750199 -0.004381805683364329 1.777435513545177814 -0.004500430462203646 1.751329596887907902 -0.004668263449498700 1.716142195134972903 -0.004874934489321632 1.641112371448662399 -0.005003742599787965 1.542794676022501754 -0.005306143045020919 1.305802129148489144 -0.005830678997741662 1.040290535940433303 -0.006440827893202252 0.672468765944431279
17.625000000000000000 -0.002777966764975993 0.535593449012878198 -0.003281198156925844 0.603426620668769842 -0.003457886603423568 0.755000860556495734 -0.003601845970511310 0.909463055789256569 -0.003685407779661245 1.065003526536118184 -0.003738936262661874 1.165324230177638531 -0.003773007700656954 1.285011857218322007 -0.003764452476429757 1.397642723839237933 -0.003755946600797354 1.518474184385948167 -0.003748754069519132 1.705919652385130991 -0.003728675925767378 1.735324634871404426 -0.003778390035079839 1.794050856105890324 -0.003822847073832619 1.890340213637627942 -0.003907865308957780 1.897090208990765525 -0.004012074057200563 1.872263361420955174 -0.004146956311566185 1.833511312981328745 -0.004310121911288782 1.742123596357760373 -0.004409345922994500 1.617906847277868154 -0.004672029640616568 1.377419400379634951 -0.005111961336585222 1.072048521385915221 -0.005597836118515342 0.649981356496378448
17.875000000000000000 -0.002840743101658964 0.533312405280711554 -0.003129152638686720 0.637873268868163756 -0.003227301892971419 0.823129322489894011 -0.003289456493776525 1.017233861715245213 -0.003321785949551322 1.176130563874654422 -0.003345081871241844 1.303552581712597913 -0.003354884919938656 1.421550879718049165 -0.003307619782857202 1.533827878175890724 -0.003251207124420035 1.670864585300489757 -0.003218874636204617 1.866354779353678994 -0.003178756906871242 1.899686545166373586 -0.003204326344851698 1.975675661005468875 -0.003225853761995185 2.072603868291755802 -0.003291431902527012 2.087021922808934615 -0.003367725267883184 2.046204613206839884 -0.003449971246439431 1.961383147065429711 -0.003572417758560407 1.856925253717547131 -0.003633762770983475 1.721845625222306442 -0.003813531502332949 1.455825491107731962 -0.004165531939514422 1.134273328587991347 -0.004183664487741154 0.644843875625880969
18.125000000000000000 -0.002751278321188914 0.530344932310118033 -0.002909798685972811 0.657945221691672022 -0.002940891548862274 0.875444627488121796 -0.002985779380617588 1.094188181870660248 -0.002993895508869278 1.276458429092464986 -0.002998714355931505 1.429163824320260900 -0.002985763602812945 1.518965601909315843 -0.002929463968798287 1.651419298847581763 -0.002845782952515299 1.791001724172299525 -0.002783708052459246 1.979783727070826727 -0.002710591715068179 2.010361713965350905 -0.002712041537348809 2.084076097930463778 -0.002701936889893456 2.190256168328742259 -0.002724196785991566 2.216627902655238902 -0.002783342670429343 2.177652282185047472 -0.002826338419855837 2.070521263104730281 -0.002926566483795537 1.954807747425193920 -0.002946885006616786 1.797247262259694445 -0.003073551712031235 1.533696917252546088 -0.003362263640848514 1.182659102599918022 -0.003175958618131857 0.630764916524994890
18.375000000000000000 -0.002976686266290599 0.536280381556442309 -0.002987758527904916 0.700050672912254313 -0.002954809235825604 0.954806754531043467 -0.002949867268973136 1.196713441630383956 -0.002924046992080176 1.404656124220031499 -0.002892990985222602 1.568816523398094631 -0.002842145633233205 1.641537629286941469 -0.002762464067810067 1.788743844567312502 -0.002670682119817623 1.942132379082654792 -0.002575717246975587 2.143746469911413044 -0.002461469942271406 2.162017352698379025 -0.002417788901447382 2.242350683063775385 -0.002368880582403455 2.323920139821447517 -0.002362431513617461 2.364729238519755139 -0.002418430559116850 2.337492475444613138 -0.002403399754840321 2.206319384110352999 -0.002455006304853122 2.068237509130911089 -0.002436974907939321 1.885155717648556717 -0.002496726695356817 1.630730202002970142 -0.002719713325792267 1.244578004170677765 -0.002423671753717860 0.623943319728245904
18.625000000000000000 -0.003290555844409738 0.543867639183419294 -0.003182199468450581 0.746733964161467423 -0.003116235639798657 1.035220760714286037 -0.003076357797313386 1.312430157464524072 -0.003035536526560014 1.545361216078491307 -0.002997045645266663 1.717381419719509417 -0.002929374968284188 1.792081560578915544 -0.002837004663726120 1.960713724611463205 -0.002729538898747412 2.104168868858034891 -0.002631181361369477 2.288512796417388806 -0.002493711602331351 2.305730945010224353 -0.002410820425850635 2.377232510747615546 -0.002333646457436930 2.456603193321064804 -0.002286855280922122 2.505254472398556587 -0.002285078882498728 2.469726028566987530 -0.002245538568596708 2.346137648936318598 -0.002257847530742222 2.169583278033913931 -0.002216048766706351 1.967900234263198600 -0.002213708229691926 1.706758828186581090 -0.002368866309971947 1.297319144112120792 -0.002145621951691564 0.621874674095822533
18.875000000000000000 -0.003304041464037595 0.548680423265622164 -0.003050723668601163 0.798899847195313484 -0.002942484427366182 1.125414510156064862 -0.002864968384187530 1.431752566196992982 -0.002809201668921146 1.668768464846943855 -0.002744956454362655 1.853131650599428193 -0.002643548164693341 1.941313401956784146 -0.002531597577537720 2.113604187728876926 -0.002396495043678136 2.231130314625658695 -0.002263191699117571 2.407723840775870983 -0.002100288396981642 2.452508873866416916 -0.001981362990743791 2.543985857417305319 -0.001875962733939010 2.609748371980185500 -0.001773283523537702 2.653919089376080009 -0.001718250714845012 2.609259896193094619 -0.001638470869250405 2.490508495559546898 -0.001605058350467206 2.297674428729456597 -0.001489798557435489 2.067067279813580516 -0.001426360740444072 1.801000484275231184 -0.001497183798784547 1.368419686088192755 -0.001075766584296335 0.604138874138334558
19.125000000000000000 -0.003515552496746257 0.541512862841023623 -0.003103776850346038 0.857883574590038500 -0.002934183784551054 1.221373487711098216 -0.002815162383756865 1.550021188079802492 -0.002724110830856012 1.789167564222213569 -0.002634427858697996 1.993140280498734374 -0.002496812842003491 2.072425187044467432 -0.002362241704634787 2.233163187563737218 -0.002193497400379473 2.359967142321993006 -0.002011246558951043 2.520057089341354750 -0.001811267499828464 2.582081515063978205 -0.001634738682940945 2.686058798587759977 -0.001479806111064877 2.740062115946677146 -0.001329730675147896 2.789781015197924763 -0.001219654374771114 2.748097364755191840 -0.001080011229468648 2.622371655892349995 -0.000979611583088647 2.412877561514161773 -0.000801141719330426 2.167419307645643389 -0.000670682418062745 1.902886428273044661 -0.000652909357858610 1.427266108936768196 -0.000133821022252439 0.594892050509323700
19.375000000000000000 -0.003695467085578392 0.539857594736893875 -0.003203393957924275 0.894828491965911299 -0.002984870155095833 1.283733297671752371 -0.002837418776665484 1.611708992589822698 -0.002720452535885211 1.858301178274381016 -0.002598131307957564 2.038088531429051553 -0.002430864090597654 2.120499414776122027 -0.002270976291321578 2.298452691808064774 -0.002079146126487743 2.418653699341933194 -0.001866568734279612 2.576082802450274212 -0.001647746692069505 2.649486287445871113 -0.001448810643642533 2.760035918655507015 -0.001259873344876221 2.796321836652671866 -0.001061214793949483 2.820414487771146117 -0.000894516693011910 2.801965823465880856 -0.000689984414178598 2.655581429139071581 -0.000505323704842936 2.465086430077302548 -0.000272017479856756 2.253384889607724872 -0.000085081137440815 1.968887351426575005 0.000005398928095275 1.467002604294465051 0.000600696491302974 0.589933099954837448
19.625000000000000000 -0.004075253141275152 0.533466897571215903 -0.003520784089329025 0.930683645907993018 -0.003261865754823940 1.333525523269517787 -0.003069036400609152 1.663242147413708460 -0.002925988932253828 1.890309564384322627 -0.002791520839843046 2.086448614772659749 -0.002608595471155319 2.186928231810233214 -0.002424217592425441 2.332695121656196857 -0.002215237384279021 2.460756829949445557 -0.001981190149044712 2.613438242953632251 -0.001750704825833576 2.711085152458472258 -0.001509577545309957 2.807818967199432247 -0.001281050853030743 2.807837977249568517 -0.001049727598530071 2.838860143304182238 -0.000821654645212752 2.816168909571637791 -0.000565487670004138 2.698209512820594291 -0.000330425708401475 2.530546225590827536 -0.000053178738537400 2.307988811727531342 0.000172518122357079 2.048204147331221137 0.000327307667268011 1.527548673046676964 0.001146533956855824 0.592278936654713317
19.875000000000000000 -0.004178575782010322 0.532936069814846425 -0.003579574830796687 0.956031036936562106 -0.003304076433433123 1.370204467554348771 -0.003091101876406362 1.695235738560289640 -0.002940593299478379 1.915731415167084561 -0.002780244853764650 2.112345272160139675 -0.002583799616196793 2.210891694373139149 -0.002384847705735243 2.373699062289492456 -0.002166653231944820 2.489092099549490289 -0.001913896078024775 2.646521460140082382 -0.001659154143171578 2.739896537378835095 -0.001409419738847819 2.812732420992340998 -0.001154176372474972 2.809875989640718164 -0.000893977094544529 2.830778615855761959 -0.000642353948323872 2.778318881298398324 -0.000360327786064876 2.692272058669519019 -0.000085235463175763 2.518837556861546645 0.000258289834192490 2.295400780038107325 0.000558433028660766 2.033781480188568747 0.000781406935434139 1.532893524277679553 0.001538490511279224 0.586238382188578266
20.125000000000000000 -0.004176509348753313 0.534784842132842719 -0.003594036419306762 0.966097360739199384 -0.003327298255035209 1.377257565437424391 -0.003126467790413021 1.684367011449352081 -0.002971513859441487 1.903413420337774831 -0.002808458203241407 2.086501799045252348 -0.002627795828321532 2.167565998385852843 -0.002415233615568575 2.334150669807537160 -0.002190181618058488 2.442211402197008052 -0.001923225674744399 2.565746143476928420 -0.001631910591545460 2.653895299643250549 -0.001359952758632182 2.712840837360008361 -0.001072718263192308 2.707094684398359430 -0.000807058097088520 2.702588370250506689 -0.000515439326641542 2.691061974519296740 -0.000198061889200138 2.630771228805996564 0.000108295761321382 2.464021796859363178 0.000497234864653648 2.251226308837633194 0.000841564718252643 2.005814185512078129 0.001130138460666050 1.520796127522807684 0.001730278535626281 0.603940223934080533
20.375000000000000000 -0.004358170413036363 0.544791362986046246 -0.003767980257356729 0.988356936653155604 -0.003485897860224202 1.383864021849043224 -0.003261455336989091 1.688580115620094801 -0.003080537367560725 1.897661259016292901 -0.002907929929373999 2.079984793260338360 -0.002729675289259532 2.168139982511049890 -0.002501895347497645 2.332528468480597805 -0.002274146629150590 2.429188491269241190 -0.002003976052951334 2.534694855792091417 -0.001702168466463964 2.634396261599270428 -0.001417441486627709 2.675206443906885667 -0.001104699721675012 2.658298153900522820 -0.000813795274382641 2.656498509083839554 -0.000491522084460145 2.647145112112186283 -0.000155689704234295 2.598511956706125670 0.000182510963973839 2.426562283026698630 0.000592909044281839 2.231111995265663950 0.001012381136443529 1.989825782065092419 0.001361925472887453 1.512863493189798403 0.001927286628965753 0.608258211497863410
20.625000000000000000 -0.004592798813123826 0.556481374435612852 -0.004009685523377247 1.001416089218867711 -0.003723504105679102 1.363769142613372232 -0.003495146390125191 1.668878558095448827 -0.003302815453147171 1.860593693036398877 -0.003124402935550370 2.036688484189588699 -0.002943700778618581 2.123968622779100368 -0.002710704868248766 2.275727693095490611 -0.002467245130393072 2.363217991787101901 -0.002196808014518537 2.436807482576210493 -0.001889447024656481 2.518166082534738504 -0.001578356514589475 2.559534349943377141 -0.001240446455040052 2.553820553296415774 -0.000935100919003781 2.534872222039948220 -0.000573699423527232 2.526485704234596064 -0.000201466839581335 2.496446308274636205 0.000176252262787371 2.335965833573647288 0.000629853922141169 2.134670766991090929 0.001121912467446451 1.890747567603362711 0.001548171960678413 1.470528395321862414 0.002192661656827897 0.609728331205455221
20.875000000000000000 -0.004834238561513173 0.562641064227965892 -0.004239990177482302 1.012457093464510072 -0.003945180181540015 1.361282186873704170 -0.003709607964797886 1.640509275107158160 -0.003510608260237386 1.818468705968653065 -0.003315171012894181 2.006031055192510237 -0.003124796807680534 2.077388393008350320 -0.002886398132025766 2.219117541711654873 -0.002616847498795021 2.297782900292791197 -0.002324326025477555 2.346347173507442374 -0.002000815851387412 2.419711337624903091 -0.001667220237394022 2.463060367228762537 -0.001292024081403839 2.447117175520131305 -0.000950318585520676 2.413490951162423404 -0.000570009842878617 2.409240635553036469 -0.000159369521009484 2.380050775314660694 0.000272075359501835 2.246911809057086096 0.000772889574558227 2.067522212898269096 0.001319700312163677 1.850049431565879976 0.001839243755850697 1.458936884496492947 0.002498969239060703 0.614803133243946864
21.125000000000000000 -0.005590184951934289 0.578384409055365478 -0.005017368249107632 1.035875098637727421 -0.004711801702519447 1.352225837766746430 -0.004445446755138993 1.642341750543802048 -0.004214033347892518 1.817112679794275154 -0.004020207619752267 1.996301511909058579 -0.003851923853235810 2.073144671212425738 -0.003586524178087784 2.207265642993958110 -0.003314917791010801 2.260917211405028659 -0.003037210083801460 2.312012812857001443 -0.002691246571312293 2.331998903231002007 -0.002325908556325898 2.328863198476248897 -0.001904517736240033 2.342055326265860327 -0.001542377907123292 2.301491323342074846 -0.001115924430660189 2.295127808872694075 -0.000679154578196543 2.309980446293033118 -0.000231481870048212 2.203707601599260268 0.000302846163263029 1.986063974796145049 0.000934936761587648 1.803060823422468095 0.001532843144979571 1.436194666707563350 0.002450158383095444 0.624671419164927078
21.375000000000000000 -0.005623447470708293 0.605869084631151744 -0.005036331107536280 1.046817654886157190 -0.004732855171173601 1.370341037792888406 -0.004497939838502455 1.645389928266315804 -0.004282576718332536 1.865904695281998649 -0.004086183922098067 2.052640699510044797 -0.003934638424526352 2.087199065943222909 -0.003698593561930333 2.249572995860706026 -0.003410056213991036 2.293451997645163498 -0.003126637504604423 2.261559672848519664 -0.002769444946546031 2.258003851714219135 -0.002417547429862623 2.248277462400656290 -0.001978735192783832 2.248865054261109719 -0.001592620342031516 2.188423091407118992 -0.001179800892857093 2.184682111443161823 -0.000742744525373723 2.168903507074320558 -0.000246164540827696 2.039779947173234298 0.000319657549105203 1.872791563147779392 0.001021502481734170 1.671645688731273616 0.001736069905349072 1.372264839775873435 0.002595064704269436 0.621252049116253313
21.625000000000000000 -0.006115474203953589 0.618123631573018861 -0.005495605439887832 1.028724297087687534 -0.005164439932706626 1.369595208394114971 -0.004919800962272815 1.664241922749240654 -0.004696803043843968 1.902202630394437488 -0.004545607805456037 2.112598744339786894 -0.004399326442763554 2.148593777160839213 -0.004162855460844344 2.255610143207189555 -0.003872228083699244 2.319415763744108627 -0.003606537063708744 2.230009207215438938 -0.003247438091025118 2.144061386848194140 -0.002881083618221281 2.124159759260487057 -0.002423395365948135 2.114822985346064499 -0.002026445207851849 2.032379083071539583 -0.001611231996410191 2.082889975934079096 -0.001122694742030030 2.024441946094932110 -0.000604056036137539 1.881715567608010842 0.000026593174135916 1.747639214282437514 0.000822595651759190 1.585334872022327923 0.001572502214740630 1.341022661961029483 0.002721626780022104 0.623594498747909398
21.875000000000000000 -0.006948872238471239 0.606150050033182675 -0.006218765723835711 1.012873941957178392 -0.005846222113363169 1.374713128588678890 -0.005566703494185725 1.683836922052287743 -0.005334877488372742 1.925119467226067416 -0.005178388046494051 2.142749082642991798 -0.005009380213848857 2.199622214500587702 -0.004773949881841164 2.288946290729751087 -0.004466611856241914 2.339438646306612579 -0.004210833803684932 2.278460001372937249 -0.003872482418802926 2.182574192649467726 -0.003506783318724014 2.129197723916433471 -0.003074197097987650 2.103722895343077770 -0.002654511617029696 2.040890530410035542 -0.002233904253688695 2.016134077966315719 -0.001745690817484712 1.929193602654822870 -0.001179955664693322 1.782094062117654198 -0.000423002166060850 1.645833382639116493 0.000490786871242716 1.524420357537890736 0.001286564756792860 1.317918965371066786 0.002204845020593622 0.581163629584948938
22.125000000000000000 -0.007032903792608516 0.594730817886198748 -0.006237056484571687 0.970602120243361122 -0.005838978687504807 1.354734838645693884 -0.005565849628442734 1.679725200761076787 -0.005366026873529238 1.932714971148479677 -0.005218239442495842 2.157016129702997276 -0.005052988858019383 2.227266421494463966 -0.004801352180030955 2.303996573823262839 -0.004537826779600247 2.360723568825572549 -0.004300235025354070 2.291900372651467066 -0.003966766842653577 2.122709371119275268 -0.003596955134519194 2.098998142141157430 -0.003172399854770847 2.022576840768645745 -0.002789471909513386 1.914714807749191561 -0.002374750796255512 1.824758651219368311 -0.001855598448082202 1.764660148041319543 -0.001243311402953645 1.633246412455281682 -0.000413902481499244 1.477163966585050670 0.000549537357269392 1.360514300146127731 0.001404429567423668 1.233154819175023009 0.002573447904660575 0.575396112564626638
22.375000000000000000 -0.007136056574604148 0.575951038365139723 -0.006279713332062970 0.943896748081473835 -0.005868742806175560 1.358684454875939140 -0.005575561095936083 1.665255711826137519 -0.005366878976282001 1.929386858017180462 -0.005223576980401602 2.190015533354331190 -0.005073599592928422 2.225637519578202550 -0.004845042575344635 2.323799681062100664 -0.004587478849408908 2.341227707586734486 -0.004360873183694027 2.286500425033116457 -0.004028232179302193 2.137742124000642896 -0.003692193139746086 2.062010670102028875 -0.003269461075419577 1.909695682808643102 -0.002863809340581961 1.827046302613227091 -0.002431091817782921 1.663406481757394140 -0.001883640361756250 1.628772350002362757 -0.001227051257284597 1.485559228283525490 -0.000360129491641371 1.381623308672961015 0.000593783342526561 1.324018275246927168 0.001476286444787138 1.172396473132776284 0.002657777390309724 0.561564013157019204
22.625000000000000000 -0.007351187408338835 0.554240757377032156 -0.006443727180758333 0.902174767408766565 -0.006008327879009421 1.330286011337832974 -0.005706817003991112 1.641325826663499132 -0.005508628711397492 1.926648668309774104 -0.005357797459399989 2.184739770468678177 -0.005223147614424680 2.263120932031310151 -0.005008599518893970 2.336326065724184886 -0.004800212007756778 2.349256732723976615 -0.004624797306236045 2.311619235198703048 -0.004284015574863981 2.109922308156812143 -0.003986857602421426 2.013006598079926324 -0.003594808803701652 1.843381361482939296 -0.003226429879283872 1.739232141655499442 -0.002771263137150557 1.540226231108502208 -0.002226119854417622 1.479346742339152199 -0.001578610468666113 1.365216525867999353 -0.000740559430917537 1.260903973958586333 0.000256168431465596 1.186889126976874875 0.001123091871455496 1.091687964473973871 0.002530314929806575 0.533435227125874767
22.875000000000000000 -0.007338364743147199 0.565104022629786762 -0.006341954876359107 0.884583667375606231 -0.005866074546769139 1.284274192157218941 -0.005524452051934632 1.593199871653985022 -0.005329124015574455 1.865829043590946146 -0.005131110582113354 2.140408996303134970 -0.004982077683130523 2.225482055244219382 -0.004803305331366385 2.343435076335558698 -0.004630896988513557 2.320123095783925837 -0.004501619997255801 2.326364885032755403 -0.004207502725590147 2.170986031259677151 -0.003976147080546612 2.056775336777005858 -0.003634308475416325 1.842223397195289492 -0.003271513596685954 1.720042681589841527 -0.002791091444343212 1.505851501396881620 -0.002248480564849278 1.377502907736787296 -0.001552343754333475 1.318331975222065244 -0.000736980389064736 1.187268776220521405 0.000198049817189570 1.145338958676131336 0.001092838716545503 1.037570773928451207 0.002461036473794986 0.539467758760832639
23.125000000000000000 -0.007203242095303178 0.582023471586658792 -0.006220406930887466 0.851225908041412294 -0.005706429489790763 1.225732447906750844 -0.005317358598337646 1.502005770937970608 -0.005097419867292692 1.783670889282474414 -0.004908801573263244 2.062603082448019709 -0.004750946424085017 2.195455620647780215 -0.004622087673193598 2.312437450751329671 -0.004495708663159548 2.303385122550734021 -0.004416116771130915 2.323840461221666764 -0.004187953582320486 2.142921259707655235 -0.004029514744374747 2.030481408939883270 -0.003747952423377892 1.835011628577703169 -0.003440650062541392 1.701712268243008808 -0.003022119563672999 1.455808230533991887 -0.002520467058633988 1.340491930007538190 -0.001848764524551893 1.227586262049195742 -0.001147153405796011 1.077963570475388044 -0.000299462823547926 1.037496917855710521 0.000646863961541942 0.947399528752130959 0.002309308863848338 0.546442547270688084
23.375000000000000000 -0.007254863450944971 0.589417471134397020 -0.006279368777881235 0.856435755838075075 -0.005741783619306718 1.213684217996527703 -0.005322679832828677 1.454604394133161449 -0.005066056007900431 1.705706191186920462 -0.004858532514044740 1.971864529706105484 -0.004677290327372673 2.093398068242070753 -0.004572380992181722 2.223840477978970220 -0.004434416209808472 2.235741335957368570 -0.004368160498404836 2.270955695614652825 -0.004204731951131174 2.153717378127399495 -0.004086787580605781 2.015184984702336202 -0.003865084193801990 1.830776945817581547 -0.003587406904908596 1.728914636132998783 -0.003215704068096723 1.512677050262419831 -0.002772810851676027 1.357469783388247198 -0.002156195681745280 1.260749888767988214 -0.001519408537023827 1.083528013813112922 -0.000758785352158253 1.023714115667359259 0.000121790782841067 0.966376185668905707 0.001906050655994107 0.556862476648772309
23.625000000000000000 -0.007745391000011999 0.596007049511829479 -0.006726331769839443 0.858412318099511906 -0.006113434559423928 1.195496115967045858 -0.005659755094429542 1.443222447223667659 -0.005370279062343094 1.700294625888421507 -0.005131234449838265 1.935532176215005284 -0.004909224717782656 2.121786127965334501 -0.004764864602713027 2.243787585997043532 -0.004637694959952701 2.279620296992748152 -0.004577864441402841 2.320891674268114713 -0.004438153524699904 2.203531344064694419 -0.004340912280668883 2.055369705123727631 -0.004147443048912337 1.907637874810873546 -0.003889227652685296 1.766656779799685717 -0.003564488594670113 1.595534567930793513 -0.003142746700930392 1.431036629051189779 -0.002556732692766493 1.326040656641453985 -0.001939731197896256 1.118986767605694155 -0.001240602729039264 1.034187435097520869 -0.000431936073947567 1.018258566050449287 0.001096695494879265 0.575689669463941178
23.875000000000000000 -0.007763773657023769 0.604512558785494591 -0.006768665177574979 0.842754581078691056 -0.006125221968716957 1.147478779857172171 -0.005635156464213896 1.384506945006655609 -0.005285704245840778 1.588954440193625084 -0.005022864408263542 1.799816533767837790 -0.004758882407213030 1.986334614252039943 -0.004574529023822648 2.119627490068014541 -0.004421692181870475 2.159388062781760986 -0.004311942415578615 2.248493944680758361 -0.004174760217638659 2.187861262789966066 -0.004080254365189714 2.079335417044130274 -0.003908923190149512 1.963521416071336345 -0.003663500990480017 1.827223823917074608 -0.003396914504227422 1.704525859665875220 -0.003042134389412904 1.565310707074744956 -0.002520884183394223 1.392429661898267446 -0.001945064370515887 1.183331738528220711 -0.001349757215580061 1.089226081917375355 -0.000633229637034802 0.999938464926182546 0.000601728612672928 0.583570139143198330
