# Index(['mlt', 'mlat_eb', 'ef_eb', 'mlat_05', 'ef_05', 'mlat_10', 'ef_10',
#        'mlat_15', 'ef_15', 'mlat_20', 'ef_20', 'mlat_25', 'ef_25', 'mlat_30',
#        'ef_30', 'mlat_35', 'ef_35', 'mlat_40', 'ef_40', 'mlat_45', 'ef_45',
#        'mlat_50', 'ef_50', 'mlat_55', 'ef_55', 'mlat_60', 'ef_60', 'mlat_65',
#        'ef_65', 'mlat_70', 'ef_70', 'mlat_75', 'ef_75', 'mlat_80', 'ef_80',
#        'mlat_85', 'ef_85', 'mlat_90', 'ef_90', 'mlat_95', 'ef_95', 'mlat_pb',
#        'ef_pb'],
#       dtype='object')
0.125000000000000000 0.005104783718601930 -0.026093394987550290 0.004404910000281801 -0.151283320292207757 0.004107666045810429 -0.246281577391215784 0.003875767575742657 -0.300985200417352716 0.003665734151433969 -0.329070670564018064 0.003472626165262645 -0.351640461596815612 0.003278519850009677 -0.359062174588587635 0.003084479664131200 -0.368958155572657598 0.002884958613279282 -0.362505090110962269 0.002666666417645616 -0.361624424470238459 0.002448200101227015 -0.379457277471691834 0.002208625091273693 -0.379317070691142066 0.001961766226462645 -0.378444255695463194 0.001707684094411495 -0.390897837885935073 0.001481458290903844 -0.400275399695149581 0.001259458339794763 -0.399778859182026602 0.001078758045456406 -0.387639916548758345 0.000915607105009168 -0.370848140181441577 0.000767494307641597 -0.312535148660672002 0.000557305842089838 -0.207543618709682381 -0.000344456207651664 -0.034944733145915313
0.375000000000000000 0.005026134253536945 -0.027119416920866994 0.004368664134202285 -0.146299722632095119 0.004094473744344377 -0.239351012944956504 0.003883593852670697 -0.294308541199190643 0.003694932251273673 -0.322490538765157542 0.003529528405264167 -0.339385280043202731 0.003361394733153553 -0.348167065729809433 0.003193931871635346 -0.357807639881369599 0.003015219482670886 -0.346466842446980727 0.002821665384492241 -0.344393186961509168 0.002628299332363626 -0.355802066688394203 0.002409059498039422 -0.348836033518550248 0.002178603393351697 -0.344522187085171461 0.001925567686854384 -0.353234730916713202 0.001701645557092035 -0.364249799762257243 0.001472331593411843 -0.352776443600280931 0.001297493073538588 -0.345408695430169665 0.001146081380011508 -0.338534921289484370 0.001015211918538552 -0.295345271540831789 0.000832942790178695 -0.196581062420266628 -0.000145274599234322 -0.034504830094598815
0.625000000000000000 0.004921184830438013 -0.025406210657856455 0.004303659057649147 -0.139759106328801730 0.004043433713156740 -0.228640698662541664 0.003847290077298115 -0.275324340992009142 0.003681603084571979 -0.303522951195300372 0.003536891035309589 -0.323681945190040621 0.003390171286917760 -0.336812320017986000 0.003249170663494566 -0.346798503082201726 0.003101332980344183 -0.338847932472260860 0.002931860516779292 -0.333150212622908171 0.002769042872329956 -0.339494676394808237 0.002578996804386189 -0.331091441136381726 0.002373361588528499 -0.321430434791625752 0.002131157059852681 -0.324255259046810240 0.001913269676101153 -0.324345186029794286 0.001688460954104699 -0.316481362900487284 0.001518546040487169 -0.309271299151646528 0.001372263852996639 -0.306234184206756299 0.001251322893712334 -0.268891648768737612 0.001089342081042481 -0.180982866062156966 0.000077694555542543 -0.034133927403986235
0.875000000000000000 0.004775609985527485 -0.025627731449788877 0.004196127576105718 -0.133903402130652521 0.003959158161568534 -0.213012007518912000 0.003778073090046384 -0.259762124876047273 0.003632905051816827 -0.281659774506564820 0.003506275006333243 -0.298943388430995882 0.003377141238650361 -0.313074615480829377 0.003258479206735808 -0.321977228223906287 0.003132502241914355 -0.321551798245051201 0.002989062670700242 -0.314390363893998936 0.002845326832997480 -0.316975843104266020 0.002679621056363819 -0.306690574979624819 0.002493463463726244 -0.295599783273293448 0.002270089090667056 -0.295344848061881937 0.002076051949291152 -0.290321231280106284 0.001865067551224674 -0.277863053553596473 0.001700611282885459 -0.270713165764845498 0.001564813875011194 -0.271914932893873307 0.001488422801183468 -0.242096851058837048 0.001358882305211433 -0.161528420562974007 0.000349243439403613 -0.035244802646883205
1.125000000000000000 0.004589761531981803 -0.024599434846468562 0.004089349393684022 -0.121920783577563849 0.003884186947132228 -0.192601070990021966 0.003732189450364508 -0.230338675845635832 0.003613429310179181 -0.251425962656947166 0.003508645507603879 -0.267127853964515216 0.003406906012146795 -0.281857681516172576 0.003306810915607796 -0.287179441878443520 0.003200873583835255 -0.289405859379349539 0.003082748161757607 -0.284121293488313220 0.002969609654863828 -0.278917628972751908 0.002829315566929060 -0.271685351519570961 0.002677193593344362 -0.263209269352708997 0.002490339987374648 -0.259914435628642582 0.002324473102361291 -0.250882294941903339 0.002143307715770822 -0.239227058119579977 0.002004684204829848 -0.227665858117992614 0.001910419411210416 -0.226237600482386725 0.001855442131961865 -0.201840407996427829 0.001768806187849407 -0.133294425829788787 0.000780908438698754 -0.032497207040324383
1.375000000000000000 0.004443087915360296 -0.023715542271747565 0.004011849002401602 -0.114025054785977978 0.003839067703952567 -0.180306320444346080 0.003710519173881736 -0.214654214640053770 0.003614198877608776 -0.236545651647297239 0.003536922476890059 -0.249376755340211476 0.003455569250065454 -0.262372757289440706 0.003376659105120009 -0.268515002298688243 0.003292018829431995 -0.270677181156190161 0.003199093826356015 -0.266377477003620078 0.003113513032891286 -0.254823064567782587 0.002997180968659622 -0.245622420561864202 0.002880033088152992 -0.237038594695557436 0.002722646861203579 -0.232319565365609687 0.002587029635460513 -0.222605431571485601 0.002437056582105489 -0.207467617981139385 0.002329948331594900 -0.197861003740258723 0.002266906081697654 -0.193253105839146733 0.002250006357832867 -0.172956363217353776 0.002220975847320070 -0.111458488603050521 0.001301958414814417 -0.030223602680646954
1.625000000000000000 0.004346611588775569 -0.024501868608655893 0.003973276835901034 -0.106391217601893379 0.003831152938286541 -0.166666567437323776 0.003732989087886085 -0.203342195175630874 0.003658067606966027 -0.227336389819365658 0.003600507610859205 -0.242148008433671152 0.003539543879627719 -0.255105411301132234 0.003478941142126951 -0.258137441010664548 0.003416552953165179 -0.266694381911416367 0.003346903466021952 -0.254419264885575092 0.003283389684470057 -0.241165018427688727 0.003193301710527524 -0.235301483342463591 0.003103110238500222 -0.227508295866337251 0.002990818114301973 -0.221219166864553479 0.002884602948641465 -0.211595224755176697 0.002784619284785573 -0.199573256819784745 0.002714736716597989 -0.185504725220322353 0.002690389573971839 -0.172558054722991489 0.002717898885944689 -0.147086923251775498 0.002720245838537104 -0.092224154701415387 0.001852708894960836 -0.026649987546317557
1.875000000000000000 0.004219974468816455 -0.023308697492089442 0.003907875039557670 -0.091921818391741544 0.003809685597514857 -0.146953544458569257 0.003743279536205790 -0.186829328453903348 0.003690068522564811 -0.209320412920238702 0.003650200678965721 -0.216430876494915825 0.003608008661787915 -0.223512569527396371 0.003560250116267739 -0.225145743816874966 0.003510281951205087 -0.232683625678784006 0.003468241613587672 -0.222408037270622722 0.003425308013024708 -0.211568630696593402 0.003357375103808216 -0.201072979933670487 0.003292446531358620 -0.192673467944556115 0.003213059048711190 -0.189258312286977703 0.003147931732465492 -0.185246626105698586 0.003095868749518262 -0.174841566776482965 0.003055903977594497 -0.166024154153919273 0.003085937765072814 -0.149867928064317618 0.003166992490116826 -0.124430925932918990 0.003206772618205354 -0.074472878097043907 0.002359474888850284 -0.025060394502316587
2.125000000000000000 0.004189146046343462 -0.021831655724885862 0.003936247657251621 -0.082212239716342742 0.003876849290358873 -0.137414412495424215 0.003846227888638969 -0.174989669338699472 0.003812404679738814 -0.197234557036454261 0.003792713322041232 -0.202891655596371429 0.003773071717933452 -0.211458366445000712 0.003742735948860056 -0.211809559038383249 0.003712310962334726 -0.216339009882434180 0.003691481852206981 -0.204102205200352022 0.003672261969137630 -0.195638815172729102 0.003631268272836895 -0.182252021804699349 0.003595912350036659 -0.176711557291323401 0.003551277687903326 -0.173421822838405765 0.003512889453518474 -0.168579598234488759 0.003497554980248097 -0.164540949529559111 0.003501278294026423 -0.156301271337820069 0.003576406033178685 -0.139228819333346437 0.003685074314304598 -0.105386847558631994 0.003742019146990731 -0.061923059984428305 0.002933490405092173 -0.023392488324680622
2.375000000000000000 0.004158323771799396 -0.022011049846016074 0.003952202430183011 -0.072181698160106181 0.003922726224666878 -0.120377366739028713 0.003908666090424450 -0.150458753794010497 0.003886849198085698 -0.169174385159242713 0.003880596610084477 -0.172147081569239135 0.003874665125514159 -0.178841723792677626 0.003856918608852891 -0.181796497828504794 0.003850235349088310 -0.185681211210692115 0.003852719965091411 -0.178700452654572295 0.003852272416459062 -0.167955335674145168 0.003839331995383483 -0.157529834865336338 0.003834817604056741 -0.149449871518659239 0.003817465609387216 -0.150968334946248506 0.003812018894484555 -0.152573622924398300 0.003840020888047834 -0.148458021756095210 0.003885188737740887 -0.142345408780652799 0.004005096369389042 -0.128677552418107299 0.004161747451129546 -0.095225205369915758 0.004237030115576818 -0.056882300024429795 0.003517412851195953 -0.025737959249905882
2.625000000000000000 0.004134309646645490 -0.021431621706636584 0.004006253122587380 -0.059633930170728044 0.004011670141180928 -0.094168970569833588 0.004030716807520376 -0.120924592083914970 0.004030373580454176 -0.129363228537082792 0.004030633541328358 -0.131093854275807026 0.004036973665449343 -0.136174354084011656 0.004037765747786553 -0.136350072560398522 0.004049372191903915 -0.139676712624468902 0.004075491561477095 -0.134284215670573470 0.004094262972153831 -0.129482069621661117 0.004104124589726761 -0.122728027686649213 0.004128866730520589 -0.119808891585474531 0.004152246101786139 -0.121854964917000069 0.004173500160673732 -0.123775426306040964 0.004235026089084265 -0.116279027708431765 0.004315181436232981 -0.112136636325925548 0.004464103266878274 -0.103255683479414648 0.004670398194582111 -0.075607157430281707 0.004779332491107730 -0.047853500109731002 0.004109600173328789 -0.024791956775057567
2.875000000000000000 0.004115919038194226 -0.017064288348876890 0.004047380165444362 -0.043878388404672918 0.004080249259048722 -0.070993715693083478 0.004122749754789168 -0.082138471468463925 0.004142837201922632 -0.083942849795249824 0.004147414789070245 -0.078526810894633370 0.004161405102024891 -0.077790401280744867 0.004167643509484703 -0.078787418445039906 0.004183757606822612 -0.079361399108240402 0.004223019536769721 -0.082490392481970667 0.004254709147182561 -0.078295706084266239 0.004281670486301775 -0.070932339341380851 0.004327072463043181 -0.069312935983943086 0.004372313537331328 -0.072700075884781640 0.004422411401822026 -0.077925611292235672 0.004504920614967386 -0.076404316131287967 0.004612199469142268 -0.077407368191289488 0.004788577585689391 -0.074725211173153103 0.005003897455959689 -0.054776350334640928 0.005123014943917821 -0.037066540321729312 0.004455020417790834 -0.019270286233086791
3.125000000000000000 0.004061951823110694 -0.017759262033531027 0.004041752133482907 -0.038227437726869894 0.004093280961666925 -0.059769566847430171 0.004146667444918956 -0.065629868086007348 0.004172467118363827 -0.064154904732367096 0.004186032074592914 -0.059426818913078772 0.004203834136136086 -0.056987980814233202 0.004216274016278972 -0.053745749766613483 0.004238897328758581 -0.054774098690285558 0.004276440389025946 -0.052598810149045709 0.004312255232510260 -0.046905305250016731 0.004347922654651663 -0.040922743180875368 0.004398990793498731 -0.040716118571664746 0.004451358531861050 -0.044583595863979322 0.004507676859606318 -0.050594115575111863 0.004602316752249697 -0.051229890559459118 0.004724216719055644 -0.050230629201172189 0.004886901322370063 -0.049209227681955660 0.005105317633851392 -0.038321916550921688 0.005232948084057745 -0.024082075452636728 0.004720027897886386 -0.016707856428160632
3.375000000000000000 0.003994108490401248 -0.012833056630960309 0.004016470543697043 -0.024622965970451275 0.004083459569915062 -0.036661136139293386 0.004145739441956498 -0.034559768782636786 0.004182695768156945 -0.024677752100613865 0.004202273982152971 -0.017123177223675484 0.004224505337146688 -0.009477393927912652 0.004244926148460891 -0.005673643243054935 0.004271953511581891 -0.003034431364182833 0.004317764546055463 -0.005534137026457732 0.004361431554333276 -0.001246887401646881 0.004411596231967818 0.004402693575588349 0.004473963482116804 0.005602368458452983 0.004537531463804888 0.001840365304313696 0.004607085574730932 -0.007928495434230449 0.004714124258607504 -0.011122842334201553 0.004849693580580967 -0.016147154293723272 0.005019586261462423 -0.019335042151007842 0.005238607065993842 -0.016451337156544885 0.005365863746271451 -0.009949305215080070 0.004922644197739765 -0.012075125476281702
3.625000000000000000 0.003954942542107545 -0.012884794570940746 0.004025434689426188 -0.019003132265745477 0.004105446530605638 -0.025769271479021794 0.004175802247043992 -0.017574692973663077 0.004223068779491146 -0.003010843923042308 0.004248541828524291 0.005644911582507066 0.004278371183029599 0.014987634620359069 0.004307175539096240 0.019129504231040682 0.004339828293395949 0.022712782617796714 0.004387967904502138 0.019443087045002617 0.004434996333476084 0.024480645609493635 0.004494037674816271 0.029945219029434821 0.004567794005271907 0.028800143814970203 0.004643325078094221 0.022963663461269025 0.004723776006224356 0.013921992699451899 0.004842564748236765 0.008739232328949553 0.004999779504468696 0.006462480445803746 0.005170953116145360 0.001519165964659151 0.005373123079073148 -0.002591410031313331 0.005489212818237992 -0.002015215969917042 0.005116773841062957 -0.011934806957484076
3.875000000000000000 0.003918750216219818 -0.013968045245698803 0.004014700013955925 -0.013711547032429815 0.004100702701147860 -0.012620669539869803 0.004172661137531165 0.000833429040892350 0.004220788789536562 0.019042402385112747 0.004250504655911687 0.027282405652634442 0.004278826645779993 0.038836432799599030 0.004310116300484147 0.043452478776807635 0.004346635557333765 0.049646133248146977 0.004397171311806833 0.045567874711938371 0.004449231483593320 0.049456849135922874 0.004511818757466708 0.054327793158620491 0.004590228243197542 0.054321262973248872 0.004668125148731370 0.048480377166643628 0.004751693580290629 0.038585119009118644 0.004878228669137969 0.032492575867149251 0.005037151489137389 0.027792645019454078 0.005209061178895996 0.021208856884668260 0.005404331399694118 0.009966543359701905 0.005506932547423952 0.003565000059088684 0.005140106675798171 -0.010913787703625789
4.125000000000000000 0.003847771616733858 -0.012917168822475475 0.003969560128690234 -0.011353458437304524 0.004057251746700508 -0.004537330640504213 0.004137842250945520 0.007644720353939273 0.004188438387758795 0.028482524254167738 0.004220060680168192 0.039320123585547970 0.004243636423663348 0.052093747051308717 0.004276411219915897 0.057520880592618180 0.004312523083728037 0.062999424387043826 0.004363008299824558 0.058676121197248098 0.004412781942282740 0.062620482537717459 0.004477539410382448 0.069090613467685913 0.004553879349453819 0.068181156475197083 0.004636253448313143 0.066150283965811976 0.004716585164722581 0.059894237326148479 0.004834675782845984 0.053020923627081898 0.004987580320784568 0.045612157333587602 0.005144314583890685 0.037073267754070223 0.005323231273488469 0.020557111355695490 0.005424711400532288 0.009814603745302582 0.005127050448948177 -0.006635667044361232
4.375000000000000000 0.003739210473464156 -0.010829159968748614 0.003862001111353709 -0.008259537000015598 0.003954825004777331 -0.000034909373525420 0.004030184529630259 0.015402523114440040 0.004079285921919273 0.033424791326111022 0.004114282743235085 0.046051045463770375 0.004138774533135467 0.060054727419014568 0.004168202131883878 0.065872659167231368 0.004204129502259041 0.070539939584513850 0.004253001752290909 0.067819888781296203 0.004302789231755763 0.074356326917879551 0.004368612722754623 0.079508407957076740 0.004443105026185735 0.080353650303014612 0.004519925869517982 0.078916897634641228 0.004603482275313172 0.073920729741666927 0.004718455978579733 0.062791014476038159 0.004864216685607540 0.054255015094428975 0.005004807564843348 0.048004711077313571 0.005154443131356596 0.030041231190330656 0.005222969193448628 0.016108731121076917 0.005029453688205490 -0.003574593598482346
4.625000000000000000 0.003627050271608637 -0.010045234987176313 0.003748892656429701 -0.007397621283451771 0.003838195331790135 0.004984182575471724 0.003907021708379596 0.019408618161632567 0.003956276693882065 0.038194637880892321 0.003992983946531095 0.049123947199584690 0.004016982367975949 0.064823944624411323 0.004049886924600356 0.072563888265967574 0.004087303652736515 0.079147419474512135 0.004135941794653506 0.079167923087273287 0.004183951724576718 0.086282005159576125 0.004248799318037750 0.090569153881507408 0.004318205447687256 0.093079874808408694 0.004389762456459423 0.091024236101100928 0.004468742467815751 0.084643309700506222 0.004580591008937170 0.073326212577182359 0.004717374443005930 0.064108327628340789 0.004846760061059760 0.056734513981772712 0.004979095324349935 0.038665387254339295 0.005031486166572041 0.022526074652712520 0.004938868427634452 -0.001885110746243941
4.875000000000000000 0.003530061810251412 -0.009312251616214438 0.003643219544930763 -0.011312807003438582 0.003728198747743289 0.003139951990686114 0.003786807717527486 0.014864595478520634 0.003831490147673217 0.032362552879294577 0.003867645351258834 0.043517840134089492 0.003889934178894342 0.059648972918456208 0.003919368547815980 0.066411962549386541 0.003954793860022642 0.073083665810207629 0.004001114385932030 0.074466519813281493 0.004047830741560640 0.079434998540572052 0.004105894868139239 0.083138382626622626 0.004169188607928875 0.084949435074779617 0.004235951679028929 0.086147598789788407 0.004313518996395026 0.081938790845728637 0.004416594945113532 0.070313340550861150 0.004541753221437982 0.063206801358407921 0.004647442110026608 0.056188977238797608 0.004738762685536727 0.036892477278008144 0.004767430855388208 0.022878006231048260 0.004708187285826095 0.000032508418225565
5.125000000000000000 0.003363478535661511 -0.008722710288773184 0.003466756039466402 -0.012604431200109470 0.003535144922569326 0.005597960081777622 0.003589725766575320 0.015655617402339506 0.003632028914085619 0.031185010121510974 0.003670117793098871 0.041741080934200196 0.003693287091795185 0.057825341606715125 0.003722185778178348 0.064064401748804567 0.003759731073790008 0.072592882263471839 0.003802409352751566 0.074539043690576720 0.003846246116165477 0.077931418148375217 0.003897935033414956 0.079617197971311476 0.003954154470385459 0.081888226855038396 0.004019219428280130 0.079114827509446456 0.004085019213635831 0.076290982092958190 0.004181737134185209 0.063713572149382516 0.004295294250230849 0.056384553597079327 0.004395519210061142 0.050314802843967270 0.004469290278243153 0.033845800724095272 0.004483648105399493 0.020480036906920140 0.004433177897388859 0.001922803402112261
5.375000000000000000 0.003202969189826254 -0.008391761751169853 0.003269876794427043 -0.014304301945885688 0.003328718207856233 0.000585207013886469 0.003376874286257562 0.009201042653039266 0.003415357316872219 0.022426715691896134 0.003452514907686966 0.032590699875185029 0.003474456795172512 0.046220007363589000 0.003495419413985941 0.053019033319479422 0.003524846692208444 0.059729992547680258 0.003561783211169085 0.062153901573762653 0.003601514493784934 0.065201529881814949 0.003649025870832999 0.067332108288959469 0.003698344630433593 0.069690399711027154 0.003759532441318993 0.066068277369984746 0.003817530406369864 0.063617262127948160 0.003907139651425577 0.051011003140668351 0.004006946273992750 0.042212950714259824 0.004103899809659316 0.039466609563649710 0.004169268224594752 0.028555529885050841 0.004163089879832156 0.015840743256798406 0.004134113011605869 0.001234057451866802
5.625000000000000000 0.002954643869217040 -0.010285895258489311 0.002993819508987786 -0.017903805985213433 0.003059897448460105 -0.007386702360119495 0.003113211333357834 0.001233459219171051 0.003145049205981885 0.010934106805368037 0.003177330982774034 0.021512412278084109 0.003200786754294677 0.032169458373244190 0.003220404528867421 0.035510138248863725 0.003252440738816751 0.040888508026743327 0.003287537763125866 0.045262685186450775 0.003324111222073910 0.047610319810275976 0.003366185373957986 0.050575731232010049 0.003412623811169584 0.050742732765002720 0.003470840178077336 0.047094653067639498 0.003532077923142268 0.047540651142307162 0.003613132543890338 0.033803759742799415 0.003703566299748095 0.027895858656408423 0.003801425490954708 0.028750611218479574 0.003864552251063591 0.021643861797543962 0.003860665363908744 0.009519801802829018 0.003895739511874933 0.000647412266044605
5.875000000000000000 0.002732306325051381 -0.009353505903181543 0.002726525232425866 -0.020867488300999656 0.002785987126384101 -0.013999116528305716 0.002831906908881020 -0.008833963814592135 0.002861952990044264 0.000657289632543625 0.002888463440577847 0.006556313161478199 0.002909126878662396 0.015645431096689380 0.002922893518032034 0.018652977387275244 0.002950731979536212 0.026195919336280245 0.002981552276624636 0.031197219865103758 0.003013590131422608 0.032238724887187438 0.003049306425208334 0.035450824829091419 0.003092235556393599 0.031908226060828354 0.003151275923594242 0.028604914187502526 0.003206538961804342 0.031520484218124915 0.003277543703263495 0.016406022771620024 0.003363469226023107 0.011331715514849291 0.003452799656442814 0.012618000060695684 0.003522914937217535 0.011836499861265828 0.003516991544366350 0.003224735410451150 0.003563791542210944 0.003751283880944927
6.125000000000000000 0.002315892249737801 -0.007896449648077649 0.002305956430116442 -0.020896950314802102 0.002375630262121395 -0.016360642173294367 0.002423675191698376 -0.015418356085286461 0.002462258628418674 -0.009047768901866824 0.002495002548565658 -0.003617387652383526 0.002523225616163677 0.006763248655538388 0.002538303856514162 0.009623160950535345 0.002565344111250770 0.014410821576587322 0.002596301094451626 0.021351650456289100 0.002624719576752171 0.023093863157956605 0.002658627792796501 0.024472684778014567 0.002696492136592269 0.018529068078173477 0.002754342247307077 0.015837701756717872 0.002810414658855162 0.016649732043658369 0.002877984594701323 0.002286986813783501 0.002962989013198396 0.000035668494923318 0.003047950795550811 -0.001831058050993725 0.003133574431969590 0.001556787914281751 0.003148875042888943 -0.000626366891362319 0.003240811412885357 0.005796759517446756
6.375000000000000000 0.002033778647955413 -0.007818170529831876 0.001979971852410076 -0.021169092672251137 0.002059511672998135 -0.023095933563277143 0.002100740613560776 -0.025175926502247894 0.002148879801520708 -0.024878219749820608 0.002192494409579359 -0.023350162785792366 0.002234428865589524 -0.014303660700124805 0.002253115938944472 -0.009809033459895207 0.002278695958386802 -0.002917437418516274 0.002308302184406089 0.004553709980775605 0.002337963232548046 0.004342054015141135 0.002369088494512262 0.004761901896485197 0.002405616579411142 -0.002990513519706839 0.002459881008774954 -0.005592311596331636 0.002518610468607172 -0.006449074878517265 0.002589501609058005 -0.021472589156120669 0.002669263627443477 -0.020908546958688653 0.002757174879803981 -0.020050541455084819 0.002854341447402989 -0.013081819851949505 0.002855803948867773 -0.008106855407725006 0.002950165162046013 0.004857020554018740
6.625000000000000000 0.001753487856860328 -0.008022108138138504 0.001666310023987088 -0.019777612416246756 0.001748291112916991 -0.026892036027571196 0.001801598216932867 -0.030987015978962130 0.001861014281293801 -0.031971972719110606 0.001906621504907031 -0.030798812744946773 0.001956503673786694 -0.024513559229473920 0.001976031498698051 -0.020723256883187043 0.002000589066552684 -0.012413203307546177 0.002026915894204435 -0.006091499127278126 0.002053598932089305 -0.009221898377724854 0.002082449412909795 -0.005634023802191561 0.002120228782026530 -0.013806004397721868 0.002173819123262349 -0.018331062264247994 0.002228526475195900 -0.023311893300823283 0.002299347562455686 -0.036433622911900158 0.002377473212004690 -0.033149678624205189 0.002470416744958328 -0.034313397746435340 0.002569513161620439 -0.025529160313351638 0.002575332910162342 -0.014998059610369829 0.002680315551251672 0.003210362646689195
6.875000000000000000 0.001417456594052319 -0.007223682347407136 0.001294994315259019 -0.019130490795231405 0.001389348635116544 -0.029110660339401240 0.001457465616421374 -0.035085529058399109 0.001523899479597361 -0.036569262589434860 0.001570447701149446 -0.036916292142878990 0.001630067560225129 -0.035391294459907928 0.001652707100527666 -0.036660265854321465 0.001680791354246262 -0.029558289500727145 0.001706774135311130 -0.025046997639870436 0.001736044335742212 -0.030436806885668712 0.001768052069068152 -0.025464109286096982 0.001808211891970893 -0.034113663529209338 0.001867746118521189 -0.036374168727098949 0.001924385398253225 -0.040795218738166224 0.002000907956841232 -0.052159638690008572 0.002080742926942959 -0.048749315908376140 0.002171132009970124 -0.047477092410612411 0.002281860837027298 -0.038112992577721952 0.002292700165390066 -0.022083623433099348 0.002471543017797995 0.001569378592769878
7.125000000000000000 0.001158089837934521 -0.007073076318314016 0.001020722107338365 -0.015505988893198590 0.001111292130357831 -0.029966955820408616 0.001180147051018222 -0.038873159717040084 0.001248927085723211 -0.040642862514700846 0.001299323180723884 -0.042629689519182501 0.001368204170717839 -0.043796324917578754 0.001398097839984832 -0.047676812515531998 0.001430684455962847 -0.041765874245109871 0.001461295909909766 -0.039367881121275608 0.001490598761706204 -0.041066518567513727 0.001527481202300667 -0.037192985089182687 0.001571116514586129 -0.045805627564388982 0.001630555590103365 -0.046579706569725154 0.001686385000244243 -0.049778572086337319 0.001758121531797683 -0.061421580490530321 0.001838370289723083 -0.060450321598226581 0.001929675918489199 -0.057763582618323366 0.002047267451283924 -0.047701007342553864 0.002075212018984563 -0.029697496527765543 0.002275937054396605 -0.001332551666349890
7.375000000000000000 0.001023847249381626 -0.007408485431656653 0.000859142717375323 -0.012366143374424121 0.000949392635162873 -0.032752535175398091 0.001027234866738710 -0.048037653167863341 0.001108728324004408 -0.052959304402071375 0.001167598763300011 -0.056574318253895979 0.001244193936187696 -0.061341293327354343 0.001279307188518959 -0.065458850096937068 0.001319097450606004 -0.065769612734785862 0.001357376128111848 -0.061329374069768863 0.001386806523894864 -0.063385085640410316 0.001429798791499644 -0.057585342304490826 0.001481222977679011 -0.068648125127286796 0.001544293441318159 -0.064741379666124088 0.001597441840432531 -0.066440996690780393 0.001669429723026392 -0.076189718105311832 0.001759595410000629 -0.070843416083609986 0.001855596509986400 -0.067615012906244637 0.001977562721403702 -0.057436822942807428 0.002028938918165221 -0.037139587690642580 0.002215660733947684 -0.002962887597847699
7.625000000000000000 0.000866660416195477 -0.008109643548455900 0.000693824218809225 -0.013572880520312712 0.000785987609586335 -0.033695391124727705 0.000868004349491969 -0.052666138572001642 0.000963188278143704 -0.059949734360969065 0.001027117076057369 -0.067591911416331640 0.001111800704124076 -0.071566360232184489 0.001155974850734741 -0.076951256976534627 0.001202612010407432 -0.073991089764109480 0.001243004620554708 -0.073311162877849459 0.001275737734113517 -0.076063026289979005 0.001320052437434510 -0.068976134839612679 0.001370899811061477 -0.079260371928640674 0.001437053997579310 -0.075657253957020748 0.001497199331838355 -0.074456518598981364 0.001570492605301014 -0.083743178326685347 0.001661658121171670 -0.075935182638291590 0.001761675344315954 -0.072515995350449516 0.001886502881757730 -0.062294317581970148 0.001944030755433253 -0.040748239850141914 0.002131095840434731 -0.004719902179228194
7.875000000000000000 0.000888086825742311 -0.007368184671644374 0.000712452193048245 -0.015404944112497850 0.000794783204814917 -0.038024318056918895 0.000858714044957631 -0.059628013171887248 0.000951306430124577 -0.070932614849307907 0.001011372973594942 -0.080407737127759671 0.001092455280065152 -0.084448488599961305 0.001135918407217162 -0.090267951760119300 0.001171176938801632 -0.086946203501210045 0.001209024835445155 -0.087770022381389257 0.001232684549886467 -0.090931129427203286 0.001278332183771490 -0.084132993181221874 0.001330373063386410 -0.093742978810466365 0.001393831208627549 -0.089265629566611854 0.001449769494632547 -0.090555665592710458 0.001534669916224789 -0.097112234736825093 0.001628544386886308 -0.090922690371956910 0.001719728085503681 -0.089962874635532500 0.001845200444609397 -0.078522924893276058 0.001910012535953395 -0.048458640665613249 0.002069834743974581 -0.008344683812843402
8.125000000000000000 0.000964957979321405 -0.007307690075350902 0.000771467257500083 -0.015789566041042914 0.000862471541574939 -0.036409492988414401 0.000921420379774913 -0.057916269995038135 0.001013046501749365 -0.075443524795136524 0.001076583373166590 -0.082287116219615111 0.001152457020315692 -0.091780278510701557 0.001194488665943747 -0.098071697926538762 0.001238931338731518 -0.096268585947331189 0.001270941127498865 -0.096948587328701777 0.001291030227218349 -0.100660642304560483 0.001336178517558715 -0.096502174378278932 0.001391853300965502 -0.101746776111172818 0.001451167099442188 -0.095941391056728748 0.001505836917033950 -0.100131329543354838 0.001591413097288211 -0.103367098416518671 0.001676108887941090 -0.095452282444211278 0.001769753683680737 -0.094926648989598017 0.001889742724281881 -0.081628549967815003 0.001945181736681998 -0.049773990220655213 0.002012880374922231 -0.012775729737516433
8.375000000000000000 0.001155037917079984 -0.007687712987488654 0.000927330999632183 -0.017541137860965065 0.001001582882269832 -0.037074779084616843 0.001053595017337991 -0.053935182680961882 0.001144463881627042 -0.075497052225507275 0.001201387396606776 -0.081572222469853753 0.001260375300446335 -0.091692373846583061 0.001293110597108583 -0.099370219474222699 0.001329280018450087 -0.096228765570508190 0.001351490669613172 -0.100328621185677938 0.001362471362667615 -0.103076962065471969 0.001393976127564978 -0.101363128008715955 0.001444168823818342 -0.104678003617829654 0.001497067288416868 -0.100988915694830900 0.001547829972980552 -0.103007376413054783 0.001637008546199141 -0.106982974496370661 0.001720986289563328 -0.099417600403690465 0.001817913793691505 -0.094556226214931566 0.001917676429188881 -0.083685428648441904 0.001972497167268549 -0.049129858282226088 0.002048552214108151 -0.017442921595897713
8.625000000000000000 0.001426957341666891 -0.009002315443581724 0.001201070091277661 -0.018106427291576445 0.001247466029929578 -0.036009784732612155 0.001294249915517131 -0.048969491619456650 0.001376021928077314 -0.067665292354052872 0.001408932005377155 -0.071888327089828077 0.001449548930332797 -0.085980515468511362 0.001463216237694362 -0.093142879296786052 0.001490168469293736 -0.091757517776053704 0.001489040142763929 -0.094724812478021100 0.001488684621347775 -0.097480551806773993 0.001510312246030042 -0.097012076525319124 0.001550335669120592 -0.099099275576790435 0.001606622783938608 -0.096655818620244777 0.001653689579525810 -0.100185480399842014 0.001734764591736958 -0.104081370185947125 0.001812494032135264 -0.095633488408385980 0.001905874227595563 -0.091958929416526849 0.001989213972708162 -0.079877694823147632 0.002054459257190444 -0.048817412031645031 0.002092609113134164 -0.018260977387941024
8.875000000000000000 0.001430990907467769 -0.011033107679789508 0.001217700968376201 -0.020376207862673471 0.001246974014423400 -0.033929976306613333 0.001281965678550269 -0.045855277404308427 0.001357209124066321 -0.061575024096860942 0.001386943447929262 -0.068536275687145640 0.001423690105805479 -0.081937598393920355 0.001436696326090395 -0.089527524047920096 0.001468735301006865 -0.088526262709325676 0.001467576754990756 -0.091375629713943002 0.001466215281531010 -0.094011106015561008 0.001483915351270960 -0.095941470015177624 0.001516524241001476 -0.101161259082361857 0.001573134184917104 -0.098911605772515357 0.001633719401586515 -0.098436576877568654 0.001718734624227346 -0.107138562729304262 0.001811539979652258 -0.101050096141087092 0.001919438226832563 -0.094452110120235799 0.002015065415835208 -0.080108872817560295 0.002094470832001330 -0.050564070759645335 0.002052476201325670 -0.020886021031345701
9.125000000000000000 0.001689888941136395 -0.009740700250365393 0.001481378822374002 -0.018232671849328832 0.001515993337321785 -0.033003945483100317 0.001554334967303544 -0.045840783412072109 0.001619831479382100 -0.059115697155717982 0.001656734812854431 -0.066745647921615525 0.001699369635377294 -0.075009917966395778 0.001713042731329249 -0.081929977030701026 0.001742026369803877 -0.079001185285048639 0.001764223275389973 -0.082094865666378122 0.001780744195066414 -0.089061530337272543 0.001801746062667169 -0.087437796045979718 0.001835091229445905 -0.096450507383701520 0.001889964345498701 -0.096286596349929823 0.001954734139630536 -0.101839565096030468 0.002048191206608809 -0.106106026566851502 0.002130836733668486 -0.099402466920098173 0.002252737563925165 -0.092934679874061302 0.002354098667346761 -0.077096604464852503 0.002387096347995417 -0.046772280868500299 0.002349150945469781 -0.015421116961151435
9.375000000000000000 0.001825861948141762 -0.009752665044028058 0.001592879229144602 -0.018797434083018531 0.001603394247732013 -0.033721781760144433 0.001624050816229403 -0.042959689733019127 0.001677342428363454 -0.057624738536561138 0.001701598938973836 -0.066114124227388035 0.001737895802954903 -0.075720245208644399 0.001748005519578763 -0.084974550821942427 0.001775516668285675 -0.082409493367245332 0.001797106374770521 -0.087456980699961051 0.001815964250277571 -0.094263674338573522 0.001840571360246229 -0.093734733577942014 0.001874989896265281 -0.102165555951355569 0.001939016885835655 -0.104204820789194116 0.002013115939824984 -0.109235424902976982 0.002115665328189820 -0.113512135214757365 0.002205537989427292 -0.106244947779076337 0.002339302634048718 -0.095263341159289722 0.002431419775556388 -0.079713791301152581 0.002448686072780693 -0.047512911402117997 0.002453822505818286 -0.017856067928607135
9.625000000000000000 0.001975901260739241 -0.009746204626261464 0.001745525867439007 -0.017721193803370901 0.001735494362598206 -0.031303213400423344 0.001751432532132275 -0.038615063728144453 0.001796229090230948 -0.051230573345137899 0.001806794125161236 -0.058855340249907004 0.001831507883204362 -0.069351111187383963 0.001837265883975793 -0.079470924455074296 0.001863279877813948 -0.079782396885968832 0.001880391283127550 -0.084755315806527773 0.001895640071769033 -0.092409992553082021 0.001921293150834896 -0.093502504243782106 0.001968595221756559 -0.101013871509304173 0.002037376271935062 -0.103646337401236299 0.002109300599373154 -0.108956385460774074 0.002214114741480778 -0.112733784014724808 0.002316137698440036 -0.105374739266440462 0.002447350685081388 -0.093233857106265819 0.002526822936423614 -0.075861840576848374 0.002548006385480561 -0.045782744817533132 0.002519799987330694 -0.018659584303287832
9.875000000000000000 0.001978112944238380 -0.009337787885292192 0.001764964994002402 -0.016953876144282932 0.001743181096425019 -0.026466278706532599 0.001745345808961458 -0.032503841569205279 0.001775924727020035 -0.043572780761305545 0.001772298024286232 -0.052180396049388095 0.001772013146615844 -0.062785141509333106 0.001777500438966655 -0.074299080614088117 0.001806326807397884 -0.075061368016329913 0.001827328306394866 -0.080729292907671224 0.001839129557964615 -0.088030114980575308 0.001864755174080834 -0.092339047207244368 0.001915543094598705 -0.101396648257091215 0.001993914882421873 -0.103507742135584904 0.002072558086234573 -0.105834389557304273 0.002181999224149826 -0.112065626194170098 0.002288089902493702 -0.104655614556901866 0.002430557390221957 -0.092266642467010745 0.002518750732678585 -0.074020678563883890 0.002553942879826306 -0.044653121012688896 0.002453114732178851 -0.018953849245953606
10.125000000000000000 0.002005180151358866 -0.008136833895717625 0.001826911664016498 -0.014899867227629437 0.001787325139898027 -0.022953789948314963 0.001764292943128988 -0.027633899580002088 0.001781354883850409 -0.038452849593966783 0.001777121355953668 -0.045893421012676086 0.001779567547081819 -0.053523318176814695 0.001782711134392784 -0.065351525154265414 0.001814251597985819 -0.065507112103851906 0.001831622590271681 -0.071824912155383447 0.001844539634233340 -0.080066870205551713 0.001873872479065491 -0.086559242115513427 0.001928069442160158 -0.096317547139590939 0.002004149190140160 -0.098137005987219250 0.002087815244013094 -0.099490175854259552 0.002202281680347605 -0.106598724937799927 0.002312587660594208 -0.100220573342581651 0.002465749661884834 -0.085766761609564562 0.002557444735921543 -0.068912165781908855 0.002612738547864158 -0.041347863670689378 0.002544048500844983 -0.019762601043904312
10.375000000000000000 0.002007069094871451 -0.007072501429673398 0.001836904757871284 -0.014173884815173354 0.001784478465848601 -0.020991505918106237 0.001760398742891772 -0.023080997399575729 0.001766530227343692 -0.033294640523390671 0.001757229319249308 -0.040470736418576791 0.001748278001147771 -0.046607567772298478 0.001746118327469513 -0.058773310423640375 0.001772281890312266 -0.058593705761421318 0.001787244506162148 -0.064815552759408576 0.001796836695419551 -0.076397185290892025 0.001822834393975687 -0.081868291708593166 0.001877069186443627 -0.091396367470357162 0.001951309581944366 -0.092714032974785879 0.002030065843685295 -0.095987842946106114 0.002142239415614814 -0.101449848474797572 0.002252522672416336 -0.095255306950491531 0.002416091666815696 -0.081220410729847495 0.002507626350664299 -0.062340561018810164 0.002537877346871126 -0.036976061980323126 0.002450489873164734 -0.020163589853919556
10.625000000000000000 0.002062423301776272 -0.006674624371467202 0.001896576255637294 -0.015795233541928053 0.001842660595931841 -0.019750835934835106 0.001796736831051262 -0.020217975934151228 0.001789868444623075 -0.029153317453921048 0.001766913834472860 -0.035053571789221465 0.001739744298291457 -0.039072500453852840 0.001727391044203075 -0.052508402717839193 0.001733644548507339 -0.050075684693432231 0.001732718978080013 -0.055996538511506551 0.001739796099497161 -0.068300771830796261 0.001759365638274549 -0.073880449147360333 0.001813390441861430 -0.083405395836355645 0.001884051488485271 -0.086171494519178687 0.001967111906933825 -0.090738930422935168 0.002076134336075457 -0.095920229797597359 0.002186894027604349 -0.092038861503365696 0.002345720157404372 -0.077051950964306587 0.002427794857881898 -0.057544071253290641 0.002425573382124810 -0.033432062803171757 0.002343142669789943 -0.020803184424640853
10.875000000000000000 0.001936723145315950 -0.006258735345642975 0.001779692144379619 -0.016279065405361816 0.001719248770421424 -0.019750248649587590 0.001664215268561746 -0.019289308825027308 0.001649924968587657 -0.027639968920789772 0.001626240911311563 -0.032899280094704379 0.001596646375147407 -0.037926412335066051 0.001588065483858782 -0.049943322962083342 0.001595557283322246 -0.047615344241212144 0.001594604209447701 -0.053904951274470023 0.001595859683566522 -0.064780935142254761 0.001612163404703269 -0.072386122496029978 0.001670736585834160 -0.081617205513909663 0.001743748205381448 -0.082548640351557637 0.001828879953975945 -0.088289914255749058 0.001950180774199463 -0.091352842781503116 0.002056939351764999 -0.086961718462304161 0.002208641474339649 -0.071426325184282657 0.002277921171793064 -0.053389691771012993 0.002264785607544126 -0.030184817862543189 0.002163642795929606 -0.021368472165459510
11.125000000000000000 0.001720146078899344 -0.008021551767146298 0.001571115957380984 -0.017659248525323287 0.001497265271602819 -0.020491785870421528 0.001456251219293963 -0.020822193675737843 0.001442931032039307 -0.027015815290934404 0.001435424281961821 -0.034182389573306861 0.001408325429179288 -0.041064559442502431 0.001397372785650396 -0.052468516868516737 0.001426514686732413 -0.049771350067474782 0.001428845296815682 -0.057804620898385076 0.001445889979130280 -0.066606330365670666 0.001474501551867271 -0.073675188691917748 0.001538002741905620 -0.082046904674242582 0.001615674286260464 -0.082305856007029693 0.001707463357031340 -0.085606031923856005 0.001833722712615076 -0.088188993886517658 0.001948586517033571 -0.081312399388314888 0.002106652787298707 -0.065190425793026141 0.002170476442302934 -0.047823055103372945 0.002130067848299558 -0.027585669546123407 0.001954417812135223 -0.022168303016734479
11.375000000000000000 0.001339498848216662 -0.005335611954816708 0.001208282697696619 -0.014066106364077879 0.001122151159659079 -0.020983944496936618 0.001090560677998986 -0.021755928072197919 0.001091584078009301 -0.027979354404632131 0.001089771734214509 -0.037045387390649082 0.001075606628397397 -0.042924819766027529 0.001087651127316229 -0.054466643737246391 0.001116374559675322 -0.056125149380899908 0.001147418644962018 -0.064346386019284635 0.001188998482100347 -0.075853296792957672 0.001243653897652524 -0.079307354135200556 0.001325150956956673 -0.088532068611538436 0.001425261464094057 -0.086864115452044893 0.001535999348024431 -0.086441769382696626 0.001665618664743193 -0.085143579707767550 0.001785234514050270 -0.080345377239680896 0.001931885846393380 -0.062016169175192058 0.001993645489432426 -0.046764838705159295 0.001976580045850821 -0.026044018235734316 0.001841721734440882 -0.021174823094308973
11.625000000000000000 0.000808516152296446 -0.003939897114746258 0.000693015238729129 -0.012956355918908143 0.000601710434286753 -0.025051116778832157 0.000570862357357324 -0.029989687480951384 0.000585302334560888 -0.035692861244799763 0.000602732517179554 -0.047026329530744225 0.000621210904233854 -0.053377299352489541 0.000663588858252553 -0.066597599205527644 0.000720432140031173 -0.071545533267706102 0.000785051985292686 -0.080374821307140062 0.000862223228582712 -0.090402192020317698 0.000956433521316750 -0.091820142750586448 0.001073670948970777 -0.100211354640914824 0.001203968779357246 -0.098181190691603568 0.001333069764190574 -0.095836109168161973 0.001477129048861873 -0.090189980460057717 0.001620894948024858 -0.085110910808137222 0.001784718472346310 -0.063819874599924303 0.001862187087845538 -0.047506091663696910 0.001843365899116638 -0.026060210138247508 0.001726676330816755 -0.023621383369085220
11.875000000000000000 0.000328000567448879 -0.004668196862441239 0.000213879433023814 -0.017670947849931073 0.000128654656818332 -0.031184173606913251 0.000118015129135144 -0.041030703082424583 0.000152785602177520 -0.049735784521817858 0.000214513528233108 -0.064512437474296747 0.000259051712131691 -0.072446518639982721 0.000335911100776221 -0.086126448666979077 0.000430853449740478 -0.094642642117514469 0.000539449060757976 -0.102863980661240265 0.000645239918544530 -0.111282562517181285 0.000772704975520756 -0.111475607662841897 0.000916377873344576 -0.117575023351886743 0.001058888678346346 -0.112882931797146757 0.001208659473505761 -0.108714306667718474 0.001368860438619302 -0.098791210887473141 0.001538681473692905 -0.092444780697519408 0.001715188791658230 -0.069068521699321150 0.001806163322067940 -0.049975721040821298 0.001791144014354299 -0.027711407760541460 0.001635341790171939 -0.022278978901590741
12.125000000000000000 0.000079131499263132 -0.005422941702580786 -0.000041057058807287 -0.020636078999064771 -0.000131716569393427 -0.039506813795364165 -0.000138380837981591 -0.052928398260655006 -0.000081850849637080 -0.070336010204192445 0.000003926718646838 -0.085556695355288426 0.000075385585469918 -0.098104945699476157 0.000179053773352793 -0.112733213723123199 0.000303031951917993 -0.122714254485349561 0.000446837850622375 -0.131565162608586639 0.000584604549052287 -0.138353459074599561 0.000734096678717277 -0.138445261334858849 0.000910207988994952 -0.142554501932211614 0.001084810485153847 -0.136318565081430282 0.001250018227178396 -0.130814039008123800 0.001430039326476973 -0.115908931887889699 0.001607166916188132 -0.107142884290031146 0.001807042735562163 -0.079480867156102572 0.001924721949208730 -0.057309527241647500 0.001941794889360312 -0.030668337954838018 0.001816370591339682 -0.017206919744803727
12.375000000000000000 -0.000209022484298329 -0.006538680174660477 -0.000355152450832782 -0.026905177666318315 -0.000442276534966285 -0.050066301091180522 -0.000449633625828283 -0.071882078472525174 -0.000382654177319046 -0.093033315140906903 -0.000266816342472055 -0.110909338513816999 -0.000161624506792979 -0.130349977964883929 -0.000022495778835656 -0.143941484193389424 0.000133267813586903 -0.157274271468543031 0.000305801900582315 -0.168802949233401195 0.000469277702147822 -0.171809529623626361 0.000650380910462968 -0.169407242026149346 0.000853093600516660 -0.172659099299273699 0.001041535803240189 -0.161291954353201011 0.001219005141001563 -0.151665139797877796 0.001419973368256548 -0.134763467261272335 0.001608022919875598 -0.121686992045884956 0.001822637613242269 -0.090147992872380178 0.001941257211683379 -0.062652996447901316 0.001964594905450741 -0.034076845371364073 0.001863002810445556 -0.016845340565696195
12.625000000000000000 -0.000285823092402267 -0.008986925165182938 -0.000443451756140644 -0.034451944012705196 -0.000528591149505686 -0.064992535955825645 -0.000518297423434551 -0.093910180961132989 -0.000421933266652230 -0.119275874534102516 -0.000294245714884329 -0.139598915005153784 -0.000167721323390186 -0.162108540066040335 -0.000009862139422304 -0.176281327869369397 0.000158733467586024 -0.192607602504281022 0.000342521476287635 -0.205071331839621868 0.000521067950169564 -0.207266915711312699 0.000719262819808907 -0.204147410259336609 0.000944584398648002 -0.205230877688845875 0.001150966344302821 -0.192137326273106840 0.001343785772215706 -0.178962179910036850 0.001571782304164433 -0.159772204897655146 0.001783320255334299 -0.144662247301162450 0.002008255097240173 -0.106018272525111770 0.002137725271911475 -0.072613467709206694 0.002158359001906599 -0.039229055461529251 0.002069888686204531 -0.015165444393719148
12.875000000000000000 -0.000296012850418428 -0.011400705129212919 -0.000463052212490038 -0.042843344675379889 -0.000516721892444466 -0.082643782328661805 -0.000470066104184530 -0.115096456266878894 -0.000367067894694795 -0.144893710689704747 -0.000225709101011623 -0.165838732279293105 -0.000072630411036312 -0.189122414615425449 0.000095421705488573 -0.204113351529984333 0.000264000174070936 -0.223467943161821697 0.000442338411553680 -0.235287331298272673 0.000625654469485288 -0.234829207084625680 0.000824439838182374 -0.230525549758557241 0.001047981806621852 -0.230133432655222181 0.001255128666227823 -0.215702300841808553 0.001451558323774930 -0.199246802448333316 0.001688963913944771 -0.180126096398354724 0.001909022199957237 -0.164581273795551652 0.002132878795261595 -0.123278974525329030 0.002285643013774903 -0.086022077159043281 0.002322245878680987 -0.045152981520571629 0.002273326812225572 -0.014156204466491453
13.125000000000000000 -0.000278625519961337 -0.013317441224686413 -0.000455637485354464 -0.049551655523874791 -0.000510503010172558 -0.092682328161512950 -0.000464470540898119 -0.129404157293907585 -0.000356277006168153 -0.162635496908936195 -0.000206276224397455 -0.186965132031593317 -0.000044601014036346 -0.212303651015754935 0.000134800885472470 -0.229077980522511299 0.000313471600850141 -0.250795110764301665 0.000496437874654190 -0.260795599397003641 0.000689887206924939 -0.263112544561267314 0.000894824044310401 -0.257385083468646025 0.001120690712920777 -0.256076546288836804 0.001328356619790413 -0.238256874670180557 0.001530571762361952 -0.221149719954787327 0.001764850690385202 -0.199764138912435774 0.001992496170344588 -0.179017228837286990 0.002218439503570415 -0.135109818807107013 0.002380270194309830 -0.093377639910490542 0.002397576694628622 -0.049674368689777794 0.002418247100426288 -0.016223054562449657
13.375000000000000000 -0.000198156516575587 -0.017447994574684638 -0.000389549981935693 -0.056222785232199826 -0.000426024992041121 -0.103660485281535736 -0.000370758357868917 -0.142075521813944505 -0.000256670693798524 -0.178004282441126843 -0.000106616699110938 -0.205001228682754860 0.000060026732846555 -0.227989660017601126 0.000243050826723897 -0.246956754215421515 0.000431418133584983 -0.268415499227765697 0.000619133287925740 -0.275520296157000188 0.000811580864732564 -0.278925522295387973 0.001015453957702777 -0.273802694512724931 0.001238966529616913 -0.269771524116714234 0.001438400109124203 -0.252654078720375874 0.001640302479144877 -0.233458440575655152 0.001866438371109964 -0.211933756143729973 0.002086110039160496 -0.189298604508418677 0.002311324318159214 -0.147166265828342829 0.002460169588770705 -0.101918611560823547 0.002480272286294651 -0.056201448521258274 0.002519727753868878 -0.022600550170012303
13.625000000000000000 -0.000130173776987776 -0.020373871130091082 -0.000313936501695188 -0.062010425961096231 -0.000334793368129086 -0.111207657380290370 -0.000268119905411893 -0.154935702249072965 -0.000146219288812782 -0.192392169483995373 0.000009122875021750 -0.219908201193401431 0.000179198826645526 -0.243217831982195154 0.000360393950548297 -0.261738342644224242 0.000550110705003560 -0.284835000672154448 0.000737940252212779 -0.288666883098101124 0.000924997565166364 -0.293302521109862879 0.001125767784810740 -0.287661142459585295 0.001352004949997790 -0.283457551129519369 0.001544682060254563 -0.265430474194592925 0.001744453327128354 -0.246212601085848082 0.001968188963354192 -0.223383860443481519 0.002186122563705813 -0.198507025000837389 0.002401722232375461 -0.158437523148363457 0.002562526767566507 -0.111354382881905731 0.002585938994359902 -0.062696511960510126 0.002666489331612269 -0.024595335031269150
13.875000000000000000 -0.000018420009852736 -0.022920700747080847 -0.000189743939258920 -0.067134440874620338 -0.000203793770562260 -0.119113855919892986 -0.000133572258297651 -0.165242911895425532 -0.000008854988978267 -0.207275162458522927 0.000146436841516611 -0.236179170278298600 0.000318855807141120 -0.261041683106966849 0.000496124170167694 -0.279501924129328727 0.000683068427366986 -0.300415208212659102 0.000874812766107234 -0.304747422286387182 0.001060205641321725 -0.310090157556606349 0.001259717742377855 -0.305395254498985524 0.001472468437135737 -0.299539189427890096 0.001664144453813790 -0.281516807549925474 0.001868768052075272 -0.263338679618545846 0.002091709304493185 -0.240304304222290960 0.002301027430529576 -0.214040572559680758 0.002519469814099415 -0.173524001802558780 0.002685659038153135 -0.124527959165284072 0.002727696862163360 -0.070208502488380842 0.002814965624504706 -0.030804876971448542
14.125000000000000000 0.000046254240331626 -0.026687277230541540 -0.000109293364203862 -0.070682432658933023 -0.000114172252287234 -0.126973523281483980 -0.000040093791298682 -0.175346387484577065 0.000089815005157816 -0.219148220365645463 0.000251480272468737 -0.249918813619744273 0.000442092829645715 -0.276547734400541201 0.000620309216287111 -0.296135014313760159 0.000807800432696378 -0.315136287940828930 0.000995906284451788 -0.320763703191595639 0.001182356696104012 -0.324735144780492035 0.001382124254403570 -0.322024427686698922 0.001590599893086752 -0.315048705772050963 0.001781693054901303 -0.295687715393528561 0.001989871918116935 -0.280132375823233526 0.002205618022328002 -0.256259888439198225 0.002417142900961879 -0.228955147287537297 0.002635912108887592 -0.184691997653679857 0.002806854481013574 -0.133079806948293050 0.002858762452286740 -0.075667177568817467 0.002928685648867936 -0.035507349926702063
14.375000000000000000 0.000091089201974986 -0.030792442516254702 -0.000039607513072886 -0.076196562921374236 -0.000035043555460927 -0.134299956687437660 0.000054756512808249 -0.185773379650880810 0.000194659740426394 -0.230452404937047162 0.000354508138038288 -0.261034858127705438 0.000539986567887726 -0.288632045929545389 0.000718743490845644 -0.305364869450414467 0.000906671812321232 -0.323960266972100674 0.001100301636586118 -0.328701672641715514 0.001288341621187765 -0.331997791616398419 0.001484808007694868 -0.326550399050091922 0.001689643825858218 -0.320289189258417428 0.001881860451425003 -0.301002398952713524 0.002089502695409855 -0.287619915138002002 0.002298184269407221 -0.264350454590784822 0.002511138880618045 -0.233941525560923236 0.002729318398955629 -0.190621617506501861 0.002906611977058496 -0.139221261227156029 0.002970799500539555 -0.080726151041083730 0.003053801123706232 -0.039811340876846249
14.625000000000000000 0.000176907875965879 -0.033830055899587833 0.000070804895604993 -0.079454627882557194 0.000090284758324158 -0.137092800837001511 0.000187660960922042 -0.190573270018878721 0.000335780013185715 -0.235178661843641446 0.000497580203904368 -0.266801697943435723 0.000682623026457018 -0.295777619139128867 0.000859906246473609 -0.313252667994921796 0.001052504578569686 -0.331155087792527447 0.001245082463407690 -0.336332657338158203 0.001429351497039793 -0.338629733870114746 0.001629777595708299 -0.332147028082731888 0.001835558238673853 -0.325317373948190269 0.002029472955898864 -0.306333797207739067 0.002236204314883934 -0.294117810809909952 0.002447194526097600 -0.271158422067767302 0.002666742307629754 -0.241686317241166598 0.002883568073385149 -0.197225402278805750 0.003055764016880349 -0.145211920422435165 0.003130086473610934 -0.085517749850354333 0.003230171962778123 -0.045625457244764515
14.875000000000000000 0.000269992293558668 -0.036748619248460762 0.000178046190873734 -0.081286205746364124 0.000214920569654594 -0.139460601264980499 0.000318375128633258 -0.190193315371724819 0.000469679495966229 -0.235498920360069142 0.000633332935639392 -0.268708806953784407 0.000823289866117104 -0.297658977584667084 0.001001787840233424 -0.315422285296071359 0.001197150728823720 -0.333516404054586768 0.001393091804647246 -0.338164095135075393 0.001576980574265949 -0.341220213535276207 0.001774647582905806 -0.335696193648211849 0.001977440966509808 -0.328352492301466736 0.002172498674195117 -0.312370427158983555 0.002377085053419524 -0.298471948680390176 0.002591277203597181 -0.275217009999068007 0.002805743221064048 -0.245343261037403781 0.003027584251688406 -0.198887891752683565 0.003206294651347520 -0.148704650209592282 0.003291691569653279 -0.088663646743162933 0.003403256185840771 -0.049128806025780868
15.125000000000000000 0.000021606293886565 -0.032409119619355303 -0.000131057647716749 -0.081222836578367180 -0.000108018315689139 -0.143430162585997945 -0.000035586007897630 -0.194967135843898021 0.000079267557564447 -0.243341977399561232 0.000211366120497880 -0.274489389762739344 0.000385964198962020 -0.301745042043146561 0.000546699700703727 -0.321681547809937518 0.000711287516867863 -0.341490909208376658 0.000883326770173945 -0.344217418150930154 0.001043516441172101 -0.348427585028192599 0.001214116439410819 -0.346810959921749484 0.001393803038194409 -0.337848635112069251 0.001567170953486208 -0.319983493407482722 0.001761039711279654 -0.305661634816017713 0.001964031887620171 -0.284437117047188603 0.002153221607153002 -0.253738701778547848 0.002377638027865830 -0.207166014539726190 0.002541118316689517 -0.149939004537727572 0.002582861955914654 -0.087311644960876858 0.002591860150875098 -0.037084890440928088
15.375000000000000000 0.000041249070329105 -0.036297867663059181 -0.000065881740800723 -0.087543656014246393 -0.000022866016094102 -0.151812940871123819 0.000075198301521231 -0.208293913954741172 0.000208348316575462 -0.256101917038362437 0.000345553336827213 -0.288133236059973985 0.000527066098755956 -0.314800305163593752 0.000694564320474921 -0.332668953889608154 0.000866407036848911 -0.350501559502322535 0.001042989937421444 -0.352970559902329228 0.001210493818152688 -0.356606493034533734 0.001385696883588817 -0.352240629600788335 0.001565703353884848 -0.343896567330743641 0.001740478646454417 -0.324221658660858503 0.001937837077116998 -0.311800059213617142 0.002143560999562425 -0.292271534677676526 0.002345942390340300 -0.256116796249032996 0.002570015157414065 -0.210987424526904388 0.002746364193088994 -0.155032918122697649 0.002811936420819419 -0.090628320676045232 0.002825530458196886 -0.044971957591882980
15.625000000000000000 0.000108029414824466 -0.039099786477266210 0.000051348292327863 -0.089414039860059483 0.000118144558786673 -0.152373406671129752 0.000235044643067054 -0.209202690457703538 0.000382896338040776 -0.257710017623060783 0.000531699142935464 -0.290980008583440086 0.000711786995082883 -0.316708748030961718 0.000881527981368105 -0.335759096818198322 0.001064464512090623 -0.352129321248045801 0.001245896997792055 -0.355017343084635340 0.001410588123539179 -0.357447767714334119 0.001593118727269114 -0.353991626876249799 0.001778692132523728 -0.344523506927484513 0.001962499158650139 -0.325516436733535142 0.002164092144300529 -0.315506611260347403 0.002368209358635296 -0.296083454319121253 0.002588473591282520 -0.263173936185684354 0.002814224519150025 -0.216855854863833714 0.003003745328057122 -0.161297893165194384 0.003090349895334943 -0.094316086081636635 0.003093627256150397 -0.052780953858760409
15.875000000000000000 0.000149137944739788 -0.043333691525198739 0.000126591491770555 -0.090978080541532919 0.000219323947990331 -0.153409833600543333 0.000356627964943016 -0.206756493796766611 0.000517478281806678 -0.256145716677818769 0.000683124158022433 -0.291506739942351822 0.000876448866554759 -0.318133042871542593 0.001054008873433063 -0.338863085470100411 0.001244086085817292 -0.354073073048368492 0.001434853414675492 -0.355571633220080507 0.001607925314615261 -0.360206446908184819 0.001793015340724432 -0.357548255224116041 0.001984529677168978 -0.348271383720667405 0.002183666204307364 -0.333214320364756789 0.002390092036334621 -0.321701567353043061 0.002594059902935848 -0.301873260291175227 0.002821495164772180 -0.267647773792998755 0.003061426536843079 -0.219743816415404442 0.003271579145288491 -0.167047065027354391 0.003393238457617694 -0.099821117940331244 0.003445030041173226 -0.059704083584614813
16.125000000000000000 0.000188991322749189 -0.045375946860972551 0.000207354766961301 -0.088839001499457879 0.000304842836949713 -0.146029092434975749 0.000440911171497064 -0.196296502887837232 0.000612674150183675 -0.243968618597408315 0.000784472231513398 -0.281993892425336401 0.000981848441497910 -0.310314600511001459 0.001171817191645843 -0.333458151170401174 0.001377420851958006 -0.348872405197974411 0.001581463362954080 -0.350983854201433076 0.001770979914356811 -0.358965617036648810 0.001973299124286700 -0.357250561741173478 0.002178148454580804 -0.348729517139972633 0.002388334653465311 -0.335334746270150086 0.002608772386930575 -0.325064339627215981 0.002826737855227050 -0.304969861297929357 0.003066423988687987 -0.267383533059897260 0.003321409187626119 -0.221097687728055325 0.003542316168709412 -0.168039119596209374 0.003705722851053841 -0.103312721730177193 0.003779842534629494 -0.066967646751522530
16.375000000000000000 0.000260414815060827 -0.049193112081220992 0.000314029060699156 -0.089523638079936865 0.000435707824064324 -0.143547731338886847 0.000590029575291796 -0.192126845989952916 0.000777999863584639 -0.236460436064599461 0.000958691918532811 -0.270027470305918893 0.001162969116385775 -0.296337499097056423 0.001362860533839572 -0.319878182350974594 0.001573315882487123 -0.336544903024917630 0.001787109015569560 -0.338748679529708718 0.001986942706640806 -0.346955780615712028 0.002203379482834350 -0.349568259925978453 0.002420981405894518 -0.342377957735232608 0.002645334057410272 -0.332113970549725857 0.002881424100587597 -0.321760770016906339 0.003109564433782813 -0.302332814113688342 0.003360358201026781 -0.268040292785971634 0.003625485648755555 -0.220522976389436021 0.003875532230292494 -0.169374208299529871 0.004105924730120154 -0.104515059623507711 0.004154481035802599 -0.072012516416474839
16.625000000000000000 0.000302692448607237 -0.051650743478824181 0.000392484023433745 -0.089190858132287262 0.000526649292408447 -0.138890807762328733 0.000688116696557653 -0.185199511574632159 0.000885071867494146 -0.228192935774731293 0.001074320347015733 -0.257151208915818830 0.001286485135454217 -0.284634831003642286 0.001488880016051664 -0.306918366277744381 0.001708547239527524 -0.325875724156946822 0.001930308028020440 -0.329089485898985623 0.002140748725983425 -0.337473346815613418 0.002368587801813115 -0.342328988164588011 0.002604407618792021 -0.339104412322656867 0.002845532116312681 -0.330680080037313529 0.003097635615043678 -0.321545720204012508 0.003352560931175285 -0.300835073734861513 0.003629553399745231 -0.268533004438776535 0.003920676072825162 -0.219294801044998378 0.004219657579173992 -0.169390212077082630 0.004493296046448104 -0.105591439629875092 0.004504779821223433 -0.074649051447968962
16.875000000000000000 0.000425332556551880 -0.053888711308598437 0.000536418058307025 -0.086891284623929060 0.000673357000212853 -0.132318684968770139 0.000839957709445973 -0.174587737195169651 0.001040787686026226 -0.214091219372121389 0.001234728776980231 -0.241674145165166138 0.001449647426259784 -0.266345323319573835 0.001659871166700552 -0.287000896045619902 0.001884278392453288 -0.305259564346296364 0.002110131504923313 -0.311765426481589170 0.002328303790487782 -0.320862447835855269 0.002565557935894979 -0.327132346644571359 0.002805824731218551 -0.327937159719166815 0.003060550198059745 -0.319565694398614097 0.003326759120900855 -0.313533246734753079 0.003596431068714222 -0.295735572007354230 0.003902361486853807 -0.266054093661101443 0.004216482485651501 -0.216286596986754814 0.004533454123557233 -0.169219632980844581 0.004849552244291962 -0.104351210530824190 0.004824628915914574 -0.080489091315189734
17.125000000000000000 0.000493951022665701 -0.056879944399123868 0.000615161826612692 -0.086029084806442363 0.000758217148584799 -0.127126285893974678 0.000933134310081619 -0.168877422321968063 0.001138492981880664 -0.203023962786800488 0.001339112815919555 -0.228228697038045159 0.001561836148962978 -0.250822379800370587 0.001779245841282178 -0.274133621832276075 0.002009140881168949 -0.293166746325701222 0.002239585768499971 -0.301749967039642686 0.002467202890692014 -0.308831478046637742 0.002712709356215182 -0.314616850564613415 0.002961767057232625 -0.317106085652347269 0.003230913773369557 -0.310291291300711813 0.003509533382607255 -0.307142443136302568 0.003794330293002390 -0.289556186217542311 0.004124741104736561 -0.262139516993044053 0.004456508673000508 -0.213093380397151644 0.004796371955158793 -0.169972255590166765 0.005141791173905118 -0.106498208184193352 0.005138749015211633 -0.082385941731225307
17.375000000000000000 0.000628075426075436 -0.059884978708054551 0.000760450786566043 -0.084262463386891306 0.000901124700568025 -0.120587664631029712 0.001081342647831102 -0.158992489936928189 0.001289384331845592 -0.191078081628746316 0.001493189956331203 -0.213946299887812774 0.001714364592130365 -0.233178009018842142 0.001931342643994119 -0.258615190470125988 0.002161878617549079 -0.278893469554249263 0.002398080397695481 -0.286534260632326399 0.002633421567777241 -0.295617215123231303 0.002884487520472921 -0.300214596099413866 0.003143201455158297 -0.303746965690592063 0.003425492512248169 -0.299119201586176442 0.003715138702105114 -0.295602101600052791 0.004021355162939955 -0.280761920028304413 0.004362397050530419 -0.255444790144849221 0.004711480294907629 -0.210899767087235707 0.005081310368184249 -0.169499978479582925 0.005461158391269213 -0.108203378001438186 0.005479667968461604 -0.084113432521225565
17.625000000000000000 0.000742122975194210 -0.059916861580910578 0.000863917993948138 -0.079293827077060008 0.001011699194554853 -0.111295072276093948 0.001189700462254621 -0.146430325692566199 0.001393735905532288 -0.172760065723936290 0.001596729744559832 -0.198293092133871030 0.001813707368495891 -0.217802643320767292 0.002028998490989644 -0.244483520559598821 0.002259057968954873 -0.267024996147882610 0.002497087869601585 -0.275258892186812099 0.002736737979694258 -0.287075937282949334 0.002999636524174736 -0.293345294639302479 0.003271196934384837 -0.296586261765658665 0.003564975486192716 -0.294335971991842305 0.003868154558554287 -0.291016326431314198 0.004197939198819388 -0.274560348059273096 0.004561803999969923 -0.251978865317846579 0.004929247165327006 -0.209019470940732699 0.005322756373266942 -0.169777178695702441 0.005736000303607748 -0.107089146367542881 0.005747884098516743 -0.082819211209014434
17.875000000000000000 0.000894673933004789 -0.060268591901226909 0.001002788896253093 -0.075965227683107719 0.001149038217292730 -0.106669889584436114 0.001319026921099966 -0.136213957454329154 0.001517568836456392 -0.160963768129916335 0.001711774460579438 -0.184930747593004680 0.001923244374752478 -0.202300648997103677 0.002136442257694907 -0.228230516529812771 0.002361995912937716 -0.250958014071176516 0.002599365952764317 -0.263777589705706861 0.002844705047935913 -0.275825509036589644 0.003114739985142686 -0.284380992725191184 0.003392591221581080 -0.290091882735855011 0.003697639474225431 -0.289930119161845523 0.004011505789234675 -0.288131706388031039 0.004358942500377412 -0.270885953166932203 0.004732356669915599 -0.248293047165114827 0.005115288402210585 -0.208075240006427686 0.005543267503920576 -0.167703051529723840 0.005982371785456814 -0.107571171675770266 0.005956644046056518 -0.077669746903934897
18.125000000000000000 0.001034633200229790 -0.059600463239170579 0.001132088143967015 -0.074267175898262275 0.001266224362198935 -0.101892110970437350 0.001423214277831225 -0.130146827657119712 0.001613817201666063 -0.153124130303055689 0.001800657021336685 -0.177068652462677917 0.002002508510570918 -0.192669043585897815 0.002213718582947352 -0.218595269570540984 0.002440995977197432 -0.241598138337281665 0.002678694689833084 -0.255242640474823590 0.002924019018298346 -0.268085054767892517 0.003201576463937702 -0.278131165220432131 0.003483831298490224 -0.284531833639563192 0.003795441072185327 -0.284712075344837279 0.004120412149867135 -0.284819388472429713 0.004476025422086705 -0.267911908674593191 0.004863336938461939 -0.245883215240597752 0.005258326900333907 -0.207749369369630982 0.005697636559640016 -0.168686257426616776 0.006143567429638403 -0.106036288327538419 0.006105479988434552 -0.076310767111931452
18.375000000000000000 0.001234074986623288 -0.059071465145936614 0.001298112877490549 -0.072559139188189278 0.001416082436501042 -0.099436024544716672 0.001555923715400925 -0.129159891353987172 0.001733715034653623 -0.152413215365859750 0.001910246352313169 -0.177519740093616318 0.002100512193557963 -0.193004601164064676 0.002305601582711505 -0.217283196299207421 0.002521489178530098 -0.237355753205699876 0.002759053329344770 -0.252276502559159232 0.003003907886367514 -0.265424404243392753 0.003279547575381224 -0.277236684675524092 0.003563877827038243 -0.283892547207052037 0.003881709922391488 -0.282864059500923304 0.004210618423840976 -0.283055432842510779 0.004577938401928416 -0.268273840151003584 0.004975717541860316 -0.249060170289426813 0.005380313746604409 -0.208428846405403795 0.005827908667920822 -0.169852048536712152 0.006274628228417170 -0.104939569009425998 0.006223443643474711 -0.074043276072883898
18.625000000000000000 0.001440567893403701 -0.056763684053694113 0.001467238308693088 -0.069764277113327139 0.001562787660303025 -0.097791745157439255 0.001683414637036678 -0.127378354310376724 0.001843611729409196 -0.153627705278324755 0.002004490632756913 -0.182266266541269817 0.002183706607005637 -0.199182316477502203 0.002375912456523285 -0.224564099059162497 0.002585458902315220 -0.244395112026032230 0.002811489045417884 -0.259760404503002085 0.003051355940683528 -0.273382352011024232 0.003321538280936954 -0.283492177702412307 0.003602890786563014 -0.287197906861604624 0.003921991041632931 -0.290430349887007500 0.004247384703301570 -0.286918553392802977 0.004621676370652159 -0.272904040262258119 0.005025985889483955 -0.251149573502988610 0.005441702245501195 -0.211144766414271962 0.005891853783241718 -0.171453272298546650 0.006334397132773839 -0.104719210182648792 0.006251987134126266 -0.072172201100311376
18.875000000000000000 0.001691487208737429 -0.055172792120486105 0.001670266432922807 -0.068130131456410781 0.001737708517465762 -0.098809707951487552 0.001837175163274188 -0.131214224752233377 0.001979455193883806 -0.159349570750802694 0.002127213770247721 -0.192323939153663748 0.002289305540211219 -0.210168417224218917 0.002466408467739524 -0.237057378064565949 0.002659667326880040 -0.254457657693765660 0.002873171141140382 -0.271458400553770463 0.003100396475806151 -0.284673881778031213 0.003362795965751148 -0.291868550190039988 0.003628688098700143 -0.295841132436806598 0.003938714115017060 -0.297720683829222066 0.004253359613730905 -0.294443094123112981 0.004619229447519478 -0.279167008238108638 0.005013520049549236 -0.256174145277438814 0.005419696412805102 -0.217747182224860503 0.005856853868239122 -0.176077979168182797 0.006288155297686494 -0.108288406833698003 0.006192537679696150 -0.068708573877543158
19.125000000000000000 0.001957539483315833 -0.053875541657471271 0.001884255417926803 -0.070989868458880168 0.001927114071913694 -0.105786637727087171 0.002004264012216464 -0.143338024703704353 0.002125418394867849 -0.175506677826604091 0.002257450216667940 -0.212094663881272211 0.002401569193148184 -0.234914963288824497 0.002562816193032196 -0.263254909263915149 0.002738647278896775 -0.279113209532993567 0.002939531150511215 -0.297027658480013168 0.003157332603771046 -0.311386807052513592 0.003404216114837825 -0.317473959609743728 0.003657662415262229 -0.318112707011156404 0.003956668767737675 -0.320513214127175927 0.004258291393969649 -0.315057560277951398 0.004614673818217310 -0.294397786192799826 0.004989560440634194 -0.270399758127051137 0.005380637876076483 -0.230691231386855378 0.005804652449483947 -0.185528939173530000 0.006211619581128720 -0.115474850435957621 0.006068921506604913 -0.063978939547196287
19.375000000000000000 0.002177058318924847 -0.050430431826632871 0.002049928823900642 -0.072370790330742549 0.002066412817037920 -0.112712731584126175 0.002116824580435802 -0.153517607496025887 0.002220538370536686 -0.190630668800945563 0.002333656090758541 -0.231875352391793993 0.002459769343599374 -0.258420819181415018 0.002604350971502653 -0.286454782153046539 0.002764341854440329 -0.304798356884914301 0.002948789212608969 -0.322729505124750515 0.003153125628004712 -0.339367133577803404 0.003382591834306631 -0.349095456015193595 0.003627015516543103 -0.349612559565675274 0.003909120197854815 -0.352655059586712505 0.004202367697889528 -0.343072736987696969 0.004545401382047631 -0.317681010111924678 0.004904272006275851 -0.291243967208919152 0.005280080662687288 -0.246181630628776488 0.005688717581096444 -0.196703636965327638 0.006067074051270819 -0.122399443463745691 0.005838355560407115 -0.060761271726815572
19.625000000000000000 0.002442124012634080 -0.045135834191620171 0.002255583473427164 -0.075705356852096201 0.002241714123003054 -0.121449643055414044 0.002265824581738466 -0.167179774435706668 0.002345576806133700 -0.207891726900944235 0.002437101134172439 -0.253157744144511199 0.002538085548330727 -0.285153585018512179 0.002661671643623572 -0.312941940200749114 0.002802424219772049 -0.332115701994282031 0.002964484752815193 -0.354816255115651624 0.003145534183995598 -0.370565451539215274 0.003356611542994977 -0.381857340649216559 0.003579756538292163 -0.381597481605266908 0.003840967572260594 -0.385553504229939226 0.004115461744736564 -0.374746619807675541 0.004437026903361869 -0.343160001426613126 0.004778770283291901 -0.314173502291419715 0.005130366826005657 -0.263134794403733496 0.005507307918745888 -0.211215412995407359 0.005853639329686255 -0.132295696652782929 0.005568475297261258 -0.057557395038319942
19.875000000000000000 0.002714560398362763 -0.042521584934703337 0.002479313294955772 -0.080783235310858501 0.002432628534140072 -0.133186493956070878 0.002429648118839467 -0.184150009485098742 0.002483046492267701 -0.231241369065342206 0.002555216841178021 -0.277287922553306421 0.002632211799596025 -0.311557649518514168 0.002735508290796900 -0.341050047044693327 0.002854355402860475 -0.360229966772661059 0.002991397465334222 -0.385534431222925300 0.003147881547637195 -0.403205864544228576 0.003331552819033326 -0.416808719009555517 0.003527517419243331 -0.418116678318376844 0.003761523059855358 -0.422360024006879331 0.004013384130435219 -0.406454592450976815 0.004304363049745608 -0.373167389516351422 0.004612973120900122 -0.339156485817999009 0.004938428209426454 -0.285642227519333936 0.005276811386534505 -0.226779061693377110 0.005580205578282206 -0.143674639258914494 0.005228298663426253 -0.055864281463591563
20.125000000000000000 0.002985592685032591 -0.038779057841482126 0.002686435397262013 -0.085989841192678579 0.002600683385095887 -0.144166649411575754 0.002566708064789354 -0.202225845785133695 0.002588063186545489 -0.253779864341648231 0.002634070218035095 -0.304676276681983993 0.002684792812103110 -0.342230448945395338 0.002765066219562675 -0.373507225339983595 0.002857326968113355 -0.395614745962035497 0.002970096924955254 -0.420135778497189916 0.003101116851820175 -0.440096975872310725 0.003254678946418660 -0.455879806149476596 0.003424509344649949 -0.457490663344328197 0.003627930831485965 -0.462397774570535658 0.003856144417699387 -0.444587724216505165 0.004115005951067012 -0.407672257005313676 0.004387627491078279 -0.369516750134576188 0.004679416350353446 -0.308056215415630996 0.004972727155353114 -0.246290732327001965 0.005242121957769705 -0.152965763760098350 0.004869055747704229 -0.053141400545271035
20.375000000000000000 0.003227540099758048 -0.036233035707968604 0.002868820488394417 -0.090827962630496625 0.002745388609227007 -0.155328672301399739 0.002682178791828291 -0.220847478018398435 0.002672677843684424 -0.276712824494809662 0.002692069574178269 -0.329311047290732795 0.002716133649146217 -0.371459347831378850 0.002767944915810064 -0.405250412205159727 0.002833008211643376 -0.430505704070231088 0.002918333112730819 -0.457050948053488226 0.003022151871501786 -0.478477065646331801 0.003144910751467903 -0.497393387850122159 0.003286644972845923 -0.498177586756740898 0.003458052000324696 -0.503959356857470286 0.003656695290769074 -0.485038034164692933 0.003881363755269511 -0.447115773289352370 0.004123032763182998 -0.404049829483143996 0.004380082258151686 -0.339439791484487330 0.004636873225703761 -0.267648789010108135 0.004868837538941946 -0.169910399395183209 0.004431837473379747 -0.050384115058655726
20.625000000000000000 0.003525444007436663 -0.031294391271123059 0.003103366697071183 -0.094830085936117192 0.002940162914980118 -0.165936956095863536 0.002845002553329921 -0.234787168972340615 0.002802342284453641 -0.294026865131768012 0.002791358991806726 -0.345532299806236953 0.002784708894702101 -0.389645291941345839 0.002802561058972798 -0.425710313654291961 0.002835688133829078 -0.458226068856537050 0.002886553374456681 -0.487135783525434296 0.002957744809355425 -0.510207107892442502 0.003046391577121515 -0.531164054013542941 0.003158058200831388 -0.533866989011321125 0.003291211370765664 -0.542136646601076744 0.003454369981309939 -0.524136105547654441 0.003637930354442048 -0.486458849906017510 0.003840332484862337 -0.435473613206591004 0.004058503157107502 -0.368873043796657141 0.004274826781599916 -0.290013330246743861 0.004461566871406245 -0.184413386399917695 0.003968695328965681 -0.045581873313589080
20.875000000000000000 0.003791233746415128 -0.028925671717708056 0.003299093146113480 -0.101744463969499391 0.003094334321716052 -0.179327844184513613 0.002964800978087295 -0.251402966245747039 0.002886845718552356 -0.311646362668051569 0.002842508422970983 -0.364534270122378212 0.002803225043031396 -0.412623132605266507 0.002790026668309028 -0.451405680107048957 0.002788292137160361 -0.487967979558189491 0.002812309479833367 -0.521799507738468393 0.002851734467053751 -0.548294050135220035 0.002904729751836503 -0.570237921747838938 0.002980204608935850 -0.576977389676548102 0.003075288381721409 -0.584909300176993718 0.003205622068281093 -0.570123583482349705 0.003351802572913714 -0.529723973171608020 0.003516941336574410 -0.476296253406618020 0.003696461912395471 -0.405008266868103650 0.003871084113469910 -0.318671927137042899 0.004002228219325360 -0.203006575199429967 0.003426523183715135 -0.042045917960916973
21.125000000000000000 0.004156218512656108 -0.021909272042933307 0.003603673586627616 -0.109565055607851652 0.003355255218509152 -0.196100815233748532 0.003195448085055227 -0.277467170478317093 0.003083565913808470 -0.343863164680980826 0.003013587950308725 -0.400149052145460704 0.002944500549841900 -0.451940589573023077 0.002906298474967469 -0.493607057965730511 0.002885597122959287 -0.536854013201886637 0.002879822946858723 -0.575088073657933130 0.002889003914720305 -0.602172272427607180 0.002916786459332024 -0.631850316596762163 0.002972809258423172 -0.638996323308088754 0.003038695206367156 -0.648567444538322491 0.003143750305942409 -0.631404944411603219 0.003258619520911321 -0.592284096955738359 0.003392493958210443 -0.525981793702903877 0.003540839909168775 -0.447277296397896873 0.003669497852244147 -0.350332684259904603 0.003771638602808200 -0.222315705960943494 0.003105009969089786 -0.037093781533277810
21.375000000000000000 0.004392378911505439 -0.021522041630037209 0.003761068764627002 -0.115358119850636098 0.003466601682827651 -0.205714161973568593 0.003259594214428884 -0.285790711256223962 0.003102557892633243 -0.351318144671650068 0.002987366561441466 -0.406945136448207734 0.002881275524078446 -0.458853501560340271 0.002806020511453283 -0.503425605590358982 0.002742946559292232 -0.554008971248559190 0.002707779137314746 -0.592682762259100104 0.002686176119924319 -0.628708146811816193 0.002671104950401338 -0.657620814966388911 0.002684895687308323 -0.670308642106917318 0.002703700863672431 -0.683438960929136696 0.002763484587102974 -0.668411349833362922 0.002838097834351874 -0.634019149696968154 0.002929294570921900 -0.564154922714297347 0.003045848812335578 -0.484109251624136316 0.003132493076208968 -0.377114650002849716 0.003182130982527849 -0.236413936594756874 0.002426670266153389 -0.033144842423679918
21.625000000000000000 0.004615526058250590 -0.023710102181241772 0.003921497890443298 -0.126142069603586787 0.003584722527983585 -0.217413820623900134 0.003336631702507002 -0.294605616879852428 0.003142618011462221 -0.359886267410606142 0.002986576043349810 -0.414327831989850515 0.002840364636266642 -0.470167959683409908 0.002722309578263314 -0.515867530925114282 0.002615272872140138 -0.575911482799890795 0.002546686040571735 -0.619789589799494611 0.002489083924045119 -0.659611934366960417 0.002439510861137793 -0.693149229572193826 0.002423515019966239 -0.710860654941440351 0.002407923491871948 -0.722170364339947524 0.002428309451531710 -0.716163131599919622 0.002472804470195810 -0.681333905128652106 0.002529881474545282 -0.610771093465626413 0.002607278809307014 -0.522508222414609147 0.002659122809767091 -0.407476070517218125 0.002664775542122026 -0.256402115057153490 0.001929387120997096 -0.033803796904916444
21.875000000000000000 0.004739236817936970 -0.025964875565373764 0.003995600210464405 -0.133198711532352382 0.003623392388894889 -0.229228285485213429 0.003345716713889231 -0.305495860122847351 0.003123314994694483 -0.367781812601622182 0.002938804175105598 -0.419520731872626396 0.002759938069243008 -0.477698147802573747 0.002600927924595549 -0.528161814562949972 0.002456335742261497 -0.590062504539594634 0.002346635099836843 -0.641703098009790862 0.002254505766357280 -0.690907135018194007 0.002177876210892449 -0.723522535172207659 0.002124562451672368 -0.741654992986614969 0.002078694399477969 -0.757624834341819708 0.002062886045654955 -0.750763926499007583 0.002080811901993446 -0.722108640919714495 0.002112192807188335 -0.649432156733055765 0.002159625494078789 -0.562156414626963530 0.002187577484340848 -0.436834694953043501 0.002139996987897624 -0.284371178291341287 0.001431257920180619 -0.039360288362388071
22.125000000000000000 0.004901987631838338 -0.031153983273711348 0.004120968278772425 -0.147561397147685014 0.003728108653395943 -0.244372964510134627 0.003430438335166808 -0.315104246810045896 0.003177581237328662 -0.373736094832982757 0.002965009792738249 -0.419871687508884261 0.002762062324289077 -0.477124250401010142 0.002569853804627716 -0.526027271761752679 0.002384123339432444 -0.586997713002699761 0.002239984203369399 -0.641373697911790552 0.002104874123309679 -0.696014733904941951 0.001990745646306389 -0.726310721729291009 0.001902440465972182 -0.754851022652042514 0.001820179084259953 -0.776096607600671229 0.001773815450292184 -0.775992435241288803 0.001770122921245188 -0.747747319870797456 0.001777784224318284 -0.682414039824936647 0.001797425732346521 -0.588394843189220973 0.001806392699994858 -0.461587475148969473 0.001724259034627508 -0.295840987943601863 0.001023784164826181 -0.042124937983187123
22.375000000000000000 0.005041798023635676 -0.039861756982199188 0.004240157873371642 -0.164529768356491829 0.003834093341445424 -0.260270606326126086 0.003518421743873553 -0.329705732807032748 0.003246609423448200 -0.384229919833930789 0.003011586184282655 -0.429312653196765148 0.002787047504002909 -0.486695679748492926 0.002572641282142755 -0.532336025712755845 0.002355436485147785 -0.588864941166917122 0.002179592248588302 -0.641472920377010314 0.002004482530579147 -0.700295668302803875 0.001850412137808950 -0.733651568063938719 0.001720341351241458 -0.762945235099014352 0.001606289884608948 -0.785775081461979497 0.001533167610272366 -0.792576238460150018 0.001506183622752850 -0.762574360117820427 0.001489163427696763 -0.702015172039758939 0.001474586842648393 -0.608141837970197829 0.001445577868134683 -0.479284202616394095 0.001312306253615446 -0.312439426371165396 0.000584255248765519 -0.046738381171265928
22.625000000000000000 0.005102428874142573 -0.041905732944029966 0.004307524031052118 -0.170106526396604979 0.003902508037587631 -0.266701408786052696 0.003586499258643812 -0.334919753826364131 0.003307862663861991 -0.386934474395469075 0.003066191116478667 -0.427801393945856034 0.002833281344040663 -0.480069632341057539 0.002596718868216212 -0.519922718389271399 0.002358740268266363 -0.569680125907027435 0.002151971299180891 -0.618702916010747450 0.001947839733066706 -0.668879797849477487 0.001766808617512924 -0.707412185214131850 0.001607173804938394 -0.735143939513317690 0.001466168143692205 -0.759286435162680795 0.001366212861473454 -0.769066279878417358 0.001310762092724507 -0.744982502600655461 0.001275896112421837 -0.692047188104111810 0.001228532349319841 -0.604327031816218052 0.001178764907415891 -0.477101213494477205 0.001002881301998275 -0.316180031385961458 0.000348150834087396 -0.049352783064328234
22.875000000000000000 0.005177754959582327 -0.041817781313320194 0.004394476733727021 -0.171610714371923989 0.003996096807807150 -0.267123824353220241 0.003681917314845748 -0.329756457014813820 0.003395643323362737 -0.376340411924666274 0.003147431202529870 -0.412086193169411030 0.002909944789435931 -0.458352212432392991 0.002664741069724591 -0.493149159606933785 0.002415389583907494 -0.531507532135839234 0.002185828146036590 -0.573757808350616294 0.001960541384706488 -0.619966313133159530 0.001757710329230142 -0.652791624312437424 0.001567623933725734 -0.676949984257508741 0.001396150988499563 -0.707245706146655273 0.001262402875528381 -0.720387253892932455 0.001174523242351894 -0.708845241477600752 0.001118360767703087 -0.665086855409690036 0.001044869305667814 -0.582505602165427461 0.000965552171554208 -0.463981021658616100 0.000756762732833201 -0.306624122979960001 0.000051970488354544 -0.047909366048634168
23.125000000000000000 0.005224396899641997 -0.040772941834460973 0.004458893941401041 -0.173286196546649951 0.004079236851658149 -0.265253249978652461 0.003772360028706127 -0.320417442874405767 0.003491751823734685 -0.360472645110778256 0.003240615543998592 -0.391762379310211128 0.003001425388454579 -0.428278386580423054 0.002751413328209168 -0.452386782669686738 0.002498706959321567 -0.481546781246118660 0.002258748351079519 -0.512093481662759586 0.002015905170408503 -0.549730610672661490 0.001780749523328083 -0.580279067326432973 0.001566804575402567 -0.604383479521444444 0.001364115427857996 -0.633973069367171793 0.001203058159601807 -0.646066353270874472 0.001074473531889037 -0.644693884106009030 0.000989698884046367 -0.608260011301170911 0.000884925327737829 -0.539571394132123849 0.000773454663423589 -0.430960587311873700 0.000540998707355542 -0.281550215914436186 -0.000181204116299863 -0.047147620943016395
23.375000000000000000 0.005241207726927964 -0.036431904250603400 0.004496031705052954 -0.166664034733142397 0.004136707276377507 -0.257097416089612452 0.003846733845106295 -0.311776622429059180 0.003579090216964716 -0.346721271770117134 0.003337321305991833 -0.374356262078771651 0.003098805642332834 -0.400543036920735063 0.002853722778071890 -0.417204769981742718 0.002605515163744810 -0.436257051584885203 0.002357814910581373 -0.459579712568783272 0.002114088504662850 -0.485883330301190464 0.001863586139364360 -0.513755724372900513 0.001625836655661247 -0.529492801902145538 0.001401144263919286 -0.551378386912477092 0.001210722089119384 -0.567825139787595523 0.001048493945747273 -0.567162886835032354 0.000927231576723933 -0.535473837352663851 0.000796263854111036 -0.485667559989676534 0.000663391053615137 -0.392739130990968355 0.000425041181712102 -0.259324849225586795 -0.000310373358560634 -0.041638904905053793
23.625000000000000000 0.005160918453242738 -0.030536277699960809 0.004443610315055316 -0.157492951437918166 0.004108444683245064 -0.251701689748595969 0.003842884107596372 -0.301610468077053273 0.003593005538650667 -0.335853228357557321 0.003366033897023991 -0.359737580287989633 0.003143155523774852 -0.377772751928232231 0.002908718816454174 -0.390856695677554211 0.002674491961466820 -0.396037425919569641 0.002430960148113550 -0.414512813210265008 0.002195131882716984 -0.432008048987379156 0.001946566798881459 -0.451547185719707200 0.001705705104442257 -0.462128673517598954 0.001471615963934147 -0.482660950391859966 0.001262183722210570 -0.496416495865455165 0.001072736341831159 -0.497872703099941416 0.000934952967994633 -0.478034193656039885 0.000791738531726340 -0.437382650773950166 0.000643229315952285 -0.360231426341438232 0.000423815154653187 -0.238084662626879551 -0.000318995249104523 -0.037421300926941292
23.875000000000000000 0.005168972610348653 -0.028982550049997849 0.004460191911683366 -0.156897199047307534 0.004143288869618826 -0.251733809691600141 0.003892725754753649 -0.304381422212722741 0.003659319040999238 -0.335315211738640762 0.003447264882236618 -0.357201067711756248 0.003232732271019900 -0.369953997837233817 0.003020594301742343 -0.381853911599991824 0.002803021707774459 -0.378724522448560086 0.002568517873990682 -0.384063609959429342 0.002339168271778708 -0.407732556087125164 0.002091284776436876 -0.412839176619129611 0.001847405019491791 -0.418836268457227379 0.001596176365650827 -0.435668558336336942 0.001371013882065813 -0.448671237643428367 0.001160540161294554 -0.450450870633078593 0.000995498294812243 -0.436321383378493521 0.000830193502524492 -0.404998506043098949 0.000674120204875709 -0.339691476357602162 0.000460660367038802 -0.222818847389299135 -0.000381217984452678 -0.035506167892450508
