# Index(['mlt', 'mlat_eb', 'ef_eb', 'mlat_05', 'ef_05', 'mlat_10', 'ef_10',
#        'mlat_15', 'ef_15', 'mlat_20', 'ef_20', 'mlat_25', 'ef_25', 'mlat_30',
#        'ef_30', 'mlat_35', 'ef_35', 'mlat_40', 'ef_40', 'mlat_45', 'ef_45',
#        'mlat_50', 'ef_50', 'mlat_55', 'ef_55', 'mlat_60', 'ef_60', 'mlat_65',
#        'ef_65', 'mlat_70', 'ef_70', 'mlat_75', 'ef_75', 'mlat_80', 'ef_80',
#        'mlat_85', 'ef_85', 'mlat_90', 'ef_90', 'mlat_95', 'ef_95', 'mlat_pb',
#        'ef_pb'],
#       dtype='object')
0.125000000000000000 -0.013675626331578920 0.455977816293876292 -0.012236166529788329 0.548949700165745735 -0.010829376338425225 0.748920204607845807 -0.009553434244457388 0.638376476116467195 -0.008490577817923652 0.869018286229706893 -0.007378151912194945 0.848513412464622085 -0.006410689007285558 1.006400293987667505 -0.005308065048689309 1.110753166735796826 -0.004495512501481331 1.280215811015968708 -0.003870966074698892 1.265519934368444899 -0.003458686646870255 1.115543310927496590 -0.003227791794598357 0.914389729782228766 -0.002710210269949587 0.983760095463669715 -0.001696741809281433 0.791156906427648687 -0.000657996765304889 0.381417581861694555 0.000580908567307799 0.089985355726160066 0.002243304295355665 -0.219161113790921402 0.004272957267615771 -0.175182135585857934 0.005947867233802512 -0.052839286310153444 0.008469796653128287 -0.055726734568847192 0.011236385253586025 0.497177086228619058
0.375000000000000000 -0.013370414601891990 0.388425667608321645 -0.011643337928006590 0.421600636519888217 -0.009960013146389873 0.541006248563576042 -0.008565983168957219 0.455192136110174062 -0.007463123790130111 0.671302128386416674 -0.006382319368876439 0.834163954435457877 -0.005268829151585400 1.045447199629874646 -0.003912796180815248 1.115510689066638639 -0.003208258807935059 1.361094202590734881 -0.002709936594996436 1.598461599847109005 -0.002422021336582767 1.415572735804731863 -0.002345736060187821 1.180345553994617269 -0.001902237120505781 1.187308298121096506 -0.001049381321476259 0.772028981102769185 -0.000082820583490309 0.514536931036964074 0.001063628418191462 0.286153590340529340 0.002636333308617654 -0.009984487795161090 0.004135988077540714 0.052375128638879082 0.005343358316018313 0.078271493370092038 0.007415232622566692 -0.010916838769794823 0.009195183545458507 0.530101419925089745
0.625000000000000000 -0.012407933004471013 0.284078606305310177 -0.010263456742887053 0.217054223798731821 -0.008434255229423503 0.281419022378339878 -0.006939769451160128 0.293276062484690125 -0.005757222380630850 0.591874687630252194 -0.004861143885950978 0.830474668223140977 -0.003783087568248599 0.978117522669583517 -0.002479240303721370 1.096232390647297716 -0.001776491391724626 1.354509263637736938 -0.001182435721987514 1.429584737441335962 -0.000909209743585178 1.276167985528697812 -0.000715598127136924 1.037233358870752742 -0.000185457424173746 1.086838571578049972 0.000331933912159545 0.674356208249370370 0.001032206764526148 0.435592708413000684 0.002057583075996695 0.169784112957778066 0.003494174173281038 0.028837798525271630 0.004734954531501586 0.043143893471619288 0.005719310989507711 0.158514234400797011 0.007413482975860365 -0.070016816492171119 0.009470896022312981 0.492148070830334405
0.875000000000000000 -0.012022651272724930 0.264850151783229903 -0.009543910405040216 0.129984981538188604 -0.007640094431746926 0.160491670789001728 -0.006129195675028617 0.300000295601707323 -0.004906560354263805 0.658883246235104858 -0.004098071091331576 1.001099446983906516 -0.003054236544637376 1.106074001838203147 -0.001957141013044003 1.253848127484731956 -0.001315538687190390 1.500724635295960008 -0.000854129547876982 1.683932326310658034 -0.000590604901953465 1.555163032284044622 -0.000461365169897845 1.376792403346088323 -0.000094062764486601 1.445206782012198543 0.000099271891643897 0.931467591226353142 0.000678708177356384 0.772772231988665848 0.001637374051880684 0.410767742978173644 0.002856144386798426 0.179522318176295798 0.003933907398758338 0.255377198104220604 0.004789148593740464 0.135924066169001490 0.006592991680000732 -0.075920536423108698 0.010426251038114882 0.370141223004572306
1.125000000000000000 -0.012569664634462647 0.239229401232397942 -0.009995140626644222 0.113701702284357234 -0.008135062369728401 0.173643887101262162 -0.006746139606018384 0.217735871474906306 -0.005585872831547338 0.579501004902025052 -0.004837018160372960 0.970781639945887287 -0.004003842376306288 1.064443370827696134 -0.003106528328543782 1.322800830966287977 -0.002611167705400903 1.486293443176450957 -0.002231779911765116 1.711176890533947059 -0.001990018106921512 1.679768401676153378 -0.001712929913978515 1.569664333080301510 -0.001489127429704472 1.742882997451001170 -0.001495709643522689 1.264092876120056053 -0.001059822695850942 1.122937894513063917 -0.000244651960278748 0.643229050817594183 0.000615047955831335 0.491690677443067492 0.001634922384603751 0.423765196474786388 0.002141553426774637 0.280635248573148699 0.003268935694471516 0.016238421762626964 0.007340099052473262 0.348507297769357738
1.375000000000000000 -0.012260161964012622 0.280501705074152952 -0.009565738591173789 0.236862504268942092 -0.007686530289622340 0.252414960912423880 -0.006258366398976384 0.356827362687882732 -0.005063617408048172 0.675486578288783779 -0.004291183133346853 1.112288903441265742 -0.003514957431181246 1.244438239721727957 -0.002797207535669643 1.522648717859220735 -0.002366916645751558 1.739337988750866426 -0.001987407324691801 1.934520966098870476 -0.001719214957945348 1.858989800255506308 -0.001367611598749220 1.717600585351081177 -0.000811386278908946 1.812718592671636486 -0.000551871155960172 1.399437792005211678 -0.000124844760880558 1.336076990085788285 0.000668329031874804 0.840919669059880359 0.001562531311135005 0.709802469615672171 0.002386702210648380 0.622430477579556718 0.003139465058909854 0.325975097453842122 0.004278768524906149 0.170953583321184016 0.008681993925248731 0.333020610376394521
1.625000000000000000 -0.012934419594427139 0.341747660166147493 -0.009916405187677531 0.388313075880018288 -0.008033948102262090 0.474692223906982402 -0.006611617653473669 0.524580516322054269 -0.005392814112336226 0.814881526865889660 -0.004411987597139859 1.193892697362541444 -0.003647655864032640 1.280076847252491046 -0.003165540268394574 1.675683454949286499 -0.002667072801257187 1.841452398653555589 -0.002097259739266605 1.927978325443423735 -0.001705852981163918 1.788615779019241181 -0.000840751590236901 1.699893796067013962 -0.000100771173703462 1.794782814105847502 0.000255548166173335 1.559638468553479207 0.000773598812696250 1.464074500306198345 0.001818046116622971 1.006345436461782761 0.002767428301876534 0.972482093550730897 0.003697254445301508 0.760255366282587497 0.004467888973359894 0.580812299177776437 0.005423154973146731 0.478187950992709720 0.009981784282465905 0.303594536689339833
1.875000000000000000 -0.014026107560044587 0.415983185847862091 -0.011208983890186590 0.411621625138770986 -0.009383683322812426 0.517868603155238527 -0.008053969109948062 0.469334107604526540 -0.006584833345987977 0.700823793872260348 -0.005566574203409570 0.994374801792176299 -0.004802750777667796 1.191070772333766570 -0.004265874742404212 1.605835996678273148 -0.003808249303153489 1.826781905651686966 -0.003296868456599034 1.914911106666419283 -0.002878931513311937 1.688875162059737978 -0.001960312373230106 1.634030766783707733 -0.001291330206887979 1.697364008647237021 -0.000720823672511512 1.569548816944398961 -0.000145229463302648 1.499104016238245407 0.000911791465905426 0.971664715641519683 0.002007854346384894 0.942338169986450147 0.003171495870941148 0.790878016064283318 0.003621250584185064 0.699622730027576800 0.004265976970398332 0.667175213544811685 0.009488979305262536 0.205530526882247544
2.125000000000000000 -0.016950870041373349 0.504545577518398791 -0.013912718981118189 0.575260321206230496 -0.011488314463838760 0.816217212614570475 -0.009953070633613057 0.686214405809998818 -0.008352211695758000 0.855724115010743525 -0.007169753616327391 1.071234683818294009 -0.006210643090133452 1.342674569019945086 -0.005452094087056777 1.710853176240428875 -0.004914034400750435 1.967717451140185814 -0.004226026516928630 1.949503962919163058 -0.003632408115680849 1.703382219242425943 -0.002566730485246383 1.700936030094782225 -0.001663320829658925 1.788374494693404593 -0.000808226643880075 1.680296750064083744 0.000142851355505526 1.561002219063725605 0.001400853496003798 1.094769721201319213 0.002915382072481927 1.014454463581984545 0.004293122142322128 0.850514634442341322 0.004998440434875715 0.839660485754298858 0.005578843911641531 0.806882728444766939 0.009844087108171659 0.247474559521094872
2.375000000000000000 -0.017011763798953895 0.562998106134255827 -0.013735827395324770 0.669165040743647799 -0.011119458773227219 0.835747805213279404 -0.009441960869090167 0.824944162104286782 -0.007750460954399035 1.029356649917960720 -0.006596838770048031 1.287086990763817829 -0.005453530942821619 1.636086818499376427 -0.004659084261527040 1.969149329529172210 -0.003967264317587151 2.184143022750108187 -0.003149150367490533 2.118070629891763534 -0.002488805551935772 1.993257531456416709 -0.001400753857924916 1.977832660992498548 -0.000353125376608635 1.871809068477859661 0.000623067660695111 1.812085348790593686 0.001705173205990253 1.638320091190637484 0.003028006750050337 1.253536811467679479 0.004429575276936743 1.123700509800760194 0.005694126190312922 1.018529447895333284 0.006684530094560517 0.957664845554375699 0.007472813734398545 0.908751091251485121 0.011322241184201748 0.184601901078328440
2.625000000000000000 -0.017626881101493123 0.559657493517512483 -0.014031654595503717 0.678308641275009783 -0.011439024375531947 0.946553026383192719 -0.009811967609337054 0.959822446254161132 -0.008216527015727121 1.279261993362047267 -0.007218380143293215 1.616558959678872753 -0.006136016658153151 1.947135735486032360 -0.005496898742389559 2.260456820753452334 -0.004818878848935692 2.424261883605638879 -0.004020479002044428 2.401841743611145219 -0.003436858944477276 2.260976779572092088 -0.002482894325255643 2.182408373083521980 -0.001645281760326728 1.968217435483957667 -0.000703429829804830 1.803947835025560220 0.000552924850693788 1.536805451217974294 0.002013952052630746 1.235534064881100846 0.003494002924241027 1.143968635096134889 0.004749058019080845 1.000095422715810534 0.005778280572597171 0.934231517911403353 0.006790230993569300 0.776042450741564860 0.009891091271405918 0.161825537099736572
2.875000000000000000 -0.019247599206596050 0.540159579060844108 -0.015605178404659267 0.614409548459412314 -0.013095834592021408 0.958372754600709698 -0.011399404588198216 0.997044640736760246 -0.009913752633514360 1.360128989107215691 -0.009138236963669508 1.703649113006478144 -0.008184542894128637 2.068888414642802598 -0.007533382214574111 2.195731938323195465 -0.006856719096926848 2.379613737812855678 -0.006202151487396993 2.298552542451494318 -0.005632581715285573 2.233725518276862054 -0.004978213008170311 2.181856356530274432 -0.004215961158877422 1.872199354335392307 -0.003270739221451411 1.771682038849439422 -0.002088027754253165 1.457015453570306152 -0.000790753386110701 1.158559841798398882 0.000724223089662273 1.017060517235401917 0.001987833884905450 0.939421180003661149 0.003354113507413772 0.901736327854103403 0.004865834770545414 0.730827725562125829 0.007971722252572803 0.142670305081312426
3.125000000000000000 -0.016823204995270871 0.306584906509784150 -0.013269382570826615 0.284921879147194912 -0.010938703760200048 0.493601315609205171 -0.009388756834171959 0.477171971650508453 -0.008141983994091032 0.653127057443050774 -0.007302314746235493 0.881777581485691409 -0.006454216228696940 1.201404092720038230 -0.005869187510634563 1.437981522927156419 -0.005337072742167158 1.559434421725327091 -0.004720769502357929 1.564918484255523268 -0.004202262729341693 1.407365999241914079 -0.003451084184659722 1.312664059536474692 -0.002800852649892704 1.122003735650918044 -0.002022053759168627 1.094852244155284149 -0.001139427913414194 0.945377877364672492 -0.000031274053493696 0.773898885389452951 0.001134588696088421 0.749700588958471470 0.002176038199234403 0.679811291207547574 0.002972154180025445 0.631010996251036849 0.003911889059428902 0.495089372910629044 0.007787665641887842 0.114653880643280456
3.375000000000000000 -0.016238747673126410 0.250953938117368103 -0.012833685864306436 0.138599617098725925 -0.010556485813120509 0.276981519339192794 -0.009018197588968721 0.284603333515796919 -0.007829540423418845 0.461725132269076965 -0.007143009282240305 0.691749158880428316 -0.006391179978180696 0.961791626413051381 -0.005841941613809449 1.099049392299165984 -0.005337583691572867 1.250653716033490959 -0.004841191958202377 1.258035537766700296 -0.004377605948594717 1.165710995773349801 -0.003882649357661130 1.059166780809470909 -0.003338170534366512 0.841038078368900210 -0.002594698364601370 0.868644180608988958 -0.001796891798720007 0.718924755155667672 -0.000865570405998118 0.628430359864556420 0.000220951080523690 0.529868580310129067 0.001171893939076600 0.560573221905131924 0.002002055920764722 0.548331471130591330 0.002700673607288115 0.386185580617243951 0.006364858996483433 0.077902919670857662
3.625000000000000000 -0.015067101512098984 0.160482141504134868 -0.011504815091522092 0.037384378311157429 -0.009196386075981239 0.157707842888657412 -0.007713059745923635 0.157537889713897733 -0.006767141372354891 0.360491196561536276 -0.006150753381730286 0.660023648703413457 -0.005459687548414593 0.834877999500346801 -0.004963589611850228 0.910109561478244844 -0.004481103455283774 1.015222494550993559 -0.004053891018961666 1.055964423759226278 -0.003614140516466024 0.981676648547193720 -0.003115185070356327 0.907039003308701020 -0.002567661149976615 0.698196053607870848 -0.001915963822333600 0.748672605565098737 -0.001160677899952361 0.579875206483330796 -0.000255597668409973 0.541140599343775452 0.000778841663207063 0.481558510556958530 0.001750188246250371 0.485320357505398314 0.002587692397063916 0.510807013817597744 0.003431097236478059 0.337425009976492718 0.006297528273075995 0.068784138360557717
3.875000000000000000 -0.012781741894120111 0.046884747119768873 -0.009421254460725188 -0.149485000311519789 -0.007557141246776835 -0.063862555572908014 -0.006235927917761118 -0.041695020173063257 -0.005393662914259667 0.141079941419448351 -0.004932477056494487 0.401600792180289212 -0.004414482956795207 0.552251426103697152 -0.004003078698012892 0.638158072167964052 -0.003631328762549644 0.716195166536395034 -0.003274854836410847 0.787458862644107249 -0.002938070004945370 0.682701816473138323 -0.002575023953506215 0.624704316862155773 -0.002121988535715138 0.421808131354969695 -0.001624106876064314 0.519839985471884036 -0.001081087055134392 0.327701252033597790 -0.000367096683986964 0.353422806524289479 0.000417950605001425 0.377253743822604237 0.001082045907911298 0.413509153989806089 0.001989940052216267 0.406972883815831077 0.002496063777887448 0.205443306932642233 0.004965743841043956 0.025108972793117926
4.125000000000000000 -0.012046322328889641 -0.057897283192828719 -0.008664537937790266 -0.344556844234367832 -0.006908385005571699 -0.287262255033341019 -0.005562791486151304 -0.275821385864457091 -0.004780264696814434 -0.168958660462043664 -0.004287561157737793 0.082593231152458646 -0.003860241734548143 0.215196923448324251 -0.003463795615115558 0.254346816768293182 -0.003188869923185672 0.300207548440628025 -0.002890167545812454 0.417802192102943892 -0.002605707162780426 0.244806255021178337 -0.002239875784222284 0.199456284997582445 -0.001888789680948380 0.057155932749452021 -0.001419407208447485 0.244601766745996513 -0.001008291541365833 0.111328668384063911 -0.000426082845818373 0.163879139255606848 0.000352441844252466 0.267490831431901444 0.001083586984789139 0.250931837619313258 0.001839436751207069 0.298515981682626996 0.002145489161212715 0.107532198770144916 0.004732285746828903 0.005324951176783374
4.375000000000000000 -0.010452659149673983 -0.123950163449389014 -0.007462208118507637 -0.580028503663553185 -0.005943341498958293 -0.591083919785434619 -0.004669297872652113 -0.651853908744468580 -0.003934345269962730 -0.660347809980496470 -0.003435555505498071 -0.473063516881125024 -0.003004583861569066 -0.313907388264262677 -0.002669867595980032 -0.292238753771630944 -0.002400491657539827 -0.241899892052103938 -0.002159799092673117 -0.150053950551705229 -0.001926628821673989 -0.312020207586746035 -0.001614512446994346 -0.346916508001444912 -0.001381114715638411 -0.407290063102893785 -0.001052410330782568 -0.149014018245667623 -0.000832233573707932 -0.145193510223404099 -0.000477070986622356 -0.046699845992433819 0.000114851182652626 0.096927750422315162 0.000434330200673562 0.128325212383475606 0.000851571670539706 0.175038374738303498 0.000579382467117132 0.023183938720371305 0.001672031453866644 -0.131669891783034010
4.625000000000000000 -0.007723529964639068 -0.136250084386357995 -0.005071837142785997 -0.619440864303478000 -0.003760585088228794 -0.762284262749197694 -0.002728878465412300 -0.814265638607772679 -0.002061281417522797 -0.893999519323394054 -0.001613368096237559 -0.704251200246057474 -0.001203216136405065 -0.579115450685194322 -0.001019890035430425 -0.567437097702026993 -0.000862505584975682 -0.568449145498911790 -0.000718300597188105 -0.439006483038907214 -0.000588884054471121 -0.583047036578317579 -0.000434121934612487 -0.697161350548375358 -0.000256754032561369 -0.699064153706366653 0.000034427473680089 -0.394638206084879040 0.000204357976298978 -0.418724756991048885 0.000414700423884420 -0.216946832294345249 0.000842542139206105 -0.059439048856286480 0.000982773608336057 0.000597407983032761 0.001207682201355611 0.111103004003273470 0.000271038835137748 -0.036074179344531027 0.000878195538372911 -0.151863017944590534
4.875000000000000000 -0.006479699319399319 -0.146776850254049573 -0.004042357114022515 -0.638369453813149357 -0.002926944627304092 -0.851226480100628180 -0.002101973150407178 -0.888432090265047769 -0.001555633187371661 -0.952506735081502187 -0.001231341485571103 -0.669009185414302765 -0.000951607927227081 -0.679992487575000304 -0.000949682239963113 -0.620586113133170247 -0.000899229760147290 -0.609073456025765791 -0.000847220362064231 -0.518324102334821735 -0.000714607935931526 -0.648880279847880992 -0.000667318683193394 -0.732382543931323848 -0.000509816502889228 -0.782233173992600950 -0.000271641944386293 -0.485933805769978744 -0.000146832153847752 -0.531511700875453519 0.000056704990475511 -0.328559356454638740 0.000366892642973917 -0.185762233525557485 0.000355794751888858 -0.113000538225800362 0.000632127376070259 0.044615195010945047 -0.000715072242252852 -0.059497747148154673 -0.001134416036782575 -0.176152871933447364
5.125000000000000000 -0.007244737494492279 -0.109699067211887505 -0.004681700994348520 -0.569068395234946567 -0.003545426778336185 -0.698865449027542107 -0.002696380520094712 -0.775968261373630286 -0.002154542674399286 -0.778393181376649146 -0.001949214162478245 -0.526851695557197131 -0.001714007419370687 -0.526959928800317501 -0.001763607247478295 -0.530086687319742178 -0.001786264863340110 -0.494942278276900960 -0.001779772953962085 -0.338732737759978697 -0.001747764435573599 -0.502015988810948777 -0.001768127774756445 -0.550436823079265780 -0.001707526710818044 -0.519958011808590581 -0.001618580217490761 -0.309708379131994171 -0.001575120144269238 -0.426385540658370310 -0.001355957517509231 -0.271402852529820160 -0.001111342730410789 -0.081136359153612503 -0.001321048212603328 -0.058884960284741050 -0.001072820804500111 0.090726171067519623 -0.002440159078913881 -0.085530678315056008 -0.003368140116979224 -0.147301001232278794
5.375000000000000000 -0.005442861416482216 -0.072500183502778565 -0.003272147572617060 -0.455724052125292434 -0.002435752862465322 -0.615462504679434530 -0.001747243482626831 -0.650064134036802299 -0.001361011459377929 -0.759210519006364049 -0.001262562135807128 -0.436558149605992263 -0.001031478314298762 -0.482249135706842413 -0.001166096984874995 -0.496236733177790323 -0.001285501781726909 -0.529523882364537291 -0.001273898136916821 -0.484529070869032352 -0.001310759643884688 -0.583397421741950306 -0.001456286850246296 -0.622689170305035566 -0.001512911302850672 -0.632310581781529768 -0.001492362543811706 -0.440274434501421064 -0.001540016930435575 -0.562491576812756300 -0.001466102657288743 -0.423945214524799219 -0.001367328807335876 -0.225316450622757181 -0.001611707957362837 -0.229597073023429021 -0.001312165515215824 0.010066365984504250 -0.002493227195642772 -0.127766831582953405 -0.005295220375758971 -0.215865352744815553
5.625000000000000000 -0.005059302025141672 -0.042487008100647650 -0.003120850618110274 -0.331585700242280401 -0.002358239157588531 -0.445732678395942550 -0.001805910522439366 -0.455857545105366524 -0.001616525477207926 -0.562243106843987817 -0.001586690054059450 -0.291644207378359499 -0.001461483150089997 -0.254318097441769586 -0.001664434536613194 -0.340414217274021214 -0.001924557992592697 -0.433685168912686214 -0.002020375387818075 -0.411266474721971143 -0.002146959706245750 -0.525630091429083790 -0.002419445821398192 -0.512090264426162900 -0.002475919204683617 -0.565189847478728691 -0.002514284117965057 -0.352905840861754361 -0.002598438618167985 -0.490071511945848692 -0.002667730716092363 -0.340849507903608129 -0.002792975092985907 -0.039321374903299289 -0.003190938507053118 -0.134918322025162407 -0.002969211883858398 0.012254921262108837 -0.004157599100059147 -0.055648101994102889 -0.006158015666400733 -0.202862241194618403
5.875000000000000000 -0.005309114642443871 0.014148058917599945 -0.003675563622007038 -0.164282751542295380 -0.003054689056928097 -0.277763755668467560 -0.002613769235964105 -0.266862375198579527 -0.002530219635245956 -0.339958320054225327 -0.002623368020561890 -0.180421676668491404 -0.002568691483870438 -0.144587949772519431 -0.002927751554102411 -0.115605672179108498 -0.003342979418339266 -0.226862633511256573 -0.003508931198458877 -0.216997084719421529 -0.003707617941607026 -0.282906644394192552 -0.004173900304778723 -0.314985329017038906 -0.004392771150520833 -0.396603765406778108 -0.004543662477232514 -0.263478811242047750 -0.004765095574427994 -0.368881093917265090 -0.004938886981033066 -0.151527592837258307 -0.005297520711030155 0.148608441262324947 -0.006045872960641189 -0.025159851498887276 -0.005879864661403819 0.060017884333516902 -0.007248694613258898 -0.032065826653375679 -0.007707283542486898 -0.178811381584992130
6.125000000000000000 -0.008074832591221822 0.057416568829919329 -0.006385889051711426 -0.011508706672633262 -0.005724281009484028 -0.120843181523084930 -0.005495235852891831 -0.125827379968266539 -0.005490851170061522 -0.132274389692719929 -0.005483748118691181 -0.025487412937859222 -0.005461437983987827 0.056597008210764188 -0.005959867998908098 0.122200430591512171 -0.006477835938491494 -0.039578666095646198 -0.006668426932031776 -0.033913349129561898 -0.006942794328718705 0.016244811362847333 -0.007518398904697030 -0.051372522055823433 -0.007822081005073282 -0.157773549899002274 -0.007986417214079278 -0.058727598638276368 -0.008203004078160138 -0.160740578325208716 -0.008412152803308417 -0.022782579761622512 -0.008931502067945057 0.195898230516224237 -0.009619998884294064 -0.013236072701968415 -0.009994854663448301 0.155652430095287952 -0.011283800055026756 0.017574572997516941 -0.009366347734490861 -0.195507798003981742
6.375000000000000000 -0.010119433619743193 0.095261538037920507 -0.008224767237074052 0.115137980789606992 -0.007574407857976511 0.046699343958913314 -0.007369505082342376 0.102164853828741020 -0.007396982080854476 0.082839286737339674 -0.007376497202643044 0.157475069747703283 -0.007221846645139177 0.133451592084748910 -0.007651715512719356 0.335740569829129698 -0.008068337570201704 0.208368859023859543 -0.008292485640672975 0.166400121952361979 -0.008486105510659304 0.153218097257769109 -0.009113977126816095 0.184119027529406898 -0.009336477501154399 0.013030936547146488 -0.009529759533278986 0.016046148827587536 -0.009834078570502072 -0.060966455503853212 -0.009911983709984765 0.115341664286369189 -0.010422420360931255 0.271146750875523757 -0.011348191495069207 0.089387401200269556 -0.011760399202840766 0.261096206733481773 -0.012860139640220562 0.010049100866832111 -0.010747705334332992 -0.157464172327444085
6.625000000000000000 -0.012173695279507995 0.120929267316469261 -0.010241304804339333 0.314597201813956673 -0.009468892131198659 0.288955568244359751 -0.009367728608559833 0.452813711332236968 -0.009480213369312910 0.561810428000430351 -0.009570881695436153 0.633444574678067807 -0.009421267857167296 0.552942264863071520 -0.009696966500272648 0.731916745052363593 -0.010099743577549097 0.583798594564742701 -0.010211150641477811 0.529483062193793486 -0.010228636876503969 0.529321267362367509 -0.010777648162982750 0.648329251452025690 -0.010831147403760668 0.413102991482172777 -0.011086219162016655 0.437110185334129597 -0.011282848442537095 0.249833891151341692 -0.011381366797178629 0.313647884789625131 -0.011833532889895408 0.456630886435746397 -0.012390805038678799 0.219849446302522733 -0.012639070166821614 0.446173770148582949 -0.013591778936461116 0.206299547996209892 -0.008755376347531627 -0.050884249084035493
6.875000000000000000 -0.014436257210538497 0.082473238904009039 -0.012332920795356356 0.376425074151462424 -0.011171481968117661 0.435594484400608939 -0.010962341900095669 0.586560468932358137 -0.010964376614802268 0.761704878546017428 -0.011001029335156856 0.869582126866317973 -0.010930062188444528 0.698006312516754379 -0.011013368970267707 0.950843004998189301 -0.011402828108684008 0.794583348488269614 -0.011464327511355279 0.768139854437980385 -0.011365121595799218 0.798234572900774708 -0.011909840909941610 1.092512206642915817 -0.011935523337539533 0.748205026277331875 -0.012440108204189615 0.709017220488785904 -0.012650016363944586 0.588255826058767584 -0.012802996505457357 0.615670120071055926 -0.013282111790742582 0.771613823174356672 -0.013805036430851781 0.455081496702959110 -0.014172524327758153 0.528227524495773482 -0.015030530254644072 0.271810705615349257 -0.008610115144474116 -0.003347508028357954
7.125000000000000000 -0.017614326992526581 0.169023201721842153 -0.015213264050166899 0.505746723798946363 -0.013786419543610633 0.665170938931637146 -0.013574293668570200 0.781354088634957478 -0.013476438119097593 1.000336593682390474 -0.013541305247221662 0.982233497054805560 -0.013384148661841157 0.885287512525616438 -0.013379623366115263 1.195601699112002203 -0.013564950139554745 0.945626119870996984 -0.013671418924871236 1.072426321845065589 -0.013479897168707115 1.130137922574932174 -0.014000994674575577 1.409126528040452575 -0.014003764051042727 1.104206263980094693 -0.014675335300270417 1.070557717605035375 -0.014937197693012563 0.999027662576904896 -0.015053139079789456 1.037002723545826788 -0.015576566288066532 1.189385000954867433 -0.016399999297562296 0.762083353104120231 -0.017171199439038966 0.804781121851901204 -0.017914464450039545 0.482013409951623117 -0.010878129570741687 0.068363085518251959
7.375000000000000000 -0.021189326557013784 0.212354290835666398 -0.018559050644664989 0.474650249978626038 -0.016638784927498679 0.546678736965333645 -0.016268664532235150 0.770006980297084698 -0.015967201053375180 0.962346432571759336 -0.015788798383803877 0.959651303739632366 -0.015516632665658373 0.926739567947485909 -0.015443210462843932 1.251142040744716466 -0.015577487305401648 0.956229690458129000 -0.015528750176157440 1.066495366321572824 -0.015227722459174683 1.075336941570617322 -0.015741955288676172 1.475980649173584291 -0.015678360642701668 1.143796622027295262 -0.016258716648095407 1.192185612010002727 -0.016447966692826894 1.180000475683312899 -0.016582409419097267 1.238074906332139680 -0.016994142899965963 1.313192515851713926 -0.017582255974201919 0.901283196979269619 -0.018161721165950526 0.920902949643639501 -0.018783091033373278 0.562749057964268884 -0.011905739799335178 0.038971963592820180
7.625000000000000000 -0.023190720257628358 0.207592049745179030 -0.020649042874505742 0.471179092355043183 -0.018394792616888141 0.567917175228460858 -0.018149709255026653 0.747186274059703059 -0.017469541831424809 1.111576828347544232 -0.017059331162429608 1.060205947569775597 -0.016963127964288789 1.093899208711456961 -0.016775709009681280 1.309790137569726731 -0.016942960620291419 1.064482652946851626 -0.016824836921255956 1.210827440803786015 -0.016533370061453747 1.338325409932709320 -0.016926714177711907 1.666309372991269688 -0.016821679879160351 1.409491963047695418 -0.017351784081735783 1.554609974616790735 -0.017278455315780848 1.458452504862780774 -0.017406840852311038 1.581454964059893609 -0.017743036077747590 1.571439963861235745 -0.018431129510343463 1.125181613566532679 -0.018935917278245888 1.069107395250822767 -0.019457004228779239 0.695675795079908066 -0.012664181861545130 0.111119485014161481
7.875000000000000000 -0.024944147730034952 0.246774377044818333 -0.022150968815534789 0.506109939992881452 -0.019793166261543080 0.563595358377989020 -0.019348109831719789 0.702688470631311457 -0.018085548921499987 1.042205893316213050 -0.017427165847323255 1.093892209510473057 -0.017206873220951820 1.064066670365150680 -0.017131192772176909 1.339432070250923035 -0.017199268385067617 1.115813860871110563 -0.017016176688907845 1.276263584691101460 -0.016551856188096983 1.382670425144922000 -0.016662583135250375 1.730836170652128025 -0.016417114323125672 1.506316486059384285 -0.016819835288745876 1.619910364018847471 -0.016675457709081819 1.565616349464238999 -0.016657166550648656 1.654529342551366522 -0.016711161449393934 1.543868953379738951 -0.017285869482579319 1.079265685036049582 -0.017602111982328188 1.127924290170185584 -0.017706396420649102 0.725027653829044105 -0.009947767033633075 0.107211345802711897
8.125000000000000000 -0.024424983737131867 0.246730438222504289 -0.021591580866407712 0.473869943360851642 -0.019617958952872046 0.546706755324222193 -0.019129505745202981 0.679355780072093185 -0.017856225191466492 0.946086576235588672 -0.017121973422134472 1.039353220976242387 -0.016673154117603450 1.054130542548267213 -0.016580806663128091 1.255927779516762044 -0.016597310477780163 1.044579798878013666 -0.016227558602868258 1.168567231288996089 -0.015694828327067780 1.239339639143906435 -0.015783040663546809 1.597834327735379478 -0.015481804534302115 1.391895364096222609 -0.015785723069491255 1.560384054412571109 -0.015507294777170427 1.486162448892177190 -0.015279940196458924 1.500140434367349895 -0.015150977846491887 1.428289020446823265 -0.015385679324075276 0.949991493217911209 -0.015392043753734068 1.017192932929996463 -0.015509538072343395 0.637724793128943701 -0.010452764804330871 0.149842806250100158
8.375000000000000000 -0.024330812955803856 0.330929532126556403 -0.021755147840198621 0.466994576191691657 -0.019792191463406633 0.477884313752165890 -0.019128120706620594 0.585211108772363930 -0.017786577415874038 0.757060734441333705 -0.017379909199022988 0.885635267014746708 -0.016777129531186021 0.851617083043583523 -0.016674264977981912 0.996532389064291868 -0.016416985664139724 0.837804492452772109 -0.016130302915485492 0.929349973856869127 -0.015517288409521813 0.892326894697464401 -0.015326302128378575 1.320231299961315496 -0.015047019005340598 1.118256377189052353 -0.015342201238404195 1.348541049556804872 -0.015060803668038627 1.316570098220259943 -0.014937965698328282 1.437208872802296256 -0.014868838039300256 1.324978005673558057 -0.015200975253993956 0.877252014497582722 -0.015192869174068733 0.843208948148360449 -0.015279443195924409 0.550860785919254692 -0.013464613424668415 0.251779204097796971
8.625000000000000000 -0.021227295464147262 0.368671795884945253 -0.019469695149851581 0.435351751228902295 -0.017789826811694644 0.443225315940153797 -0.017547463895950650 0.382701994799879597 -0.016210099025703497 0.630443164419424718 -0.016191314863423931 0.739460157161769605 -0.015834519674404062 0.738375372788521833 -0.015940406181640381 0.794192821503253765 -0.015915972639157925 0.570357940135657993 -0.015796570465157877 0.694759072328727356 -0.015272276187776254 0.642101841700624232 -0.015258398717606460 1.031890749349640757 -0.015182000375337956 0.987699622441612246 -0.015491322661435176 1.131965083420234386 -0.015293137547707171 1.179622061958993662 -0.015378781737190325 1.238769123581682008 -0.015676246640830661 1.243233502264322610 -0.016150557415941916 0.793657323551107741 -0.016191304898764219 0.662639999908815835 -0.016455640609508552 0.518301954206987547 -0.015036338096810669 0.234603227603103370
8.875000000000000000 -0.022213088423013866 0.382909879679514009 -0.019996116964482065 0.402931323985425860 -0.018003993164188593 0.375302070378437103 -0.017421300501848862 0.285706738124224369 -0.015936188041111396 0.412041585480827366 -0.016052251725294477 0.529970935821509448 -0.015780743857457209 0.549117365799153490 -0.016207719656092464 0.655817221117206195 -0.016478733892787246 0.454394350917908141 -0.016548014071299383 0.632306298373220610 -0.016364302720228499 0.629180721533047382 -0.016586106573126608 0.937963091547857508 -0.016663047498188824 0.814541843821353417 -0.016929861083452589 0.980631115794750041 -0.016913752025074308 1.090149460123128078 -0.016971964988872070 1.179306860610247920 -0.017479783055242944 1.126367790224494625 -0.018058781906879418 0.740816778462875747 -0.018629457432586340 0.575123857844131448 -0.018639452396075243 0.463695230781097201 -0.016667755880494871 0.326240299537726042
9.125000000000000000 -0.015462653157314835 0.373240310786577822 -0.013360073515541474 0.421190078804559942 -0.012278243449585481 0.431277174539572039 -0.011729846148740366 0.524046494111858108 -0.010880194593443951 0.634572019308562441 -0.010913852764510509 0.737559605553539166 -0.010695029685283942 0.716235388066481238 -0.010970078860554979 0.861333726310860137 -0.011012275512289050 0.760660164292672913 -0.010968263752438933 0.843035988250928847 -0.011034319399615029 0.866298506353037179 -0.011492334758927247 1.179669868350947004 -0.011729270187210348 1.009860590527281721 -0.012062640749649200 1.112306484090160419 -0.012313662856082933 1.081768266275835888 -0.012408480573071624 1.091532856364271886 -0.012887168204589020 1.051013655774321931 -0.013613001449649498 0.718440779759254800 -0.014380751689236308 0.717896420263285706 -0.015134784143491726 0.538347080443532189 -0.009132778502426005 0.287750737922039423
9.375000000000000000 -0.014625812342416031 0.435325955415860999 -0.012714331826571189 0.462009847287835618 -0.011686600550015584 0.440448847732815119 -0.011108392541299777 0.568264347556044824 -0.010212067727933993 0.603830628290293436 -0.010453402861435283 0.729129424790895708 -0.010288557497833282 0.696828449788363224 -0.010650963291915234 0.834671062140904141 -0.010649405683646928 0.717826662504740920 -0.010700325391118636 0.798416462258106918 -0.010727740722184758 0.740931089031871659 -0.011107884920584465 1.087532866604334902 -0.011378594980076533 0.888321570964613061 -0.011812426129847946 1.079534746332543982 -0.012142518914597823 1.043718035474593853 -0.012265431397270345 1.077700369796733781 -0.012821776859708860 1.029747396363295264 -0.013519630511338122 0.702810604109739945 -0.013972211505183855 0.645308267722988105 -0.014665843947377452 0.541434725515954729 -0.009517461922873425 0.367935544464206565
9.625000000000000000 -0.012882818109092063 0.528274439198767931 -0.011348895795699115 0.528324333856141637 -0.010425232485933675 0.515300164920306392 -0.010070268034073789 0.578479107273112581 -0.009430596784647766 0.650108791842483935 -0.009874617242355544 0.777440773075028235 -0.010071583562589630 0.805512772063535665 -0.010612912505978730 0.834247358963505659 -0.010785900501783260 0.698495177228602659 -0.010863425930648901 0.742668972587673504 -0.010992296914605352 0.719305065077790573 -0.011456184752242315 0.984299685306016969 -0.011807694839891044 0.868360263584894598 -0.012236568228195164 1.062261829486116138 -0.012507720378466602 1.043641268501803721 -0.012729895503110308 1.034860202030854825 -0.013413951653994602 1.029900000137648819 -0.014100991057922993 0.721133854769177018 -0.014285140539996733 0.616090577532746098 -0.014896277075238912 0.608393768650378752 -0.009277168172489953 0.421910731020698204
9.875000000000000000 -0.014554500893269460 0.585455792127583474 -0.012710049841305276 0.544812214440667519 -0.011573410483181831 0.539382513689024012 -0.011123913557355366 0.586136003353254664 -0.010532198759723544 0.595549102226447413 -0.010991058034826258 0.701701434677698632 -0.011289862970469213 0.756074869325934706 -0.011929252569808469 0.848789337614566874 -0.012223605232462314 0.711129615742785992 -0.012439614253665044 0.805228795499469574 -0.012800830246865220 0.833388147870234630 -0.013375846978082646 1.038436683141154671 -0.013895243556544604 0.895383352069658800 -0.014287104387175224 1.066428906997076043 -0.014593429567272140 1.059640822874981403 -0.014693323017841851 1.111601373069830201 -0.015425700461123452 1.048171284798234515 -0.016274074526762442 0.799171638143380880 -0.016743435740219047 0.665220174347549209 -0.017091201555020061 0.669771075635704261 -0.011898375235569841 0.494499382867144233
10.125000000000000000 -0.017124222427744105 0.612370121553904578 -0.015045861860594933 0.509936544238440481 -0.014039363720703552 0.443065234768445337 -0.013592749683321550 0.535928998376607124 -0.013016811627822747 0.551513210668801879 -0.013518323339346282 0.589500819480388127 -0.013790733174617997 0.723307371617741612 -0.014569447658641353 0.739183382662686461 -0.014786659549468489 0.660058655869098510 -0.014965722153585954 0.794109464375619800 -0.015393541286977765 0.768748986840330994 -0.015843524568093945 0.888268346707612344 -0.016364696803441388 0.808414623208617789 -0.016557265525364323 0.961736188133148540 -0.016782529519739818 0.982092312888338759 -0.016770880527190137 1.015272871817119338 -0.017412656374101665 0.915990364685391301 -0.018115265413057323 0.729487828108939640 -0.018383997634619412 0.633502970014143019 -0.018343729686801598 0.674499337321936676 -0.012211595954195976 0.474495330785651814
10.375000000000000000 -0.018310781474872088 0.608574375208389640 -0.016310831576880104 0.447721052774962547 -0.015465770569284420 0.392768436355324879 -0.015054629515009611 0.457914266185494356 -0.014657135088968751 0.539079141289199426 -0.015132279558288594 0.601685221565629869 -0.015611675829892209 0.717057264159777663 -0.016467178788204900 0.706240659025500150 -0.016631814009019676 0.678319077798732906 -0.016963298179190775 0.757226046385627072 -0.017592811648581560 0.720899640174009204 -0.017978265115610900 0.909168996977443022 -0.018594094558943182 0.802476901391804054 -0.018209459803020255 0.978293072090439142 -0.018460624275979661 0.945717633934530122 -0.018624897471100337 0.958049770132670009 -0.019491308557343337 0.895647740867049347 -0.020090633294844201 0.772456888810284736 -0.020544946507818889 0.626049854898967473 -0.020581462852960020 0.693769800679343018 -0.015729532634767299 0.540555986729532534
10.625000000000000000 -0.018253183167236269 0.622707436800161607 -0.016698946659665283 0.519089915733449869 -0.016518456823815912 0.486094422895388401 -0.016224882597460889 0.536977932499348887 -0.016092952659814648 0.649556759075397228 -0.016467906685176580 0.654491881881928417 -0.017153119539088851 0.735335314222778202 -0.018164532384033545 0.765557433012575839 -0.018442095387945528 0.760159868408522787 -0.019177460465843579 0.788863424889270526 -0.019939077573253840 0.802217289727696903 -0.020190942133773922 0.942964157564648131 -0.020553158156612839 0.807969606968176657 -0.020075929199906792 0.972835668160587863 -0.020427007938453087 0.931233981607013872 -0.020699322480405610 0.928007095196157206 -0.021466306739752347 0.912317910816698663 -0.022166915936291654 0.740706981977975354 -0.022798728115248856 0.618547986867913457 -0.023034687921073264 0.718704251472684463 -0.019465955302967231 0.757681822071273881
10.875000000000000000 -0.020890811025130154 0.765176109151843753 -0.019443503581625367 0.641102888634616064 -0.019425005346125391 0.637549333947757146 -0.019111635702337992 0.771362965668715761 -0.019509313019197942 0.769964745083338675 -0.020214211053430353 0.780525628436884666 -0.020808560149297939 0.866847284671596552 -0.022163450323035436 0.974306099378995372 -0.022464428376314113 0.936857276855313836 -0.023300650331508660 1.018490551469345862 -0.024046010133612229 0.900365198911611819 -0.024015732235747021 1.146303945857566564 -0.024354726996252848 0.961691926471989200 -0.023913899588457188 1.084627175771198937 -0.024700240018446565 1.057597011037472612 -0.025050392298474267 1.045260106753451046 -0.025933681677507602 0.993284351833692680 -0.026705658139443429 0.865338376710857560 -0.027302095249449911 0.727949224545474505 -0.027574708726912919 0.827881161417647449 -0.020446347860310889 0.809548998003879361
11.125000000000000000 -0.021073358524025629 0.799140199930013173 -0.019878758163254840 0.662054812212972688 -0.019978964404329287 0.699757215252763687 -0.019887240679205640 0.819990827324253435 -0.020739479845917948 0.892853045102633081 -0.021635830567879499 0.871874189257411669 -0.022310638031552015 1.011222451951145684 -0.023645614892848388 1.063909976691538084 -0.024253897251255731 1.045823912590418958 -0.025087333291107072 1.157007042852853829 -0.026039389151291864 1.014678892497626217 -0.025983125607096980 1.181950148050263438 -0.026472713767853345 1.000935211968135619 -0.025920096115446281 1.075749312381547806 -0.026758499967382873 1.016939248929815021 -0.027085538740547550 0.951370637247427764 -0.027920016776055094 0.998690190556272284 -0.028600710670179053 0.887740566229041517 -0.029183346839716458 0.733014421911443281 -0.029503602149717915 0.865678686147287380 -0.023022018440617829 0.906589308935505045
11.375000000000000000 -0.023346382063552325 0.833546322900385772 -0.022315893712137293 0.700679969314683238 -0.022260663005684491 0.755122374646188477 -0.022263903219801467 0.843944198706047977 -0.023107991813611794 0.930279169821427887 -0.024184606988984805 0.909574895406903616 -0.025045531564474609 1.017504997727459060 -0.026382597137220094 1.040808343661371538 -0.027019710532358431 1.056311603853447689 -0.028142613251549688 1.137807882592620334 -0.029214156870485633 1.007539771181200638 -0.029170159880561920 1.141413062279221569 -0.029482412557218791 1.014019702701163039 -0.028918309554560401 1.063155260960097159 -0.029885794895197867 0.955740626142775551 -0.030413823069838919 0.956832450616688313 -0.031385197686323002 0.977229618260818000 -0.032180892309318421 0.884122495556905807 -0.032966057276462304 0.772595777430282071 -0.033629336055969968 0.947764606965553980 -0.028408990028910584 0.879507871397191998
11.625000000000000000 -0.022350579671604195 0.801662931124720757 -0.021805428543290904 0.783376369744381407 -0.021890467709416984 0.823338290829623842 -0.022269571476038842 0.937925812002918358 -0.023003350763040838 1.014799696669955509 -0.023892533373439204 0.962760265628515133 -0.024727496686877286 1.057962171228946868 -0.025762141137964548 1.149622368364575209 -0.026499785627486377 1.113847023254135093 -0.027641321397193885 1.146508882395927964 -0.028496702930709491 1.055697163198061395 -0.028343614575281582 1.113934833078908060 -0.028385854934216952 0.988279306885448072 -0.028042562539163547 1.113323693501871769 -0.028884666628674269 0.980976873520631454 -0.029244400279520189 0.927482571943990419 -0.030079512836664182 1.012764627027824327 -0.030755201166926545 0.981698840265933459 -0.031240081617017357 0.879446390909807141 -0.031726602380532522 1.041920435607837536 -0.030065609000061302 0.863219233136901853
11.875000000000000000 -0.021223062215221716 0.793112644802867583 -0.020778348404976776 0.810682913434943475 -0.020750581812372638 0.831520963859787909 -0.021023924933162748 0.976555713756059207 -0.021702180821590419 0.965969754528661295 -0.022293902120325827 0.972247144353968307 -0.023158794627814346 1.021466826175278619 -0.024104067865154889 1.097118424083746380 -0.024696217866793869 1.054122092260315613 -0.025772034690689637 1.075126311560339998 -0.026497352355640429 0.923649517305560663 -0.026057497076946354 0.993417978214482189 -0.026025564843412296 0.840132795077981442 -0.025735894515655125 1.049387977452358456 -0.026274048724305041 0.870095566501527862 -0.026593576574870006 0.880646713557761918 -0.027133732031878095 0.970433528810108026 -0.027826357764004311 0.972557814902928697 -0.028533450126428047 0.973189897247968116 -0.029384397887663026 1.163419861279796130 -0.029765298745805760 0.965600520325459177
12.125000000000000000 -0.019472093834140634 0.779215863561667499 -0.019289196158908582 0.772007855815189492 -0.019631209835426051 0.854174862190287487 -0.020276542162348029 0.964078238411393951 -0.021194757012410873 0.893901788641961681 -0.021912495449394314 0.860813261097194249 -0.022839061625639850 0.857270384090731419 -0.023672979623767493 0.968181412947612174 -0.024221466801436921 0.884364882354408577 -0.025117650955853423 0.824705082175580140 -0.025748452147194657 0.642370871448168512 -0.025070094430740441 0.737583806228225503 -0.024740519114392137 0.583686250167218645 -0.024399491656058127 0.741168930267372739 -0.024746757433125644 0.587777899832425232 -0.024756293558057429 0.695157809800576176 -0.025231423836256817 0.868619204815684331 -0.025975458427232642 0.926244346953892128 -0.026438055426577990 1.026438329169800712 -0.027349304420883926 1.186259538991958129 -0.030075686615266072 1.086926604281221564
12.375000000000000000 -0.017429105086519164 0.781695243368119574 -0.017671172351258351 0.740600910743385299 -0.018006617561210539 0.848705612327416481 -0.018936100668830079 0.987522029630974019 -0.020076312888890811 1.039509667280260841 -0.021069829132766928 0.988132702583348288 -0.022126300160280551 0.950165335881840156 -0.022998977552660581 1.013083488075129823 -0.023550741085757089 0.896055228984052210 -0.024350858608948856 0.828843900347580265 -0.024948404131263101 0.646748402389458077 -0.024271463829972726 0.692198244279666475 -0.024084695614381965 0.642862720943143895 -0.023785278185014622 0.761316896042790958 -0.024176642103750534 0.572864620244894707 -0.024334018328444659 0.679220095688275238 -0.024628572170562728 0.810015666257441258 -0.025235699256150643 0.873026889980583198 -0.025621815676040931 1.038751008551166866 -0.026397788682029327 1.184789415447285110 -0.030788862748224191 1.063580030320510739
12.625000000000000000 -0.015064099119867671 0.723125390163057324 -0.016082892460731114 0.765705463663671315 -0.016983550847719690 0.875013658050148524 -0.018579200516035843 0.907282598779577842 -0.019903298437311902 0.962274873886417303 -0.021082049500786453 0.914763216414570479 -0.022155138233781766 0.863424938159009336 -0.023068934657467361 0.842915920904708238 -0.023598647208598160 0.702108970273711441 -0.024339242921972863 0.653861709980816830 -0.024785890033782530 0.383667045834559128 -0.024136384034448493 0.413991423402501002 -0.024028502868315496 0.348235043950543888 -0.023736398363642972 0.465051744187752858 -0.023988328494263744 0.372570873749854758 -0.024107877107764096 0.400922532017939426 -0.024358432101651114 0.572009643852510852 -0.024870320055118678 0.743861181370836344 -0.025380664076705226 0.876777921170370678 -0.025997608170888170 1.143950750423345042 -0.030230491330628238 0.992674677492143553
12.875000000000000000 -0.012560949311790977 0.701890461204982219 -0.014165754394559889 0.767547825316819421 -0.015664409195615066 0.867734769966901798 -0.017668336819414619 0.872477149297534726 -0.019159706041017837 0.927983043972307353 -0.020451092805293239 0.863018711928061011 -0.021477516201648724 0.798623281872985813 -0.022326198908610890 0.779483364265956102 -0.022833783272523635 0.610699123007036659 -0.023613144853582246 0.502206608156253509 -0.024043433946353287 0.331515493550405882 -0.023579430106287710 0.321663229254886662 -0.023557881589077800 0.224114883960746525 -0.023284350548247346 0.303907768982812965 -0.023547078184139311 0.253868694766544944 -0.023643673259936774 0.240222795990838400 -0.023872240370975170 0.406628600325778078 -0.024490432331798883 0.640644501550613921 -0.024992720641070200 0.797252101044798600 -0.025378130734676114 1.019203710250205397 -0.031200696320766927 0.939818374547335078
13.125000000000000000 -0.011437605180876777 0.690602800491820434 -0.013271819183116196 0.755641045683717261 -0.014972612124361472 0.890086738153897272 -0.017149927751166041 0.887310314835249137 -0.018735595219888088 1.028245221603292681 -0.020107437669125674 0.908724929185728558 -0.021039294063561923 0.771719545171663635 -0.021914404374335485 0.812479272595206470 -0.022487788401571930 0.576464139079247762 -0.023207437715045361 0.495860895868655782 -0.023683683497556916 0.306078337191883931 -0.023184490386655800 0.225297345561943363 -0.023007567206818562 0.128053530248467273 -0.022604721454026949 0.233349694146829989 -0.022822999545579627 0.261814461024986012 -0.022938774637062682 0.272050301091105562 -0.023033169111589251 0.425222831022795456 -0.023693857883512519 0.636827693150010532 -0.024458555784968188 0.840712346574316260 -0.024247256010730626 0.977531955611313563 -0.028691967547397355 0.928929953017947008
13.375000000000000000 -0.010843185479835905 0.630608492031170309 -0.012761195146639813 0.763293203830218925 -0.014681187239126993 0.836539896342333722 -0.016879397941863224 0.849267275007521194 -0.018130328154783673 0.961453532344917483 -0.019333542092773541 0.986872420660207084 -0.020396870301302134 0.843242770983645196 -0.021205445882835138 0.876034704153975663 -0.021805888884025040 0.606930685087471278 -0.022605822416943245 0.604425192983241932 -0.022950344828404207 0.369405580178474802 -0.022360859779711730 0.328201352730303819 -0.022127502245935227 0.240431239085081128 -0.021633292392916875 0.306088399762609376 -0.021528637814394850 0.327335970801203024 -0.021578631098477723 0.349132733353648528 -0.021646423337117953 0.525327929000319327 -0.022224013790407289 0.721521675580564015 -0.022578194378152477 0.848734536082894730 -0.022088869044233659 1.070802414634722588 -0.026684933052434596 0.954569717007718088
13.625000000000000000 -0.011181717762155948 0.644583060070537894 -0.013200357135091469 0.764994780307848510 -0.015057948388375072 0.863640027228460339 -0.017167671289971445 0.846468497430781008 -0.018430718218521686 0.977929444132189185 -0.019549027716706267 0.970588811375174165 -0.020403625779694397 0.834071045331925442 -0.021152001639729186 0.881662325460277008 -0.021693778093682045 0.610262241802397298 -0.022377930779277692 0.652170577601256296 -0.022719357448887454 0.477205756202019604 -0.022166929534361821 0.397634148498250961 -0.021986235727345291 0.316100257205514601 -0.021505814727431370 0.401163656894276965 -0.021308681917707909 0.392082128057012480 -0.021356174391603831 0.435145541423763438 -0.021235473709034777 0.550628647790140091 -0.021842462597649791 0.748512213600088572 -0.022471416046282045 0.883460823465247458 -0.021816142815260012 1.070086784261061297 -0.026749737695940998 0.962022636384258667
13.875000000000000000 -0.011782353709998167 0.568592600302530449 -0.013632252688667924 0.676093956497185955 -0.015283394901955691 0.784761683916379127 -0.017099972233034753 0.801665477600561283 -0.018125028724045606 0.930711775336458436 -0.019187428058370266 0.932933401233622006 -0.019768863939376196 0.823853771151890846 -0.020376239285528432 0.964047519579253276 -0.020833770195181848 0.714716358472352264 -0.021381319135661488 0.703376096525159755 -0.021615696273598890 0.583048084821811141 -0.021107023586330202 0.546352031334435995 -0.021027542759214108 0.492992024584356647 -0.020697806938854917 0.543092696658280860 -0.020617887975182159 0.558946156228011359 -0.020686850879094193 0.592032061568052215 -0.020596312896373328 0.666734796751311309 -0.021242445347246675 0.812877680875980113 -0.022016041452417801 0.904550903723898903 -0.021132626321595349 1.040894086364809956 -0.025260283563086676 0.886415732651846699
14.125000000000000000 -0.010231539618872462 0.550323915243839279 -0.012315922021756574 0.669895384294918572 -0.014061918375288128 0.788155074712320824 -0.015803988666696699 0.768464234437321148 -0.016888215676182001 0.959561279499862918 -0.018035388729072160 0.998921574993202332 -0.018635184192216801 0.900349822337363714 -0.019125191125774373 0.975582078977920375 -0.019515403334327275 0.755474456017039331 -0.020009768030381458 0.712228464153641938 -0.020177828440137244 0.604052925948640906 -0.019726977609894492 0.618961302615400943 -0.019501100685870507 0.509301193176652123 -0.019149181800019725 0.638760127025724711 -0.019181979336124276 0.686747620508643797 -0.019393506455366132 0.686164258268302185 -0.019404403454975863 0.709881589736169438 -0.019923337937619086 0.783581974480667576 -0.020475936260634067 0.848102257818154071 -0.019613264265049089 0.976246483312205204 -0.022985292870580279 0.930783772861938696
14.375000000000000000 -0.009579412526834643 0.595548308422733541 -0.011751267677229327 0.695930368769673624 -0.013380494074902917 0.861994365930210948 -0.014901672838996972 0.845399364976947898 -0.015952802879019266 1.082213068973898240 -0.017042340340084325 1.110612755015164543 -0.017592577100366862 1.016274007553646053 -0.017973984482922478 1.151146858007028317 -0.018306829649412423 0.926718412920480183 -0.018760925460426393 0.884283665191879953 -0.018884540782481973 0.781238266223361122 -0.018513540932865946 0.815573274509582724 -0.018255076529593222 0.682416659193196717 -0.017925072967787607 0.782374223110162803 -0.017958079881483922 0.838767647048522691 -0.018151658592070814 0.727647939406069089 -0.018199592278522077 0.819168436918368936 -0.018739776739540210 0.800182703947234342 -0.019212022822831791 0.840844801655059149 -0.018423171937733230 0.961047066181568765 -0.020598579441265832 0.974277912742843144
14.625000000000000000 -0.007858658650028967 0.621588024078937762 -0.010290496688581527 0.727405674025890292 -0.012129543784512245 0.885771083399834902 -0.013724460281291994 0.876613773687198838 -0.014761343019929886 1.117515597706320030 -0.015821851859374906 1.136876177014734646 -0.016341482053150055 1.032662627945489797 -0.016685439073251353 1.175404232616239053 -0.017107326517054641 0.958615997894792238 -0.017383835924851376 0.880137918924930207 -0.017497632556238742 0.812991813151017428 -0.017209607150704020 0.855497833988853928 -0.016970552857706885 0.775069078014444357 -0.016930672199894622 0.823373509008321403 -0.017008404965240156 0.869694488398744747 -0.017249971368563932 0.753567379107485280 -0.017290873285347279 0.786974749165216814 -0.017869609038172554 0.708154927278216051 -0.018235034584675514 0.735525223642675474 -0.017582623132358588 0.871171494372277255 -0.019355122121053739 0.932793998701735960
14.875000000000000000 -0.005546981791224246 0.607847208968025798 -0.007973537268135792 0.694811312912178902 -0.009895214452136484 0.872798060764860884 -0.011568184185747270 0.845731776219928455 -0.012690414890093418 1.088699670346756410 -0.013941707544151785 1.088144854432575581 -0.014531966989767066 1.028113477975457934 -0.014888094411592816 1.170872211635206606 -0.015263863681921749 0.935182299048717525 -0.015490647622295895 0.854003172295282331 -0.015619744654896260 0.797211869909111082 -0.015415185413009916 0.798855658150178005 -0.015301489829070456 0.751022669104545515 -0.015291006801055482 0.736293832174753637 -0.015417955105109385 0.829626074370557687 -0.015626417999895795 0.666815427619186440 -0.015863862689351940 0.689626051436866616 -0.016456576344234707 0.619248810894910129 -0.016961214533810619 0.656138743013813808 -0.016623757682675815 0.791523666784844426 -0.019201182813838938 0.894968382124949446
15.125000000000000000 -0.004188339430446358 0.525420161773971217 -0.006672347574264093 0.632757085675663133 -0.008932315470668578 0.766359816390312143 -0.010847714409997433 0.761944166882320362 -0.012113793898562661 0.949063195528114356 -0.013618253099822463 1.044417003557856383 -0.014207209502165996 0.925491153782130649 -0.014638231706062382 0.980210833501656831 -0.014910106605402963 0.715537538690702579 -0.015037431836017605 0.636410089179186400 -0.015239247814760569 0.614492033978783159 -0.015314173415306706 0.575539918043767917 -0.015464169209890372 0.465650093404449628 -0.015378448746470591 0.569472792613489709 -0.015423935591707667 0.704383927836104928 -0.015654396197400382 0.659883753466734668 -0.015808189510793619 0.619220002429912486 -0.016485231738775516 0.706778775286769023 -0.017079767010922405 0.754065337188593698 -0.015750101064721394 0.876368373147603075 -0.018539642856337534 0.902582437710345187
15.375000000000000000 -0.003853578160714976 0.555932908778437262 -0.006421139145614947 0.648672199994466903 -0.008372322179949460 0.798625732084523143 -0.009971311783961602 0.771934042347792393 -0.011017996700340633 1.065618880952120540 -0.012216957134660420 1.145446272760699991 -0.012672210159667912 1.048900230503237552 -0.012905121621710636 1.160881832292941729 -0.013057379495391694 0.893619845334649332 -0.013191253263375471 0.873094237393370110 -0.013295203145264311 0.852338519723710664 -0.013411417641556234 0.833279775519300769 -0.013573760345037680 0.725202006079270101 -0.013451789600615358 0.794356960404663082 -0.013473058995945184 0.917473989162013726 -0.013751800510120347 0.690462887026009331 -0.013785307241797735 0.713486081235902736 -0.014309033216615643 0.685409460400358772 -0.014628446328573866 0.667747083857519907 -0.013211622138283821 0.822634998768248749 -0.014126400527945303 0.882832999193281065
15.625000000000000000 -0.004107085775017793 0.561263320292617607 -0.006812844755793149 0.680093130812861602 -0.008850341253327230 0.839790969360609263 -0.010328950588608084 0.809529327305747004 -0.011313910924533438 1.102502272367086755 -0.012274401596744863 1.153636735314078843 -0.012640241744388664 1.088237350498419964 -0.012850720561882580 1.245505261347602532 -0.012909725339361881 0.982146600532997849 -0.012919246506475433 0.936943940067999526 -0.012933953105752152 0.946170751404738053 -0.013054602945830067 0.972708540109484709 -0.013075416950579550 0.875961777340218184 -0.012933492019631680 0.897154887383588062 -0.012972961528660933 1.028453921412586070 -0.013232195125317307 0.802768798205570677 -0.013421298514787752 0.748551283065125528 -0.013968714497109397 0.638024081068148230 -0.014291390895475669 0.541974291445042722 -0.012920817141577150 0.728296166437854442 -0.013737617576492516 0.849125163749138157
15.875000000000000000 -0.001826680276078228 0.554068921871765929 -0.004355655375653494 0.603347869123421310 -0.006318037855553727 0.779063583097262091 -0.007669203827625487 0.743195979961571052 -0.008627193137657009 1.042768089117317443 -0.009590276961786503 1.048799138804165088 -0.010020895737107301 1.035717224736156794 -0.010223447610112223 1.218327049186018307 -0.010308084450489186 0.950114603909541611 -0.010388080589967826 0.888231185733336370 -0.010457719080036197 0.943561034316261593 -0.010510681104975477 0.920749430415949810 -0.010424318535313087 0.880102526660455853 -0.010325044842577282 0.827033907716670402 -0.010433469751733987 0.965176092010962994 -0.010678387634075132 0.720054586139833530 -0.010959920993941722 0.632990718216487780 -0.011451659466531552 0.485213578121474309 -0.011798696368575830 0.456118240688078269 -0.010822362366736012 0.599585154336832460 -0.012312351741579571 0.809557344859354266
16.125000000000000000 -0.000187516185923122 0.506728091914434353 -0.002635418783077200 0.531407388423143279 -0.004284302489039399 0.748584822336016531 -0.005477895613563342 0.733544876863499562 -0.006394141667631361 0.996363145773395131 -0.007272520903019376 0.986427309134184083 -0.007642183306416750 1.034092306082889712 -0.007747095034202995 1.083831666691945195 -0.007820183739116344 0.848301808607381358 -0.007753292007616324 0.827500132973710945 -0.007716769193825464 0.818059886697046101 -0.007710606196594378 0.819254834252673314 -0.007426514008499289 0.875434661889030408 -0.007158218673514289 0.773546777512128081 -0.007209184429379576 0.913591411027006473 -0.007351679316761946 0.724660619491671376 -0.007478705230325204 0.718396688833808472 -0.007870066524222763 0.586332325464554494 -0.008293202034833847 0.511751366317756862 -0.007668094130206138 0.676484691089149881 -0.010022855950457536 0.754086420821747483
16.375000000000000000 0.002485702626908301 0.464785019710642844 -0.000097145446560784 0.495994371481093488 -0.001707246961135566 0.658293215854054981 -0.002795487742369451 0.680670720325417422 -0.003724682821361071 0.925069740684046460 -0.004575613336712044 0.957342913874615120 -0.004965785258516616 1.038900526324159745 -0.005003942901793151 0.950742433526226560 -0.004993743213461147 0.740670335156970339 -0.004855663146737041 0.673692667980458015 -0.004718757681988098 0.624342668965502612 -0.004619209144714424 0.716780283499872661 -0.004340153717711449 0.719453878957721282 -0.004193516809588708 0.669491491373978120 -0.004146310695282141 0.803544391990909879 -0.003939674091406473 0.666516833169361722 -0.004021218345763355 0.715599091961882317 -0.004349819111257218 0.547757442845328679 -0.004458823429875951 0.520281093042922027 -0.004268695981577381 0.673542727848598921 -0.006966747507244270 0.721890094785002434
16.625000000000000000 0.004598551354251225 0.456043608612409113 0.001808615620046190 0.431869882377655001 0.000354839961294577 0.617012910337044529 -0.000706632959906924 0.643181496043319090 -0.001671627781213156 0.876659043507919455 -0.002458589405908322 0.797149302536583448 -0.002734927382662990 0.895346121180171428 -0.002733110749473963 0.848442871092803363 -0.002701983875040159 0.689245932213045420 -0.002502287962075697 0.574938488776325585 -0.002309622637282501 0.524664938989834018 -0.002103279325215715 0.580779663522309919 -0.001814132997659590 0.623247891827785505 -0.001692539590318841 0.586423062773647530 -0.001789971608650019 0.738751259812701178 -0.001565517498280291 0.657613130381165534 -0.001650715048899709 0.682722609644093259 -0.001871526855678040 0.564339539147584390 -0.002097918634361486 0.576182297372951457 -0.002102627238594639 0.647539348313723395 -0.004974150513227728 0.688933853520773520
16.875000000000000000 0.007473159036656425 0.402708342274981479 0.004862557128001888 0.378652919100523955 0.003454467659447136 0.563679642916394830 0.002446808646915255 0.633026689199298609 0.001472664340638670 0.822229515167047009 0.000802528395745682 0.771378683402204057 0.000499582767444288 0.857540589061699166 0.000554554591947586 0.780384978247377403 0.000619717253711197 0.673589060023370489 0.000808808234287255 0.602096497086480054 0.001026901569343689 0.606843945448949929 0.001191499627257078 0.715199147267043145 0.001463946206262038 0.693979632302630045 0.001564728636062347 0.620832844876947787 0.001433771543658476 0.807739489595627580 0.001632801143480849 0.770581554762649779 0.001388945763430148 0.780648860318710835 0.001149811173228607 0.680094863573396324 0.001001175760065503 0.617745041257431904 0.000787759009409979 0.659659620251142331 -0.002263966333623951 0.579006477071881243
17.125000000000000000 0.009111072808154260 0.418042611324315860 0.006433527769183373 0.408443446571834901 0.004989623497484487 0.582453095914901908 0.003890455235536117 0.617300604549896548 0.002975681392396152 0.766907835470279742 0.002337853804507274 0.659696717566806479 0.002027750327258376 0.724856497109820475 0.002085090670455304 0.630619600218868537 0.002189914356474607 0.550526262883427098 0.002355990829005598 0.531587131336241359 0.002523586937854544 0.592296984882672350 0.002695099205754222 0.778675079271420767 0.002835886937743836 0.738810593688378869 0.002882176598132606 0.767616222567600204 0.002655230613090653 0.923550679117601803 0.002795538810169854 0.887947362761973391 0.002458881249003107 0.936373147566288089 0.002160954499053575 0.806641948405284692 0.001837122876707453 0.778329586880634472 0.001235752212055579 0.744353333258140237 -0.000426070812189543 0.502036832817579048
17.375000000000000000 0.009843192945749164 0.398572791377773794 0.007337787624173865 0.385639313285634944 0.005993114679638136 0.567177613340302367 0.004986623505322994 0.591406380446591884 0.004230059899924870 0.723725908678436336 0.003751001927991877 0.553027923873372296 0.003558227411808760 0.585037644583630723 0.003598080518854010 0.547164284047851890 0.003698279479331706 0.471227544481802874 0.003861348135736544 0.513435909380782762 0.004003922604196205 0.688878448113913744 0.004136733950252911 0.887540169551510827 0.004089652450498119 0.950017587702721267 0.003973363020372267 1.020380083564005336 0.003716224196530957 1.185946934490106575 0.003739985894458394 1.060503388255230828 0.003284979280279465 1.155501546963026316 0.002906646863630298 0.958009709001247600 0.002550831017423392 0.898699484244890989 0.001628332527730860 0.814983394960329344 0.001093750038032032 0.397468735198493406
17.625000000000000000 0.010474944486269976 0.348913419093679733 0.008151047687403049 0.416159133181383978 0.006913683211832351 0.579383059979540094 0.005974631187384347 0.589744287291031566 0.005329188360703830 0.621732353084015754 0.004910994627436461 0.520619823884842292 0.004835903697088903 0.502892689448852570 0.004875305926154670 0.462562963220281120 0.005007447125885666 0.419435141326614969 0.005215528792203002 0.555919261992594560 0.005404262702463057 0.751362609877145093 0.005587954408299071 0.902603867884001487 0.005457430796213113 1.069912918847812477 0.005315415127919696 1.211108538136585810 0.005002934543155882 1.352268497655519486 0.004951550471524412 1.296372526684928417 0.004430728422383634 1.318518755663956377 0.004059739714337097 1.121756134058608856 0.003590308945620226 1.045879105505245654 0.002635468520615436 0.872119375604182734 0.001727915616188660 0.310984416172416900
17.875000000000000000 0.012099450296024966 0.345371146032207421 0.010218690839210733 0.460406756417363783 0.009212096449032188 0.645404864244196630 0.008539943083681023 0.756102316211367809 0.007971035236289203 0.719736176036867015 0.007565656436449032 0.724641606499118796 0.007531123954295133 0.667428602627692547 0.007591101299493813 0.649099064811387461 0.007707153783495235 0.631668761611140939 0.007857343219238054 0.826074779042951901 0.008005422830352897 1.023907919308322034 0.008189809559312273 1.202248460328856128 0.008002725674874978 1.369446548476527248 0.007807392416011074 1.540745211217237065 0.007472765105936528 1.674294703740882184 0.007385899019556575 1.630884775175151180 0.006875320547721624 1.620389495486921128 0.006507761300290820 1.452330566586220506 0.006094780205317911 1.307729799970646756 0.005058307338541647 1.059692090687402111 0.005067848291510403 0.313333348549803159
18.125000000000000000 0.011664211937848903 0.352791433015690381 0.010046924967979076 0.545466441598751683 0.009260828472873375 0.771185911626101728 0.008741642069566475 0.927791288579320916 0.008389589968748726 0.851373653478347148 0.008233881870912977 0.922689276788893897 0.008316519301962387 0.808676869820237343 0.008466402567104271 0.813682153367244032 0.008644491959923995 0.833361603524571448 0.008856786234549763 1.069525687733746677 0.009053032540885826 1.300244683733707829 0.009255700258026335 1.563663495479207910 0.009117718200130718 1.723737231636228717 0.008958965461797089 1.927318306285611627 0.008705313463851724 2.018404528835918477 0.008647527510508447 2.045900807264776855 0.008244680028410086 1.966420988216544874 0.007949822482431260 1.727671118183706334 0.007692803112109669 1.562536573018599384 0.006766523762201614 1.201189213577414705 0.007396454948236493 0.288858762193098362
18.375000000000000000 0.011613401085784271 0.369181594058722806 0.010358513284153211 0.599510750905016931 0.009748533700743096 0.808969541291264749 0.009393958779536580 0.967838244284420779 0.009116536468056902 0.922930052811424817 0.009022342877681876 1.006595667563044749 0.009127112008403392 0.888403154421751662 0.009251752019991094 0.950551778822589899 0.009469322974650494 1.031831553876206398 0.009705446631826662 1.297076663713051303 0.009928557971442653 1.553173154606665163 0.010141329582377356 1.865669968103840226 0.009959130424983602 2.030103339099633253 0.009736162418404196 2.312670859285151703 0.009463275575046583 2.356124295117808742 0.009397760232177258 2.360717279962318393 0.008939581775355693 2.204461965449699523 0.008708289011062463 1.890920361041665387 0.008603886014024023 1.697635122347627146 0.007818053084398213 1.280515477044268824 0.009724614307582881 0.323192326645938000
18.625000000000000000 0.011729835880541719 0.370894864672958180 0.010832007259589924 0.628570049736753567 0.010381307698976227 0.873108532568021789 0.010192731537869468 1.007822311602615484 0.010041514086559837 0.979875845904623621 0.010036743728286036 1.066620067446905740 0.010180896833690724 0.982304517669744026 0.010272681904370693 1.135524985768162853 0.010457593382806590 1.233822097044712240 0.010628408891107629 1.496002888304187817 0.010839852087477484 1.816157119097582040 0.011019758472930581 2.143132293082467665 0.010871384374203739 2.404933872393425709 0.010658471178934766 2.604971295281414800 0.010390477037421790 2.639855341939067124 0.010241448097725109 2.575812074075332969 0.009802398978260300 2.386634164020490001 0.009666965955333453 2.096044278744265910 0.009514521763781415 1.783918085059607694 0.008761308331004239 1.350945968394279495 0.010575142622633307 0.304870574026624541
18.875000000000000000 0.011928249840883949 0.384326882603657993 0.011397590018273134 0.754124683984540356 0.011026657340636153 0.974637863440641405 0.010914985574768176 1.112072234348421063 0.010843393128023057 1.108931320224211481 0.010903154439380008 1.228992032865355633 0.011006668705832692 1.147297913237041556 0.011137558754619067 1.327328238013060879 0.011327304017797794 1.413286935224411289 0.011457358924516237 1.705615315394338527 0.011658338899079723 2.067487152204261491 0.011820004231003534 2.393229263664307993 0.011670718457536484 2.689903235740641829 0.011454441466021462 2.905870312195845351 0.011195834011122480 2.945678841255134017 0.011006777577072092 2.824327677853248897 0.010590251465597576 2.674882901979731997 0.010420780309494650 2.352068430720228420 0.010226463584888087 1.947055232524450119 0.009540140212920004 1.479259300107869546 0.011721902753034773 0.311593962036651628
19.125000000000000000 0.010515734545483244 0.406455880266561653 0.010285311954836550 0.839148741714027202 0.010067182193972891 1.072676039543007498 0.010089480114968312 1.158913859546478964 0.010204875288330341 1.161519061008138287 0.010301733371462054 1.258243591512532955 0.010488863749995775 1.214380721973927546 0.010684990487444765 1.408066750935176970 0.010947681785871126 1.550456210781363087 0.011123411954893504 1.821250341860152888 0.011344293150117752 2.185262152552413184 0.011484031838438732 2.511745169215897633 0.011319877705259919 2.919455725184415318 0.011128292249825152 3.145624702959273211 0.010883259712726898 3.185206275532869391 0.010718278773862094 3.025682575143230135 0.010400966706690593 2.869109123159901742 0.010325923336385918 2.562814414709445821 0.010113521341736612 2.145699549100627213 0.009516180410879163 1.592455406290123054 0.011973847168551870 0.387483500577867901
19.375000000000000000 0.008924926024110626 0.439456088137977652 0.009097387234843409 0.953687610152045728 0.009091494453589788 1.250738965611717379 0.009314006140109948 1.320940953313977984 0.009592006285495247 1.372228475052669427 0.009840929861887279 1.476311979023954057 0.010163336402567058 1.488523312041402313 0.010459617246609453 1.710265016902944080 0.010779830556559162 1.875144343038965600 0.010952426891313205 2.215451777342026141 0.011183155833415387 2.619842823055355652 0.011275640659617159 2.863717444419962010 0.011212727546146358 3.239115079140014952 0.011064059335426559 3.438048600007127309 0.010891671977046958 3.450260510623028853 0.010784652554996542 3.320842871525206519 0.010571142452796157 3.134060108308899473 0.010635163033848864 2.819964524978093579 0.010632278046629844 2.339194508970214414 0.010210131619079172 1.650983401594933841 0.012364726543772507 0.461861080844835958
19.625000000000000000 0.007486993301673076 0.479811088530210372 0.008027024940333291 1.087921575680344421 0.008184825596706068 1.413627584153076988 0.008488386045873767 1.527541825130929620 0.008902181735328201 1.516057704986238708 0.009297355797912937 1.681609441693207252 0.009748232521373060 1.703213021502336888 0.010155277117388437 1.881449931043523316 0.010560718031080663 2.092415821019850242 0.010887963808797144 2.447838568378275959 0.011217402426922169 2.819013280369918384 0.011387420140760142 3.057430846670148750 0.011379424653177468 3.409928524747332101 0.011392620837895212 3.522365605573524849 0.011338797402860656 3.552944940021848463 0.011386866294503585 3.530522567751259277 0.011333459221443958 3.318232792587598734 0.011453372627894224 3.078943152193915900 0.011543541144516837 2.548453354377649305 0.011496417513201044 1.745137844340101552 0.013191440848572666 0.510348977103527113
19.875000000000000000 0.006308336062031220 0.492037102059945664 0.007122871026181385 1.116776329188529537 0.007329206933318279 1.425919340156086568 0.007722819937335245 1.601102444895606824 0.008228257010799832 1.614281162369072709 0.008729228999374177 1.755964257141658713 0.009219912198414339 1.795041414385475154 0.009734793581603337 1.998271796807698619 0.010222780436067769 2.189858350973407308 0.010557111830996875 2.511032686404120362 0.010933427901486173 2.896340559763785460 0.011111519609432985 3.139110898833431307 0.011230173070880879 3.443430876453925649 0.011339171705189029 3.540177581734500478 0.011300902105806677 3.580455862337213357 0.011439347079187624 3.529902459828984984 0.011496169311078988 3.376950336653127049 0.011637277205896813 3.200630072056276365 0.011906718359201103 2.619574322946274236 0.011979799386708777 1.779230343535115111 0.013385281238529549 0.586442961215134173
20.125000000000000000 0.005915165612573480 0.505824462920459128 0.006632434502104273 1.137119828201743177 0.006892972491023471 1.429153219324039270 0.007261962887920960 1.508947704437773485 0.007801453905408389 1.558877459740601656 0.008370456588501255 1.646783120901494257 0.008902926741827945 1.671711539610244213 0.009454692167439414 1.909242880463549064 0.009995060035130803 2.086806995708405665 0.010372287446992194 2.399663380270866231 0.010854512043134288 2.733935903377087140 0.010994417301246173 2.903228550212268999 0.011186118877974717 3.233875884812766888 0.011342776100391524 3.366835023370853275 0.011371645688629963 3.408667926273776683 0.011524031660295003 3.388571340166209644 0.011510453274802688 3.340826965005727178 0.011653103176189740 3.209771618779398761 0.011882459500567526 2.603578551096543681 0.012104131447355004 1.737840059834886874 0.013316276961061935 0.636998610465055570
20.375000000000000000 0.005426391831741068 0.498534138508408442 0.006269312842450655 1.073909246727208000 0.006602423698633869 1.325286750074725184 0.007022973220489826 1.410445972736966036 0.007604507197727859 1.474917395791308206 0.008162786976003296 1.517811462890445329 0.008743284224185592 1.595789346226540006 0.009347821732363978 1.815231001394566279 0.009949032244569087 1.956534944927479369 0.010437755539024476 2.236686270582556535 0.010994956350728393 2.532304571026016582 0.011202335322368475 2.661733102502856774 0.011392256009589064 2.959410915313644086 0.011553748139185535 3.118090117497539282 0.011654947849195874 3.245557020493333056 0.011819179332973254 3.227778521068097817 0.011803128609538962 3.307550842517865242 0.011906450159719660 3.248285364716812396 0.011962585983115189 2.610567375826152059 0.012386985016384524 1.716635543611606973 0.013597345502949229 0.682666839567395600
20.625000000000000000 0.004285555327808190 0.508016237547457061 0.005073921030656852 1.052352975057137652 0.005457020704271022 1.281079363444549646 0.005933422164326175 1.376534963924594290 0.006611185601752743 1.433574150648467604 0.007274388948710740 1.430508250040598117 0.007937458872396953 1.545079449031764973 0.008589861087853957 1.788328827180392766 0.009185125449904467 1.853809679483866990 0.009766268394741408 2.090096885207355371 0.010356877444090192 2.282848239397011536 0.010606439442473777 2.394237887585900282 0.010874642985869072 2.666129907416476374 0.011098408074060399 2.805202426132646032 0.011354136299945002 2.956154451875277811 0.011605847180863074 3.041827897319208773 0.011674383041260445 3.221225415986879170 0.011714084009986789 3.197575362565378221 0.011730462894262940 2.596135930131495240 0.012289855214994613 1.654382459429318608 0.012726405030345703 0.704317291345913254
20.875000000000000000 0.001922269016776696 0.548492841487915439 0.002808223622737911 1.064471725751124032 0.003304757954857086 1.275164564936345890 0.003841048538162465 1.373807954415430022 0.004599075092651337 1.444614993156439819 0.005337790088626908 1.373936031029109772 0.006120285835196976 1.465973490153218428 0.006901725211226046 1.713550950667938721 0.007607269686391506 1.757010765343109959 0.008345377777065659 1.950567241685549513 0.009082128910655721 2.125019579331208774 0.009514339222424137 2.222305555445533987 0.009834605642636201 2.407843715178316746 0.010209125720605597 2.626735272172672886 0.010569493774988810 2.789222878831514763 0.010827881686980534 2.939909219547082397 0.010977857051757705 3.176672103987587370 0.011016926830625877 3.189016705437950350 0.011107458178087610 2.635639443620163558 0.011699986425975615 1.649917309123623443 0.012845925619579496 0.740868378226458790
21.125000000000000000 0.000763085293237769 0.547443536597125635 0.001433830715446479 1.034963978602014167 0.001831579589121176 1.218708900524756000 0.002309432724498051 1.429036925577617856 0.002971380538642952 1.386315781503939970 0.003807227397649091 1.410215528127237272 0.004642544042686053 1.384994220372762763 0.005449777572723363 1.614253460719539790 0.006196575589964691 1.548457907609051887 0.007212011082092840 1.752392623642258451 0.008138528502624523 1.721977803156636622 0.008599580108322234 1.800198168509536067 0.009167651178668343 1.997894732336395807 0.009675766462553090 2.208356048743321143 0.010144030397325348 2.443634911638861595 0.010465500499963337 2.694458555031065128 0.010479922991629153 3.087031648093049530 0.010258551304419597 3.128324031356800816 0.010314126824053057 2.557846952030847998 0.011201064733710703 1.545232883839738891 0.011620099479108938 0.801086556530343219
21.375000000000000000 -0.001209358546575765 0.555936521269709938 -0.000467239447489449 0.901164474399094528 0.000078240840336246 1.022730417020763838 0.000701956888155024 1.223534368622290369 0.001366726636721636 1.336842869722798088 0.002130683296739964 1.238662257507420428 0.002895196537456069 1.240446930871944797 0.003693371971081808 1.562936572616533848 0.004481701838791260 1.385348839580646363 0.005523809834594247 1.386545142996989499 0.006632341249721691 1.255373381044258885 0.007456422274456649 1.328585916318772098 0.008226833529005103 1.448466498206526509 0.008952643518380547 1.755298939366816580 0.009687361908186479 1.969033724058842694 0.010211814967387298 2.247916281477421396 0.010413386002945561 2.763081862931920707 0.010338369337573663 2.853311305384782948 0.010424317257321927 2.391972058306298887 0.011109099587716361 1.470582565350981197 0.012298198951820889 0.840488226179670783
21.625000000000000000 -0.002042082151494185 0.603650995574527727 -0.001518463556031966 0.766767179029823498 -0.000764182397997378 0.789536936929979172 0.000007066089598536 0.905164582778867022 0.000732513430764023 1.052049526991670980 0.001581013293047567 0.906394237363201682 0.002394890941542864 0.887516367485578828 0.003212248484138868 1.079623945875430202 0.004039836551269342 0.944061358056388356 0.005209591987090851 0.779576398139381510 0.006411881783548000 0.604694354560915803 0.007560256145153222 0.684297926252697142 0.008634420779825507 0.910068064660056519 0.009486974112462092 1.143775206041306447 0.010501733018390740 1.364847848828289134 0.011054042414196557 1.766281048160809775 0.011479516741756115 2.241969520496274626 0.011689513800928905 2.265624133091819203 0.011899876334660622 1.980091157104894251 0.012834714443936664 1.229661364575811877 0.013920351374933831 0.781545509472383104
21.875000000000000000 -0.005790361028428094 0.591984393926856978 -0.004782938821575442 0.588816954080697452 -0.003774128435851740 0.574172231115383180 -0.002894971184233588 0.754592828318557896 -0.002001742134429859 0.865171061618478232 -0.000990636791469384 0.580876901456001127 0.000011827155672575 0.767385449731053382 0.001012718338112486 0.752515414762810364 0.001982207795840208 0.649523930722433418 0.003255112393974263 0.455810631165340041 0.004501079250246979 0.363567160942602496 0.005956389482357414 0.470500000903978866 0.007212965377178825 0.574779360994290500 0.008350583455682353 0.805106769822200530 0.009497222890834000 1.065022510943029799 0.010424270572738158 1.418156093460930744 0.011216722355159239 1.805427744642472243 0.011673208632340580 1.777024889267291075 0.012288476228803240 1.692756431690726648 0.013740131492095006 1.031171725729874034 0.014037067984695820 0.663794487770751118
22.125000000000000000 -0.008555153778455546 0.623287537367492983 -0.007579859892460530 0.605290465244480047 -0.006476886752756748 0.639956321360213298 -0.005491382257969836 0.794064908685116366 -0.004685761314773634 0.913087926585154586 -0.003679792863624852 0.615838953055849347 -0.002717492806793132 0.719369830033300572 -0.001644270888790160 0.650343355465309747 -0.000703401517030853 0.599847696754294057 0.000534180363889361 0.385241312634899413 0.001853078639206205 0.262231621487514999 0.003348753713057893 0.285530496672839751 0.004794778256989680 0.452153214940181902 0.006085832611857223 0.651378716658275847 0.007167111535129159 0.730489076983887431 0.008262343058270885 0.940589919313473244 0.009116368826625917 1.209143543858074876 0.009915434108734304 1.113382586564282128 0.011239913634972757 1.067887186851838921 0.013019110143093553 0.741450242474297472 0.013452447476054993 0.677486846250479058
22.375000000000000000 -0.011637771350692374 0.622945003427923694 -0.010217542625890228 0.591150982551151061 -0.008822510134806808 0.777087418291071197 -0.007628079028473619 0.847548050869018410 -0.006667904468449879 1.006719462126846487 -0.005533087986408529 0.738581957747356022 -0.004514419523189954 0.836799551837128508 -0.003265423230851615 0.659364777217285702 -0.002237907246733671 0.646718737748901540 -0.000945813370032038 0.219883871453554564 0.000642777161510636 0.324997887688933451 0.002275279089641342 0.328237190952891278 0.003697551122140656 0.404875072554660376 0.005162411508402096 0.551438984523036302 0.006185105189625759 0.605221293185930209 0.007229610255971566 0.720277026427395328 0.008253858026160374 0.855325605248036025 0.009497646107915607 0.757662107105526506 0.011190914234110933 0.784153288500611834 0.013255828441488921 0.647691117912754466 0.015567708546296922 0.585437764135464223
22.625000000000000000 -0.012851409750731213 0.586128095456529330 -0.011450434193582637 0.575964150005328079 -0.010056358249912578 0.776629447631978498 -0.008830320487617203 0.825183781160183538 -0.007873274792830575 0.891528663033946511 -0.006755354616139334 0.777108534123972738 -0.005913911863083958 0.890497172185091612 -0.004792844316391921 0.581426898869037867 -0.003881590797955234 0.555418992818328072 -0.002629531960793152 0.226886310343786091 -0.001066803273547778 0.327924636649749413 0.000425174336278525 0.223110689485334107 0.002065635522096872 0.351007270693819096 0.003447506909673956 0.406608056828575704 0.004292149580457509 0.234825200196430273 0.005373047835961185 0.213748591756341477 0.006446287754357537 0.144305455334593685 0.008028317914203408 0.075608495749169113 0.010020522781171147 0.194509382563952948 0.012750467577641561 0.275482756823773101 0.014950300042253801 0.516067293311356590
22.875000000000000000 -0.014394432420406401 0.596229193927452328 -0.012966370569567932 0.670663707707247925 -0.011607098009633009 0.952569799987374233 -0.010501438293606689 1.067070435179546806 -0.009631911179472987 1.167198504362616074 -0.008635468910075770 1.226683568592497720 -0.007989681680550587 1.327975074994529381 -0.007002721962031621 1.023071277360305453 -0.006301704929563890 0.880549818595254274 -0.005101481067505877 0.663247550521304574 -0.003730231742261118 0.688489315849938444 -0.002408274011223831 0.652711324950638883 -0.001133529798717677 0.479506174082803049 0.000205830756989445 0.501991836552010295 0.000998108885662003 0.247399302442752406 0.002600085107405703 0.151093075180755348 0.003754229568809677 -0.008167984850914634 0.005545806042722494 -0.183520551906228291 0.007713871542394715 0.042130856899435382 0.010856236971656526 0.243530979775560902 0.014178989642439787 0.478210767271393111
23.125000000000000000 -0.014624170635430029 0.552899901427902796 -0.013466159898236329 0.691529411205262012 -0.012252245517421566 1.046046466852863732 -0.011152840154115376 1.098646785611315568 -0.010292735643995585 1.290084140578261929 -0.009415438455802234 1.352083733646095354 -0.008945038699943401 1.364606795629068392 -0.008157870979926476 1.242425953775823100 -0.007546585897134368 1.046657292897076097 -0.006367778486457574 0.653389607955701335 -0.005108059078489031 0.633309810373227089 -0.003987292706820309 0.620219056436114746 -0.002924601952863259 0.568624819247918523 -0.001719238969017238 0.530457556953853770 -0.000930896295825412 0.111681013010805547 0.000577958624383930 -0.176404311585483864 0.001811080333786309 -0.388165965005039582 0.004047971905854604 -0.535306859895940290 0.006279785450202457 -0.355161253762602047 0.009706334629518098 -0.087521538043237174 0.014749038564897878 0.428784216530501583
23.375000000000000000 -0.015201359670770700 0.578202549998202531 -0.014053706024401143 0.780129210477801260 -0.012722694858607808 1.104242927230014715 -0.011499170683997976 1.104761018991541999 -0.010501502435663024 1.278492321187509217 -0.009451043319605418 1.364621471564439581 -0.008866277324427395 1.500227120720152296 -0.008184887483326204 1.408461580660840928 -0.007572053537224674 1.214716833728373580 -0.006543500633617720 0.982331339767908207 -0.005477166274669892 0.984328934619965845 -0.004634266219212133 1.003661394643767357 -0.003758370138079675 0.887045904404806351 -0.002476360584800963 0.767526343850217563 -0.001452637645666882 0.339895314680072835 0.000023792252654259 0.137276298686325154 0.001378768736425685 -0.254939922105339167 0.003445259633027335 -0.328730562393091341 0.005693553176051424 -0.278946964251058527 0.009129311489852888 -0.070842978502172888 0.014606091567846173 0.405358574384601156
23.625000000000000000 -0.014391273593254438 0.541344115803531256 -0.013282797340498059 0.742510746921273945 -0.012088950598695697 0.924646935975367734 -0.010913422676169120 0.905142493264114556 -0.009995873170768161 1.038398756461876626 -0.009009406857974030 1.257790123279224348 -0.008433132485114994 1.317392596182815012 -0.007718051340665690 1.322222811811110343 -0.007086091066771036 1.200254176891426328 -0.006244819954055928 1.185971651300271601 -0.005600232012279443 1.088155188190167433 -0.004871279057927775 0.949490060226286459 -0.004024935731133600 0.817656387073154800 -0.002762005298722964 0.740763116224546159 -0.001780886799690160 0.279870487074354080 -0.000196963061632346 -0.041493827443883247 0.001283310597738816 -0.338442637637420607 0.003399562850528415 -0.461970264935143982 0.005508809994061658 -0.281870918003294724 0.008728916424471654 -0.104677882381697646 0.011745979031606608 0.461342159275676511
23.875000000000000000 -0.013771455105909930 0.533271761397344446 -0.012616791735483066 0.684632983072323453 -0.011354085851316822 0.870544583069086331 -0.010168587319426218 0.864854191197077959 -0.009209020170320565 1.062910119897296557 -0.008166021034731451 1.198219489798008075 -0.007374021358799519 1.259972268355850966 -0.006502060828169291 1.307335063100108608 -0.005802492308335220 1.384997296625275931 -0.005108669829736761 1.379666862609652433 -0.004737434140471536 1.169744599921965555 -0.004374251404905379 0.988053774764070858 -0.003720093333543979 0.811063679837378260 -0.002456959850648941 0.646064766113329636 -0.001336204885236042 0.272598944785083008 0.000279337186297910 0.030842551320511946 0.002124962106184367 -0.270551953588120730 0.004133269037616299 -0.347843317899678539 0.006100453555318578 -0.191281415919381470 0.009184057800600843 -0.008394958642584410 0.011712168393105838 0.481090999433089972
