# Index(['mlt', 'mlat_eb', 'ef_eb', 'mlat_05', 'ef_05', 'mlat_10', 'ef_10',
#        'mlat_15', 'ef_15', 'mlat_20', 'ef_20', 'mlat_25', 'ef_25', 'mlat_30',
#        'ef_30', 'mlat_35', 'ef_35', 'mlat_40', 'ef_40', 'mlat_45', 'ef_45',
#        'mlat_50', 'ef_50', 'mlat_55', 'ef_55', 'mlat_60', 'ef_60', 'mlat_65',
#        'ef_65', 'mlat_70', 'ef_70', 'mlat_75', 'ef_75', 'mlat_80', 'ef_80',
#        'mlat_85', 'ef_85', 'mlat_90', 'ef_90', 'mlat_95', 'ef_95', 'mlat_pb',
#        'ef_pb'],
#       dtype='object')
0.125000000000000000 -0.021540815131951538 0.311678181903491225 -0.019527281606234213 0.895423551251178562 -0.018704042130469806 1.358669968343577450 -0.018086209538662114 1.647389921152770720 -0.017520525335461515 1.800768608129731607 -0.016980539115631414 1.883514806272432507 -0.016418391013417973 1.878069659590647200 -0.015818459301151021 1.840593012815505913 -0.015154178820610679 1.746291240506694153 -0.014346057338555955 1.612633185589256613 -0.013446511579461213 1.545989026489841267 -0.012390816824726328 1.432409811043229286 -0.011201110328160476 1.338869058190653272 -0.009893507237861102 1.280937713569519243 -0.008604957330781652 1.265675711459645969 -0.007231413368141077 1.264360674648363547 -0.005968175039569845 1.260847621470952085 -0.004752975834528525 1.250524228945728789 -0.003513858722228835 1.127613939690544909 -0.002054252964859031 0.856513121409240408 0.001372558239633604 0.332834353080057488
0.375000000000000000 -0.021115690939401660 0.310228709258862867 -0.019069894067916430 0.882947613113009622 -0.018231379463361525 1.354371318310430894 -0.017608502867759075 1.655917617499518046 -0.017040794248049870 1.819442584678226726 -0.016528689156241529 1.900439994294766066 -0.015988472249637564 1.900654492729283218 -0.015416028209031865 1.876093609781077642 -0.014771986553349140 1.775033683264486850 -0.014011804658049670 1.651433294100299820 -0.013168435860974562 1.573392819532778431 -0.012142814227131355 1.445970390357317559 -0.010982552318525997 1.342247770252537276 -0.009657787364206286 1.273621626349261460 -0.008347881101211463 1.257977238970982903 -0.006944292632561428 1.223987662252949304 -0.005622947531607148 1.224999349429734430 -0.004368112503367922 1.227698831422783687 -0.003146103014213360 1.124601757091481247 -0.001702736680211404 0.857856108143035923 0.002013953132394591 0.339969739123632153
0.625000000000000000 -0.020682686282173384 0.300688064185083814 -0.018576820716055740 0.865346523643385823 -0.017696562233484904 1.332431836413199511 -0.017042449581363136 1.626462347301744105 -0.016475126245788597 1.789396996837141485 -0.015960752201594784 1.895056266076599272 -0.015426500671425947 1.909026269807802878 -0.014874020694898963 1.904752075551379376 -0.014265885440884375 1.822348176932529373 -0.013537840188649768 1.706944120980126600 -0.012745976852099258 1.613224034917629002 -0.011781179141380858 1.488195186401751746 -0.010660804445969336 1.355884804090580653 -0.009322621182675263 1.269682949457465515 -0.007975983148544422 1.218898689270328850 -0.006533279337342366 1.191085429639403115 -0.005167679660078607 1.192649217996938349 -0.003848888213252702 1.202996605127516938 -0.002620902382493100 1.106757389679411396 -0.001185664812117697 0.851312440564189865 0.002762031901877435 0.339320647485719495
0.875000000000000000 -0.020272523519887939 0.307445338541271096 -0.018104958206618844 0.869112700264794147 -0.017205295196159147 1.316818149738193000 -0.016515005995658142 1.617299684246371827 -0.015940073139331157 1.781601811052123230 -0.015409150150789653 1.883483356705293543 -0.014861733553293474 1.910188462127366593 -0.014325188583991125 1.921883742288024610 -0.013737174573979114 1.861167544581360689 -0.013033515771329581 1.756070148451345458 -0.012265737648736235 1.653581215284144035 -0.011346072351936604 1.530283934847959548 -0.010251766959888647 1.389872744640074931 -0.008931426892844804 1.296498188702247756 -0.007603421500142895 1.223172949816219601 -0.006140352335101678 1.177714942302830359 -0.004704582760225906 1.175444455856420545 -0.003363908712128702 1.196845769274639482 -0.002180412393655563 1.101051247030805591 -0.000788842963706426 0.855822171480108085 0.003106143249803601 0.343391099497356300
1.125000000000000000 -0.019835033300994922 0.305727172975575778 -0.017711733969028087 0.850352272053639724 -0.016797775379998419 1.290364230026793679 -0.016099409803385065 1.565808404941056997 -0.015514939966395956 1.740028560156796633 -0.014964439919423134 1.834339163695219321 -0.014421833720266784 1.869080792663121438 -0.013870198874566442 1.879642844726115092 -0.013267401066647304 1.825503767723283488 -0.012578926143450282 1.735374331516159829 -0.011843149401563471 1.613128413878571532 -0.010936212477663259 1.505035717942434070 -0.009881833680809287 1.372878028145133378 -0.008633665478619035 1.283740408202252326 -0.007354165450387659 1.199536285488926879 -0.005907845657646871 1.152840048198479073 -0.004483869104167462 1.132124061940234405 -0.003158431378516607 1.134195521227540304 -0.001954398568509620 1.054747720498873775 -0.000606268428862228 0.836140820758387360 0.003310516890877325 0.328893861713694724
1.375000000000000000 -0.019566459636770360 0.310813087913106911 -0.017485651431730722 0.850364871217463847 -0.016568262152359483 1.282202974678954055 -0.015845177664213526 1.553710964968767927 -0.015242990987279881 1.732904278293967426 -0.014699359320178084 1.823700234571606904 -0.014147790643350812 1.867562597805984881 -0.013592515834205593 1.875320496093294986 -0.012987195943006968 1.835450727737971022 -0.012315697249110158 1.748607632314822080 -0.011592832874605403 1.622799269562246849 -0.010705265688732184 1.520013691669302114 -0.009707493766586464 1.388357168226277638 -0.008514336897309868 1.300515695927479509 -0.007285559335308456 1.202815247592810666 -0.005882120701057552 1.134929704232713776 -0.004479585669749026 1.110215590163840638 -0.003169203344473188 1.102698486277494450 -0.001980330203351319 1.033234296313284117 -0.000721540081481689 0.823304636314086569 0.002923145447605253 0.326097997980048238
1.625000000000000000 -0.019673321925718433 0.323520261034411727 -0.017589804635024034 0.851152072421715200 -0.016633687698959645 1.276593230803699575 -0.015904482111167958 1.564627325065930830 -0.015287305292825900 1.754056963477055753 -0.014739511549103891 1.858716833425401171 -0.014178488109435566 1.909940604136178610 -0.013619937490248691 1.913338262928286015 -0.013024670147208180 1.891592636246882453 -0.012353365016322108 1.787738998623025211 -0.011631811994497214 1.656719355560384521 -0.010773472925356267 1.558595677430706372 -0.009808394959620895 1.439513531489387876 -0.008713050531562070 1.347716757601441495 -0.007538590926211665 1.252964765068847131 -0.006230994501382595 1.186839725187984529 -0.004885967726772968 1.137800302748767756 -0.003610712507415169 1.096919557140758394 -0.002409222318397841 1.017597037183315845 -0.001096990448851532 0.806433500534392556 0.002735917797675880 0.321380516767222346
1.875000000000000000 -0.019726586698988399 0.333011612405523127 -0.017624324219476024 0.834158385650149881 -0.016652327039297119 1.247424821496417646 -0.015912032767994348 1.552416620386811275 -0.015263858258850351 1.751006320037890696 -0.014696569018118149 1.828489400907750140 -0.014123001227786373 1.872732145409616189 -0.013529175573377430 1.873864473471564152 -0.012903927724182562 1.848204898745679614 -0.012238013779719528 1.740279924489279928 -0.011500148287958001 1.623295145687913887 -0.010638199665743831 1.515507213790118657 -0.009674564629653746 1.406471789291904972 -0.008617773131575433 1.325808371071699465 -0.007505662542867337 1.249514918608145786 -0.006258366162105380 1.177419520863562274 -0.004917884605699931 1.148150381160891298 -0.003704836806064716 1.086151344766766114 -0.002517508044114426 1.003405785703660458 -0.001150152760912452 0.796056671268622451 0.002929810737979829 0.320561226993728132
2.125000000000000000 -0.020012193704429471 0.336278683721304983 -0.017889007354240732 0.819044776438785149 -0.016894329834995791 1.240919066609243782 -0.016158729826788194 1.550045661812710529 -0.015490633036752566 1.748369834576749993 -0.014918344188849372 1.833003703050523292 -0.014350232328998779 1.887119055080661800 -0.013741911383053716 1.890765110935486604 -0.013111205833605505 1.860562557012014118 -0.012459158473974758 1.743972914863067381 -0.011740577501678298 1.634467684638633456 -0.010889073634320231 1.518078094918838383 -0.009967439265990811 1.410757782051011544 -0.008966996872897733 1.336762423427715563 -0.007880524175901960 1.260069542951194332 -0.006708914396980133 1.193659147589380298 -0.005457381312355788 1.155659099941211521 -0.004260666124429620 1.088950148076976321 -0.003026839163039251 0.978484369846061797 -0.001542504031784092 0.775327662347844337 0.002754888210014617 0.326628089736582972
2.375000000000000000 -0.020112105186931878 0.349115597233623898 -0.017976154982263157 0.807796553242073445 -0.016977844594769229 1.211119844122722444 -0.016235918068019300 1.516855507809036441 -0.015559768624753674 1.713300975107555191 -0.014985310316413522 1.801883944321571729 -0.014413767587466401 1.859631330568580543 -0.013806536609031982 1.866759852480170956 -0.013222359063981885 1.851756157032026229 -0.012597714944080280 1.751015770768592716 -0.011914226595435291 1.642358122058253489 -0.011115240928771855 1.521457571545078435 -0.010253647527800459 1.401505135323728668 -0.009299144645779396 1.322506058441517807 -0.008247252395426563 1.263047591071126963 -0.007145910755772231 1.190988725455838004 -0.005977670714104493 1.149042222385490808 -0.004840506814923624 1.094307579023081178 -0.003607889152786769 0.973010288027312931 -0.002028236156692965 0.777920551990296194 0.002340805093445210 0.349497864363895738
2.625000000000000000 -0.020287538389239280 0.356791017969707192 -0.018189594873210296 0.779208887247491933 -0.017213194177212558 1.159120167623094222 -0.016508383585442255 1.465618493933196209 -0.015854563480653571 1.646081083663707645 -0.015272580388893500 1.741279848876850167 -0.014706979208560232 1.798833532809965607 -0.014116385921677957 1.812446958795391527 -0.013560114408728556 1.797050227098869746 -0.012982434957469742 1.717553071715790303 -0.012339663189110351 1.618791113877775079 -0.011591212855042676 1.503221345630771033 -0.010799569546733351 1.389380770910338070 -0.009934083366794643 1.305225752156393471 -0.008928026735470978 1.241085633703057134 -0.007877138292348707 1.145840327985879981 -0.006762578980854340 1.099739512333342217 -0.005616633065522461 1.055936113419057465 -0.004452946899360839 0.937348243127301917 -0.002842015051009910 0.759852817367258404 0.002149806500777480 0.352586014989127006
2.875000000000000000 -0.020607169978661310 0.353261350569086530 -0.018473076774291122 0.748146847361149558 -0.017510869742030623 1.118149096640714601 -0.016819781917847675 1.381971937125007432 -0.016177401373743520 1.563733946858353319 -0.015577769899666439 1.646540796599010203 -0.015012170328908253 1.686450168739747069 -0.014408464227166077 1.709921863392347641 -0.013839348055060624 1.696848160653386506 -0.013279498551080810 1.651144297382892923 -0.012651110193545031 1.559411598939355992 -0.011923641281589311 1.444156197843851297 -0.011163923352131804 1.329036588952590581 -0.010332735900393004 1.250355783124194264 -0.009369573499653531 1.176093997056443463 -0.008323374608585690 1.084875609024214649 -0.007260159601844942 1.053557010764208046 -0.006171176894375664 1.013591843038226026 -0.005003921198651212 0.892601715611670121 -0.003283529893707630 0.741943160771762367 0.001787244090269405 0.344765846371905216
3.125000000000000000 -0.020707447551897851 0.354878553942928776 -0.018606420688714143 0.740683904235915569 -0.017649842065423152 1.110485351464760351 -0.016968049023631054 1.382025014250140682 -0.016332878813518893 1.556292296991367730 -0.015753403777638193 1.648429447887532318 -0.015199374902045173 1.699799496261063636 -0.014624371864536960 1.714050167058231100 -0.014078578038267741 1.704179279781616874 -0.013512550089378709 1.643409382664329010 -0.012898272095748523 1.552202404844402972 -0.012208051807367766 1.440358955478686198 -0.011480494108324062 1.337108351952300378 -0.010685641600948247 1.254063794249211883 -0.009785493801240282 1.184095049105179598 -0.008838651721111085 1.097011920777121619 -0.007832771563893618 1.033109663365531006 -0.006731187848200439 0.967375698564941544 -0.005615230395067043 0.862660655583466607 -0.003956266873884579 0.705427975986006373 0.000842027119553136 0.351797888514852108
3.375000000000000000 -0.020750903727332511 0.346918883059754657 -0.018633746448639268 0.718355227230559001 -0.017673923415515630 1.072066560656306899 -0.016997214953318237 1.328394900928504319 -0.016381110481585484 1.492398750660606233 -0.015796548316368595 1.585825339301999204 -0.015244320000493743 1.629425448432552104 -0.014678144637699151 1.646623629800231914 -0.014135412000348268 1.633209765539592517 -0.013589531723311078 1.591225090124355201 -0.012996788197268516 1.507353004512999251 -0.012342967149417369 1.400913140359554054 -0.011643166574904400 1.291930847875301103 -0.010874625253088273 1.204195056819946652 -0.010007508088268368 1.133889356237911983 -0.009091335584998642 1.047845893885466229 -0.008143150797280445 0.995844372512912357 -0.007093600784454977 0.932690055332985213 -0.006018336270564510 0.833506227007208444 -0.004370816113715417 0.679287239817249922 0.000429238291401208 0.347320776520157248
3.625000000000000000 -0.020913495945175220 0.351933355186080654 -0.018803010171737789 0.717008259054293662 -0.017847838441859241 1.067389286082620181 -0.017177353207457391 1.315930231921082605 -0.016588822010208434 1.478887299629926266 -0.016018498554055335 1.583442161737198983 -0.015484653397275765 1.631729357854711182 -0.014946700424690991 1.653665236553773399 -0.014426575477107914 1.647370219950923254 -0.013899002437801575 1.618790074344254704 -0.013332000969547201 1.535027249241651015 -0.012720474344304390 1.428549550167780069 -0.012071402824909880 1.322484614923241208 -0.011358696147150939 1.232095298680612405 -0.010550851483000537 1.154078964688665776 -0.009708639513985042 1.071653270910370548 -0.008853798774431515 0.991643063712191575 -0.007835808798319991 0.916508986441474605 -0.006753738112934419 0.821323930600155294 -0.005108833361128532 0.670162664011764275 -0.000444943879988169 0.360245306580978975
3.875000000000000000 -0.021004901224633749 0.360748409402057046 -0.018842030733459837 0.711349864939052834 -0.017877291841303190 1.052010787823097315 -0.017214031216936584 1.297927575064391492 -0.016632308342424143 1.465670387079812453 -0.016076570525669371 1.580623861290397558 -0.015542692229033107 1.636738742167344718 -0.015026635675449040 1.660409003191511301 -0.014527338794956639 1.655207584137194043 -0.014016114403929599 1.631199890222963633 -0.013469200740767481 1.556668209921345802 -0.012884743205092534 1.450355640925858891 -0.012264000814235261 1.342621830242234582 -0.011577783263561792 1.247927357869110132 -0.010810023708634061 1.166996156893297387 -0.010011281738176312 1.079703924015596339 -0.009194833198728512 0.995544103301756467 -0.008221360115043557 0.911569432077435349 -0.007195926620881880 0.823301652026057318 -0.005541768914931759 0.674207404690434609 -0.000693631721105915 0.365919165372019239
4.125000000000000000 -0.021041515574426860 0.359789768919672626 -0.018859073484920497 0.707368467471852891 -0.017882157080927288 1.040038609784983414 -0.017236173766762269 1.300432528741225724 -0.016664331037508487 1.469516143350076298 -0.016133740932467985 1.586411858285433407 -0.015595053660455689 1.647349552412126439 -0.015099786620782294 1.681055188536165756 -0.014615263045545128 1.679295084547731465 -0.014119508343475294 1.660229630443606608 -0.013587534790789616 1.582011992065307737 -0.013023598993754883 1.475900178734025348 -0.012431964586936808 1.372803295077037911 -0.011775945714878768 1.272023666855186752 -0.011048017033078533 1.175476408544446683 -0.010281161500759460 1.084034499287521269 -0.009489405853756126 0.999655451346747159 -0.008531606457046495 0.905888857640912537 -0.007551554685882959 0.817801130138712584 -0.005947484999492998 0.663432235741911569 -0.001194185103942271 0.358720624263030419
4.375000000000000000 -0.020921799627780818 0.359242370247460308 -0.018675320894597905 0.706149626164656818 -0.017698882348098615 1.040176551870260591 -0.017029979989237911 1.303589265597169256 -0.016469765134172892 1.487653128890706666 -0.015968058024726652 1.610383859616224989 -0.015456280919036076 1.674685946728464270 -0.014975283210792405 1.713721604709158131 -0.014507999137680097 1.715432467930041227 -0.014027951918769205 1.694125911753963321 -0.013521407909173317 1.611319363977126828 -0.012992205231426314 1.512894056097408901 -0.012427349928546183 1.406867879495089513 -0.011791943238502769 1.304086795054173908 -0.011115177492086414 1.206133517541025935 -0.010390280227940940 1.126708601407887089 -0.009638133829142786 1.032074658548986834 -0.008713831633715472 0.918256150862859499 -0.007721383045371848 0.816089366269101335 -0.006078481549031417 0.655694812699280982 -0.001604651226887584 0.356497512026249519
4.625000000000000000 -0.020682555736744702 0.359766986258280685 -0.018402046294754892 0.710882397659816090 -0.017429642039988424 1.031567980993624456 -0.016763147834987217 1.308462290865659350 -0.016231837176865493 1.497567864529068205 -0.015751427855054755 1.632102203963687659 -0.015265456598244069 1.701936364714149885 -0.014824675979251445 1.739665785832728462 -0.014396980326672065 1.737597709561070181 -0.013949875988669137 1.710099933477014833 -0.013474757428521961 1.629968477102578195 -0.012980261870187053 1.539574369881542504 -0.012440295437414178 1.430490836495813767 -0.011834787439110357 1.330389999486608410 -0.011197794221740309 1.240301818416226221 -0.010545226136282783 1.162646140635333891 -0.009843892852944524 1.056328271282139575 -0.008973450737021500 0.937001987920126234 -0.007998713002823487 0.825664717711401819 -0.006403339373560366 0.647062155412224893 -0.002030343148436745 0.358313199290397788
4.875000000000000000 -0.020514417810862308 0.362653285349897936 -0.018226170749326899 0.720026710563621331 -0.017248634177321712 1.032041073754377924 -0.016581967470272789 1.313089454043962601 -0.016079154313543623 1.512811431091291237 -0.015640396448907284 1.654408979702794547 -0.015173219752542351 1.730468945074190135 -0.014759726182937588 1.781380512843587560 -0.014366042379017540 1.782304103166515441 -0.013952547278346085 1.754297311913867174 -0.013508340465978616 1.682023392582475241 -0.013038827824085220 1.596524825923493651 -0.012528588331886302 1.491452214166920420 -0.011964282427828717 1.385042649885788846 -0.011383939269974002 1.287280311052802162 -0.010778001581597734 1.217091671431677069 -0.010141212364220753 1.101085965513671772 -0.009289825201179934 0.974688045212227960 -0.008318534450401746 0.860456977053178806 -0.006762686303489576 0.657230743235799220 -0.002507573947966577 0.361569644901591380
5.125000000000000000 -0.020122781527292334 0.365426886522817573 -0.017852070122753701 0.722675496821889585 -0.016887903815144469 1.013991249876499801 -0.016262842990599307 1.295845444536341207 -0.015795252133164687 1.502998578210279268 -0.015409448927136995 1.647794801999054481 -0.014985077685820882 1.728162783394956215 -0.014616184985599062 1.777559834967294750 -0.014261416452762837 1.774733456161164513 -0.013885510725087849 1.754012269071239416 -0.013482736916940520 1.696111762401384615 -0.013046828785249709 1.621583220646794166 -0.012582588545039092 1.523228917353369072 -0.012082404329025825 1.427334224265344842 -0.011550685632282089 1.331355502792272549 -0.011011726232749836 1.259481587577012673 -0.010435070869824408 1.144576227251685729 -0.009701307177376127 1.012595653716097388 -0.008790336761452366 0.880862230163885096 -0.007292838490152664 0.665038509850095272 -0.003110230342767063 0.360724613671013772
5.375000000000000000 -0.019689176907902700 0.367450991462503873 -0.017339256228619905 0.716023131799764845 -0.016403015928235749 1.006554009242335734 -0.015820779465951628 1.287965732405536690 -0.015391489724430945 1.503030079788369777 -0.015035829360621224 1.651064318044029866 -0.014653956439718237 1.740469752603911457 -0.014308527490248741 1.795990555101496078 -0.013987199133235614 1.801746232713337559 -0.013641590928994253 1.783640627992573613 -0.013280225949858337 1.733359813913652792 -0.012885184374910614 1.661581931188139460 -0.012473053979185847 1.562125330811759083 -0.012024889437428314 1.475101030874167218 -0.011535247122302913 1.384047165085404929 -0.011047194660815732 1.314923272333933024 -0.010511793112249403 1.199155263736990884 -0.009859979056430343 1.065054129341056699 -0.009004094774016216 0.905903689785922173 -0.007522184246536850 0.680881037918024457 -0.003570186077851255 0.363213994288924757
5.625000000000000000 -0.019139565141436422 0.373769446681497919 -0.016755842486591396 0.706003434191322721 -0.015893788510643238 0.996528318579021688 -0.015356146991566622 1.270463043020026994 -0.014946371420580726 1.486445527398316369 -0.014624571932137932 1.635334203858130886 -0.014296779423326607 1.729307070629110488 -0.013989848870838640 1.800359008851728282 -0.013717192724486654 1.813906667392251926 -0.013417317432063813 1.799557500283158529 -0.013099471535839952 1.759835664366590668 -0.012749014193249619 1.692449794905932059 -0.012399274755656251 1.606819675139263159 -0.012013850423930383 1.525988594473234095 -0.011604424821891340 1.432988160507084219 -0.011184924646127846 1.368496979758502929 -0.010698691653663666 1.244813732843627951 -0.010113731904547897 1.096315066374608849 -0.009302491766409316 0.921643547445261668 -0.007862481647551539 0.697158216602282277 -0.004278579726813871 0.367884278793571717
5.875000000000000000 -0.018619412034556970 0.372343434503572324 -0.016248389803087081 0.697414662953195763 -0.015451172466962598 0.980660725598550442 -0.014951689683580908 1.250460445330091375 -0.014579014672518376 1.456286812688371901 -0.014280810121179955 1.613535264559400773 -0.013988975293166546 1.707989728377657945 -0.013715022875263549 1.784822189088315136 -0.013479044921085823 1.798619029975373707 -0.013215842808234325 1.779858181372279136 -0.012938384134485236 1.757621717101660375 -0.012629740149272907 1.693078195083897342 -0.012338737465863671 1.635712433227631823 -0.012018684988281181 1.563008261037739821 -0.011659796130924684 1.468818183158146606 -0.011288585178152951 1.408042032245184316 -0.010871450016258414 1.282512393730355971 -0.010355107433924019 1.139193909567729923 -0.009622179668646794 0.943763012765337139 -0.008232469092232403 0.707249287441003793 -0.004634975572617490 0.358273682567609164
6.125000000000000000 -0.017833794701139195 0.365598883642134609 -0.015591840193592445 0.674714419403910415 -0.014896957804043856 0.941437911070894140 -0.014439719128380593 1.204858100964236511 -0.014124589329071383 1.404639889544507803 -0.013874263619827193 1.553671950372692789 -0.013645493008235410 1.639157380656640628 -0.013409780953187742 1.716349583939922985 -0.013214792890415513 1.739465250494517612 -0.012989163458167389 1.726623612487860893 -0.012762687316892415 1.710184737321358783 -0.012506162542449522 1.659257999478594314 -0.012262934501993859 1.619243682206193302 -0.012010823873416052 1.553368766974817072 -0.011734457490776697 1.473052732419692923 -0.011432712226564742 1.420629011685177412 -0.011100629862797494 1.292904456639484945 -0.010678405400315333 1.154536010032731319 -0.010054880948737768 0.949825148664529495 -0.008805814350321340 0.699002375893302608 -0.005465310441205034 0.352493209965976717
6.375000000000000000 -0.017410586802347885 0.361769609848188511 -0.015196800393842949 0.653814609553228454 -0.014564741184786397 0.913101534434159867 -0.014140197342123271 1.164341720253044388 -0.013900905150557847 1.368345216678636067 -0.013715077588799005 1.520687646880891419 -0.013570131597390378 1.605830051837349615 -0.013385265868638162 1.677108513183845240 -0.013230512881719373 1.691154690196772892 -0.013055324956954703 1.681117214277863869 -0.012871663236029018 1.679638572139914965 -0.012663890974737795 1.640219965309346772 -0.012467087694441548 1.612799782160680762 -0.012273183015654257 1.554788350479110681 -0.012072916730142045 1.484904618804393284 -0.011839831866030662 1.444245672339670827 -0.011571720422706138 1.312282045277257891 -0.011245505934741329 1.173104105204380909 -0.010708082254345812 0.963627908550253265 -0.009503771202766253 0.698636808068879733 -0.006376108626209760 0.354791409778992095
6.625000000000000000 -0.016976630538039984 0.358738690353023859 -0.014860538647345713 0.623083746866590071 -0.014321006649272557 0.870547183380949496 -0.014019091313157888 1.104161268163864174 -0.013861299326405551 1.293361800185198307 -0.013703101281637294 1.430742977458605791 -0.013595474191797866 1.515518286641378332 -0.013445805592141882 1.585537548148530984 -0.013322579816134612 1.598705321762279086 -0.013181421151856472 1.595707208957655387 -0.013027020279847991 1.613851047989302456 -0.012843647085919067 1.572214833740317896 -0.012689337013852992 1.564005206006211290 -0.012544207478135002 1.521683261641256113 -0.012407136524588018 1.468154339428829891 -0.012246424508356177 1.425601401300353954 -0.012037452632291246 1.296450066142698976 -0.011801098156431334 1.168234532060615338 -0.011355651035580687 0.965587784630453583 -0.010257290789681895 0.694709423746353250 -0.007304302275640808 0.357649441199881624
6.875000000000000000 -0.016288030556778951 0.352358789923848115 -0.014284649806264612 0.590075912424129378 -0.013860617155221770 0.826445223842389165 -0.013654840224948811 1.037801492545552984 -0.013551594312190095 1.205639176189587713 -0.013451921645017262 1.334511428738923478 -0.013408835415408446 1.425227735220876646 -0.013294768170716417 1.504564026318386150 -0.013196080088188841 1.524255199601416422 -0.013093573262061304 1.528508328195653077 -0.012992559892211269 1.555663226520667575 -0.012865754793336440 1.517652751295706981 -0.012774873871183708 1.521220083242696086 -0.012691044807026508 1.474923772701990821 -0.012616649278869612 1.432967935675607318 -0.012525601343413540 1.386461995387685775 -0.012383449280771270 1.274889644976535452 -0.012210403429662828 1.153344827943021844 -0.011923935496772453 0.962987667938134950 -0.011013575492286532 0.691621555753609396 -0.008463254728341179 0.357943991740580114
7.125000000000000000 -0.015729489346829838 0.350263186416762073 -0.013854153490519883 0.554223115817915279 -0.013498802303260084 0.779446698634712276 -0.013366741676514485 0.980241802096578185 -0.013307202156231986 1.125256083600328028 -0.013263523370505527 1.248403854166135529 -0.013281878283494843 1.336979616059677189 -0.013217809032367116 1.416454893878147159 -0.013165639066125792 1.443456530375030189 -0.013108737984251943 1.453658860276778375 -0.013051608276682860 1.479379767933864720 -0.012980992771289456 1.447078844532222242 -0.012943993717041869 1.461272048349113728 -0.012905223038456220 1.423206300702748672 -0.012876101136707093 1.383152252741139732 -0.012808651818767986 1.342688445867515235 -0.012720879573771564 1.250594079255160418 -0.012630246395762787 1.129638030863161724 -0.012422816958502357 0.950562112228253819 -0.011643471641335614 0.692202514725486440 -0.009432524511239469 0.360360547440400913
7.375000000000000000 -0.015686447555033598 0.346642229311741712 -0.013841326520375051 0.519083854153700064 -0.013533358907893587 0.739329685294774275 -0.013440310726319021 0.934870667672327071 -0.013444540442718681 1.072451724295893749 -0.013437159503634348 1.189250242116083323 -0.013490250640601338 1.276092597786084193 -0.013441909232138095 1.353217013939487012 -0.013420641136298780 1.402074966870864081 -0.013391936523820307 1.408451662164839746 -0.013355277017037759 1.431830816626873837 -0.013321337291252492 1.402421916544915659 -0.013304300506295766 1.425580508330625440 -0.013287718960983699 1.385674768097517884 -0.013271813432750265 1.345478412510951127 -0.013211587279791158 1.309834505964864171 -0.013163273511241372 1.211261297361517331 -0.013092994132622519 1.107605499936563653 -0.012918573871023105 0.938718022603028279 -0.012267736370812911 0.691045469881719443 -0.010302183891218265 0.360319991612850887
7.625000000000000000 -0.015375260646042357 0.340300713112124176 -0.013683623395850010 0.496377901254456133 -0.013443562567127349 0.686990986209576437 -0.013406212179701267 0.871921536698264110 -0.013477793469547208 0.995780838317261274 -0.013510107106994473 1.113830406378719440 -0.013602292110126942 1.189962099780826010 -0.013614872238741421 1.261981661917657815 -0.013614318140312725 1.301980068325855777 -0.013611160378549158 1.317832910408698099 -0.013594189814636637 1.339947289897050142 -0.013590162685852829 1.318043541772268457 -0.013586401585603156 1.354677618343712586 -0.013598925010340440 1.316207046360826194 -0.013619418504253730 1.273262384338829989 -0.013586876472313769 1.242958977774955009 -0.013575156373475963 1.146835628700697995 -0.013539789717771351 1.047469015461310882 -0.013426327087298491 0.897741983163317880 -0.012877505554124254 0.667879655157726182 -0.011132725748185310 0.360671431840717149
7.875000000000000000 -0.015316626997629437 0.333056417345880706 -0.013792241835887828 0.480340262916522986 -0.013598778563401014 0.652448821523819777 -0.013549322141581239 0.821576156982547268 -0.013644940294820548 0.946110739265433431 -0.013700126056918154 1.048446645293575230 -0.013798373662385300 1.129413634490777474 -0.013825415218621380 1.187693131175208583 -0.013825188724113148 1.226218624985879968 -0.013819583243140502 1.243803161906050114 -0.013805520804891646 1.267054578990125968 -0.013812093415677464 1.247179549121930409 -0.013822275664860452 1.290852126780130504 -0.013844758077022300 1.255424729667643291 -0.013877958823907206 1.229480615421814527 -0.013882351578931621 1.194476507122923303 -0.013907947162857140 1.116433808602816047 -0.013888564545157087 1.029479947181972443 -0.013839246443492678 0.892694045699882199 -0.013381247955173229 0.658781320254542835 -0.011736283937489829 0.361015216306139863
8.125000000000000000 -0.015647966901071616 0.323301537152938134 -0.014161519585090956 0.453808457413523436 -0.013990079706588198 0.599142566302528379 -0.013957649205384700 0.754551853154391994 -0.014072562674334642 0.887698453747464589 -0.014148424179224274 0.970595578725351293 -0.014254843881529320 1.058559383262448250 -0.014292443200645650 1.110050194188007433 -0.014308161832505458 1.148669832007046754 -0.014283659972935635 1.166102066152777006 -0.014255914801590375 1.188094106321033738 -0.014274290889715817 1.183013502748535339 -0.014301242255754640 1.209660293295362399 -0.014318357779254238 1.177297880963601218 -0.014365582167671835 1.161783869424368731 -0.014384823365948351 1.126839982710831745 -0.014395717032759922 1.055976677520736429 -0.014389896423602361 0.975973920741997514 -0.014366586827359858 0.853276114063888813 -0.013924702366032240 0.631082705996919846 -0.012359031376944525 0.365524540386620467
8.375000000000000000 -0.015915008524769538 0.320876044162288931 -0.014431885237265848 0.440848055403157801 -0.014248198350237773 0.564169856582125928 -0.014252398139981901 0.692943453288107802 -0.014396352509669119 0.824177018931338989 -0.014490696532168878 0.893672225934220243 -0.014601905532729579 0.974739688043148367 -0.014653154457265116 1.024949092941973783 -0.014664548488246056 1.058966225388344284 -0.014642268137457951 1.078755977958495427 -0.014584277880134651 1.098354974127574879 -0.014576199485101918 1.102851053602447617 -0.014590912143915223 1.125369903575014430 -0.014576020127590964 1.102909017189658059 -0.014572896505941986 1.084160640484682636 -0.014591687313557236 1.060382453392228363 -0.014609024601765982 0.992811245914988261 -0.014616408693714285 0.917227489160552856 -0.014595733788975386 0.814170517132595140 -0.014200950667778411 0.604941251565545013 -0.012817794049658611 0.376039345383270773
8.625000000000000000 -0.016176153140598969 0.326972305682598052 -0.014775352397974832 0.428960477651556760 -0.014591820919106034 0.541230597364043775 -0.014631149169804833 0.645082274465901606 -0.014767691518999461 0.750951774497915170 -0.014826883533506358 0.813414175455643318 -0.014908647905056492 0.892376964106843085 -0.014946232260505486 0.930435196310465895 -0.014953397636304310 0.973172482487252299 -0.014860954547519794 0.987091317370783705 -0.014787235597812986 1.001531324178978277 -0.014764354338569697 1.012540853091661974 -0.014755008063187244 1.037804043793868924 -0.014741492526268161 1.017748119972752718 -0.014712005263108870 1.013306729403919082 -0.014739829169385196 0.992307753390567648 -0.014748680308178363 0.932245654443831895 -0.014758603386786471 0.863938356550281505 -0.014735742121638229 0.764578374533821492 -0.014428882050393371 0.583972642104284900 -0.013298269629228426 0.376510301390270530
8.875000000000000000 -0.015997299169426722 0.329462557011582724 -0.014675337128465421 0.423327909350949938 -0.014473481672820985 0.514212943173807058 -0.014480221847971953 0.600460170886507605 -0.014640201227848560 0.690432544786315661 -0.014725337793198498 0.756357425690906027 -0.014820001370312806 0.828471865400011387 -0.014868626581115117 0.861999598538952805 -0.014907338304516940 0.900402469748683765 -0.014807054030072849 0.910989168769248070 -0.014719003915623786 0.920197271480957979 -0.014688621003235194 0.941736129319623583 -0.014677552381895406 0.964115362373998974 -0.014665195716542193 0.953295356338589972 -0.014657293897534569 0.939922731540498546 -0.014689423846958361 0.938166016842373107 -0.014754760913190655 0.892583609385583010 -0.014817165817925842 0.824883549700302199 -0.014855616456775843 0.727467899672112117 -0.014646940093609083 0.569723547394151097 -0.013648019925517655 0.382741526882918015
9.125000000000000000 -0.014985523955617018 0.333041454706887063 -0.013735137461670073 0.435968033973891500 -0.013552919339168733 0.540709022423599417 -0.013544559018150583 0.649233445510443707 -0.013642291646735628 0.743223234656231302 -0.013671079296480544 0.821622482438748025 -0.013775559026262421 0.881737511737499258 -0.013811937172235490 0.923451351797535458 -0.013856902266586689 0.946943435573445624 -0.013870575921658215 0.972092015153919964 -0.013881641126054910 0.992387612447945489 -0.013880477116106106 1.001358490608524665 -0.013908551156295107 1.037275314190791331 -0.013951865934344972 1.023928000931833227 -0.014050724260505305 1.017263508493245761 -0.014159917407806357 0.996626921196987370 -0.014259032420986757 0.936970180181694867 -0.014401344189853310 0.858960608641501366 -0.014498016166225130 0.747408554635477285 -0.014179791337864955 0.566408761052883625 -0.012815761144454894 0.369018764133278665
9.375000000000000000 -0.014887337253435369 0.331271243962240336 -0.013669704261696666 0.427121161595987842 -0.013475125037086718 0.521697768992188893 -0.013485429611079645 0.613009276669363334 -0.013581820378701507 0.701979626134194512 -0.013617095234623691 0.777191143027167297 -0.013728884626231190 0.837307036706029351 -0.013793431957315491 0.879803861865102954 -0.013859313246060755 0.902521446153238704 -0.013892748365400116 0.929456507635574525 -0.013926037113213153 0.946096854810185905 -0.013945480284015993 0.959174003481415016 -0.013982809922056022 0.992820750209118419 -0.014052646804665208 0.987309348276635301 -0.014172459627218376 0.979249261517668446 -0.014318956909955521 0.960432608951467315 -0.014449052806261848 0.901903311534546392 -0.014620026544346243 0.822089961254080293 -0.014712619565619364 0.718479970126543299 -0.014412231579870977 0.548338245616956099 -0.013242375079346658 0.370386109898818427
9.625000000000000000 -0.014777697676653545 0.332426741171441609 -0.013624948572442111 0.415453069374978057 -0.013439312036536888 0.504149036878452361 -0.013486158957568314 0.580770173197609707 -0.013582492041760846 0.658105492754511578 -0.013587263080841643 0.724897173289245744 -0.013700232832505417 0.782985946504329955 -0.013794966683011434 0.819962673651685958 -0.013885160869475872 0.850496148628628990 -0.013916249877124419 0.875991341052159478 -0.013962498759858288 0.891832295336742686 -0.014002624411264018 0.910465469945228145 -0.014080751749729165 0.942475217419924349 -0.014182763308441546 0.936560216994876127 -0.014306065344610659 0.931723462565143379 -0.014475536635978985 0.913265198115282062 -0.014644724979663111 0.857944000547508190 -0.014817600733477970 0.778599444259010287 -0.014892821511200664 0.677519914912973586 -0.014619581693349426 0.526974526204592952 -0.013486830266515851 0.368347059231191210
9.875000000000000000 -0.014521535657713261 0.329461712673157991 -0.013431329530433083 0.406877227256718543 -0.013228818300131917 0.479924964140444887 -0.013267816384981401 0.542956924741515246 -0.013354864359072422 0.613330729579094514 -0.013364460316887278 0.679381508308499527 -0.013453853799779302 0.733786270288021458 -0.013575865223740909 0.771921252307166572 -0.013702014226730959 0.801705936861836554 -0.013762906469342523 0.826096900306963478 -0.013829695560205125 0.837459582582018025 -0.013888044580855923 0.864483232878643704 -0.013990998385402005 0.892981844406881886 -0.014122491719214019 0.887480622346729753 -0.014259346413212070 0.875646211998773016 -0.014444111515114115 0.865237377341437131 -0.014634941228743117 0.815606870908839432 -0.014833694330378002 0.741194913823111201 -0.014931247927897781 0.645974422985373442 -0.014697150375031802 0.509203812163456782 -0.013637135606370991 0.364043016955833465
10.125000000000000000 -0.014334897569250665 0.326951667101948118 -0.013347122491147249 0.400176920766685262 -0.013136434836464967 0.464677835239449388 -0.013160223749131743 0.520972274418892156 -0.013259686032543768 0.587754578646530690 -0.013280824327689891 0.648125476995590866 -0.013400099013145338 0.694245735020850629 -0.013546250964115431 0.728170135723253842 -0.013700131396967265 0.754509275288965942 -0.013760077064930050 0.783336593519983304 -0.013827731329056570 0.795115457073089393 -0.013908186875697556 0.825913208111063946 -0.014026433079703424 0.856003856601863178 -0.014160524120155041 0.848850244050987746 -0.014316574771022829 0.829092389064907120 -0.014507796948761590 0.826239920436061537 -0.014705350454982636 0.778831344142544069 -0.014910609789732398 0.700607162411279960 -0.015001207743754836 0.613267332068881288 -0.014758035249947668 0.488728614629071800 -0.013804853743962942 0.363119866585575768
10.375000000000000000 -0.013941276382428721 0.320723894557034761 -0.013001868169817412 0.393862291167936751 -0.012835279053006073 0.449732856882144594 -0.012865799817861647 0.494291563023723068 -0.012984988318628148 0.558596101135013678 -0.013004181608687415 0.613212926537453740 -0.013137740984547565 0.650945662601239872 -0.013292593156611071 0.686989439105053723 -0.013457035170763272 0.704893858651000960 -0.013525786506253943 0.735761481628131930 -0.013603535658837327 0.746843216165807511 -0.013668103848697219 0.779053636111255221 -0.013789225699356452 0.806505442430595965 -0.013930242688044513 0.797482496477206482 -0.014087107152320378 0.782514631884043910 -0.014280383948500196 0.777598740327703708 -0.014482733350766349 0.730630156546906773 -0.014709531855319504 0.662995121623471961 -0.014805736115638341 0.572005800620754457 -0.014513175614656123 0.457845704712864676 -0.013472184374891883 0.355450877223045192
10.625000000000000000 -0.013684835071039562 0.320385719786709933 -0.012818864873129556 0.395687424168550850 -0.012689020361790567 0.443668874533329094 -0.012730502131372253 0.480216472040963682 -0.012849294685386543 0.538261373598950543 -0.012866771054408298 0.588728977698068534 -0.012997055950305611 0.617655249551378405 -0.013169326796495708 0.659066469271712085 -0.013335838393008767 0.664015486743324335 -0.013408172195738021 0.692682256230441218 -0.013507001908933860 0.705468094686366287 -0.013569889150109435 0.735677976569023118 -0.013721825888797763 0.764464921846994661 -0.013869254658555602 0.756620626324866485 -0.014040915575446780 0.743626261541347033 -0.014243667125761601 0.737798586846536653 -0.014459809047685679 0.698117692168434223 -0.014674564653184981 0.628959388583855139 -0.014770273204953926 0.539075393261410185 -0.014446263328618354 0.436525850257496129 -0.013455814639902948 0.349787975663333750
10.875000000000000000 -0.013311978029345412 0.322213827007479248 -0.012506114514711335 0.397915549564190285 -0.012380834408948002 0.446466700720415943 -0.012434068006600255 0.478760663142319576 -0.012557203121328466 0.536510657995634355 -0.012616766649772675 0.584333289825089697 -0.012768874137188285 0.612666298193247028 -0.012957584402774690 0.643976785586860334 -0.013133661934022952 0.647276759800997747 -0.013228286925494610 0.674605754903378041 -0.013337217356100583 0.686247623887942915 -0.013397655484688810 0.715611843853381169 -0.013562137465899187 0.736547440335765136 -0.013719133577170481 0.726369156675968575 -0.013905009968794169 0.715548689405423377 -0.014131582029801469 0.705486464412906522 -0.014339298679738264 0.670171868479753408 -0.014532808589724269 0.598949250527942123 -0.014607566366744347 0.515029677559858068 -0.014266175265369017 0.419883664646389987 -0.013153571503474903 0.341699505714766538
11.125000000000000000 -0.012788560380016040 0.335282537045732798 -0.012074074389801171 0.405639790520433863 -0.011936377227587561 0.451448252083441193 -0.012077111282623900 0.482751445425636971 -0.012243361900988115 0.530201124933208368 -0.012346375572503189 0.580799969852228481 -0.012510660660721380 0.606130609654956021 -0.012714985730603711 0.636764199373138440 -0.012949576828751036 0.638765933308902967 -0.013058572797858067 0.668250649096398863 -0.013223404443709862 0.669287363477827468 -0.013306679677585932 0.695432569528152023 -0.013478786851362569 0.711174014807932853 -0.013633322371931099 0.699566858551326387 -0.013822016719769353 0.684525910109321178 -0.014047175735975104 0.675074807164904089 -0.014257165781430839 0.632996623400081115 -0.014447318385013971 0.567146103336330309 -0.014504365295693144 0.487495621743162411 -0.014130959983464957 0.403608174811472487 -0.013111360755394746 0.352743454999421224
11.375000000000000000 -0.012008145935009183 0.333145181702836579 -0.011389651727586839 0.399148614387414447 -0.011267037536221628 0.450358216349054097 -0.011437919855491956 0.481480866628577364 -0.011613691616415114 0.521427308919590216 -0.011753502900911754 0.572249081082067068 -0.011942003582125353 0.590005893901384915 -0.012174886852187310 0.620671733756183786 -0.012423893476222766 0.623834923102915995 -0.012591951162452181 0.652372575038835500 -0.012808559773517508 0.659237587523044177 -0.012926138540177110 0.675527406824830812 -0.013108719337838843 0.695163750130206037 -0.013276429132383765 0.671754874147307501 -0.013462433410497174 0.656467129980966457 -0.013668206767811695 0.637677688408313958 -0.013863668623273115 0.604687733452060949 -0.014001233453817170 0.534610442338649738 -0.014030215872217431 0.465210240087299109 -0.013740067962167793 0.389144898915699144 -0.012890954108022538 0.345461054033439630
11.625000000000000000 -0.010919135865373986 0.335575279060887077 -0.010437558091080601 0.400747155085309059 -0.010359117158118710 0.459914505093603210 -0.010546996323403396 0.493300643365490732 -0.010754590524497058 0.523140315733121808 -0.010925897081614467 0.575621798256307771 -0.011135771532040218 0.592743934809467521 -0.011399189511613670 0.620421854107110260 -0.011697652005191074 0.629164677886925539 -0.011904314286879851 0.654211546676890410 -0.012183898784956704 0.652896593023814309 -0.012371653010496817 0.659500403819044845 -0.012610712867197522 0.680693342690147030 -0.012830635951389811 0.656029149045960880 -0.013050633318240044 0.640097328300231583 -0.013267019233406410 0.609977536467169457 -0.013467149787642040 0.581540734073471066 -0.013621619629552641 0.515655204830592240 -0.013655560515689330 0.448054745499020135 -0.013379551090751906 0.379809715412175508 -0.012607635721232786 0.351812374559059837
11.875000000000000000 -0.010183135580131597 0.344808961054907326 -0.009762569286522584 0.409373651021084917 -0.009763777204049169 0.464907529549933030 -0.009970997385729458 0.505479759791305661 -0.010206622750531259 0.537837312810691248 -0.010419321712701310 0.588818168043602097 -0.010691923178549530 0.609745961734177278 -0.010953104642889686 0.634322962372301458 -0.011279111575569800 0.640983242684137644 -0.011547803166461777 0.666245073230790741 -0.011845566022081328 0.657527578018431424 -0.012054709601023523 0.659781498655448106 -0.012316814694512429 0.677088349821226565 -0.012512677063558743 0.648278980207724786 -0.012745005908603691 0.625056029398235680 -0.012950602977439390 0.592168079620315146 -0.013146301539041720 0.564220152144812581 -0.013269465939579580 0.501576128843748137 -0.013280797394696937 0.437715076965821237 -0.012979821274931360 0.374464367183825642 -0.012111618660929347 0.346932372962052704
12.125000000000000000 -0.009805371963359363 0.351556179350228593 -0.009423477880598222 0.413749679658222791 -0.009417893286422098 0.477303532842635381 -0.009646839362028646 0.516886638212803784 -0.009854373521897828 0.562025047611584005 -0.010070996751982539 0.605579061803118934 -0.010362809919796209 0.630895163290149608 -0.010647254859722365 0.653383649607221617 -0.010985596022676999 0.662217868572482438 -0.011286060854817865 0.687486780466697533 -0.011611311466460520 0.673869662658694968 -0.011858176244645947 0.675055669497275357 -0.012126478006281267 0.687093867701179972 -0.012349035751360905 0.650319015899057273 -0.012556257603649958 0.625957191362467857 -0.012756829031530123 0.587910862092318354 -0.012917117890678642 0.560882174610418893 -0.013026911868790165 0.500164526713630986 -0.013013444384487607 0.439699343737426251 -0.012704576479892846 0.376906428876983113 -0.011957718863330207 0.328050690945812240
12.375000000000000000 -0.009460808892113809 0.355910260723267313 -0.009098270531081086 0.424709832287435862 -0.009076925868936462 0.500098013804170294 -0.009272647358117914 0.554366458097443338 -0.009498027669207251 0.601502558780650620 -0.009762076399810263 0.639042419130657180 -0.010083592381913087 0.673821580219926997 -0.010415186878291299 0.692039236033344940 -0.010781430873142045 0.705708584637770531 -0.011092966289989237 0.727948434987934823 -0.011420955936254498 0.715810999493109112 -0.011693895870147504 0.707327326618949925 -0.011975303132594690 0.716091879385737040 -0.012161810182509036 0.669076763528485552 -0.012356374900580842 0.636258690226220058 -0.012567057618030605 0.600667053545645868 -0.012691010924922247 0.564625152172356870 -0.012796943485745088 0.504583255975441181 -0.012692546476175064 0.441108725109432109 -0.012359512697540962 0.383293274446042387 -0.011733402143170635 0.336096729761008572
12.625000000000000000 -0.009273325996389241 0.359329908270515641 -0.008940741331163486 0.447718938736671179 -0.008945271518460715 0.535232696919756501 -0.009180898921280925 0.595634486774618610 -0.009463847882331325 0.650487037600602336 -0.009773976801015260 0.689359981146274392 -0.010126978768597616 0.726984686063712915 -0.010476420457141082 0.746601254822829019 -0.010867869653727040 0.756064486290995652 -0.011166773168928421 0.784204262547261499 -0.011485104652061463 0.765590300113979882 -0.011763929585917494 0.756013164245538771 -0.012064106868069873 0.752642185191862101 -0.012266600817197614 0.702148294242867066 -0.012438539390289499 0.666607339760505790 -0.012683177526447152 0.621728071953181027 -0.012805928934094582 0.589712130228977949 -0.012896988176413557 0.520617385806080857 -0.012733855923786210 0.454513027745906184 -0.012358220739072412 0.393486998900306473 -0.011924257833310062 0.324280823689047926
12.875000000000000000 -0.009440373144835002 0.362778604823317419 -0.009131939624021567 0.469607233460407725 -0.009203059409114801 0.574566021355644607 -0.009536454263018617 0.640513097703960255 -0.009834901450844811 0.702023228911855424 -0.010156442875645757 0.738472130116654024 -0.010525970258296999 0.773624065399687866 -0.010884352743429889 0.799736737575617029 -0.011262382462305888 0.809320067088621475 -0.011533965129669485 0.837929347103940403 -0.011835258499472789 0.809777686211176406 -0.012096715856987081 0.797002795913762441 -0.012362925556564697 0.790654248199244902 -0.012541521279225636 0.732928000007438851 -0.012686558455035272 0.692496253599707901 -0.012917144714441145 0.654069898307240605 -0.013023222204965551 0.627740294479759875 -0.013104281511125040 0.557154208663134698 -0.012971196854735721 0.485666538323263841 -0.012557158804408037 0.405065245600257029 -0.012143585049762441 0.313460065556302570
13.125000000000000000 -0.009942104435464635 0.364095655667197871 -0.009592667214263211 0.488642357338993638 -0.009672102784729164 0.597493272684920695 -0.009965097847685437 0.672394606917443127 -0.010275774484796128 0.744473049738106241 -0.010616380542539010 0.786807279110300462 -0.010976191534151853 0.828404034330988193 -0.011321448798768809 0.861768612474603790 -0.011685239866414843 0.876322813036281234 -0.011949596006158525 0.899993288864706642 -0.012238642570450355 0.876834578971011358 -0.012483192681117417 0.857482323089388654 -0.012725803616418849 0.853130749049647696 -0.012891736930392422 0.791068413768017620 -0.013025119664758791 0.754067147275859329 -0.013227557502074314 0.706895397405353121 -0.013339817491395472 0.671560626094427349 -0.013413769567722899 0.595914086249693886 -0.013276855067132212 0.508625989922660282 -0.012803682625887167 0.419409347105980490 -0.012437274997233037 0.317675337594183982
13.375000000000000000 -0.010607796243607494 0.368463292901326012 -0.010223742951919456 0.505521678651477901 -0.010318043176659292 0.623794460802518658 -0.010629398790837706 0.702598187004266350 -0.010950207232317164 0.783714726202486611 -0.011281160187326634 0.829075417495260925 -0.011626366917518635 0.864697680726331352 -0.011954951228705164 0.905620576299963287 -0.012303687861816888 0.923769096817172120 -0.012554909064544709 0.940949220876477477 -0.012816457400963202 0.929201397691617137 -0.013033081604547582 0.909926062583072848 -0.013252112674403448 0.899609784005519386 -0.013387166497990752 0.840657543717751143 -0.013496591064221623 0.803365276717004306 -0.013670353055465977 0.752821289176454633 -0.013769730473373340 0.715949231159608845 -0.013840898205223540 0.638694661738151481 -0.013668738945213737 0.540715641880866182 -0.013184271943497548 0.437556884268307023 -0.012853337376189093 0.331611989427487153
13.625000000000000000 -0.011202481292245986 0.366554183284333146 -0.010788983475055842 0.518090354970866196 -0.010889711939539904 0.645572783946656181 -0.011189572968161388 0.742511822009058853 -0.011525102769625756 0.828469618822142317 -0.011843417011674769 0.879236113728068536 -0.012181841400539078 0.918230325770014733 -0.012477165697809614 0.963221308657543740 -0.012808274089740302 0.991427286801197072 -0.013055619619422754 1.004984328759836787 -0.013291221478371185 0.999393218139626671 -0.013500579979330041 0.983494893977112428 -0.013728496162700232 0.973851184723870333 -0.013852233628270658 0.920943297160383922 -0.013952045220959551 0.880134880319570212 -0.014118160269495457 0.822902330768701340 -0.014216894349327477 0.775656323463017383 -0.014290373308562584 0.698691046552362360 -0.014158805725391289 0.587559855482047921 -0.013680124391970059 0.465625484706091886 -0.013294616155693028 0.327521907598379625
13.875000000000000000 -0.012022248040938080 0.361615431691212408 -0.011568476960066397 0.523211345805298711 -0.011659229644700505 0.659613237699464006 -0.011935560042274460 0.776107478552820917 -0.012254031854520411 0.873052063108927578 -0.012579277566087548 0.935557112178223349 -0.012908870927239049 0.989806473665704845 -0.013173932445593043 1.036936420094669131 -0.013476633684836340 1.071671821801621682 -0.013729090898473581 1.089749365953488924 -0.013948657896654088 1.088910751556962708 -0.014158088017091472 1.080030679180252973 -0.014352223332923655 1.069790755458961407 -0.014463588951105203 1.020062451920126234 -0.014568654488527094 0.980877661108760734 -0.014732894447534717 0.923735313506310329 -0.014833307405534023 0.866527747056127229 -0.014923969563006666 0.774503390655075785 -0.014839340766773897 0.649402522797618675 -0.014409520546174946 0.497953575524795022 -0.013899206038964716 0.333882953762866419
14.125000000000000000 -0.012756238727630004 0.356087227968378717 -0.012245599034398176 0.527235911610180574 -0.012309002810323389 0.679894954959379683 -0.012544689581296216 0.809161250617761008 -0.012822053028307337 0.915895852484667095 -0.013133326384534976 0.993622905855520711 -0.013473213344089213 1.059776395970809748 -0.013719143961333773 1.121645531529319895 -0.014005385620400244 1.156978993161335012 -0.014237126837630568 1.184499700849160009 -0.014448576294433378 1.185406572769654554 -0.014650652142252566 1.187281749875929604 -0.014842885759856093 1.173116830548948331 -0.014950716605501912 1.127744845125922435 -0.015072341221967633 1.094125208162091134 -0.015233459935665147 1.029438283800867326 -0.015359084237904807 0.963676856495421230 -0.015449316484353435 0.848963932765270046 -0.015372122773306530 0.704288465628606919 -0.014977767938244456 0.528038571533793077 -0.014287117947092231 0.340620283835112947
14.375000000000000000 -0.013303626114483149 0.354597096649370780 -0.012760892757616563 0.532693552509098667 -0.012774895279438727 0.697410025382092957 -0.012982352812437379 0.841821290910272912 -0.013234270918137381 0.963409170754020217 -0.013522778713677084 1.047375247930305342 -0.013826483798883555 1.125825380996298364 -0.014059098506950540 1.185594200745913929 -0.014336170844975044 1.231609160153090077 -0.014568185258807917 1.259542637279044586 -0.014781232979373400 1.268953231015670147 -0.014969554762808838 1.265167648724142335 -0.015148650850060164 1.251691003547785508 -0.015260199914307113 1.208272051114933410 -0.015380979995728425 1.180616576798589445 -0.015553246857942037 1.113785180107543571 -0.015694391899194960 1.037169063539000957 -0.015806673855154087 0.913667680713288188 -0.015755184000415232 0.754938792290554050 -0.015378914838401880 0.557559492956837266 -0.014646488495336360 0.347442359059797756
14.625000000000000000 -0.013993127575606758 0.349692011699319683 -0.013413362694089315 0.531771497191528275 -0.013406259493986130 0.699400096871859556 -0.013588413857707472 0.858584497820588433 -0.013806081398355877 0.987454877357172189 -0.014063696714966946 1.082220518180433189 -0.014340386955052607 1.169391246876079871 -0.014551831919522949 1.241026508445627563 -0.014815716634669671 1.295498115198577160 -0.015039411008308492 1.330887527303890483 -0.015227717182976627 1.343073265071507372 -0.015430232803416939 1.338733120336285554 -0.015608162042900929 1.328962558970270047 -0.015726637376451070 1.282619249420915430 -0.015852152783277021 1.254428952319104562 -0.016036419438663053 1.186460111063005751 -0.016209893292167682 1.105997263708699663 -0.016343347773692847 0.969240803476072221 -0.016310351266443167 0.797426538281478248 -0.015958133815192760 0.580703902671043437 -0.015070517631532273 0.354428599608106354
14.875000000000000000 -0.014663218521325358 0.345630367484409229 -0.014014418466135077 0.532396661635154755 -0.013969993581705606 0.705235740892981022 -0.014113564103620602 0.863389013539858530 -0.014303640614392699 1.001268983489864262 -0.014529333940639419 1.107149147411048640 -0.014784152019314340 1.205515613400336195 -0.014974803471540583 1.279397619733841918 -0.015224707461978574 1.343272063309457032 -0.015439614067721407 1.385344260638862623 -0.015616598029705213 1.402638472221739319 -0.015816725007842553 1.402023465304015781 -0.015983792447656315 1.395375254256895570 -0.016113827543333747 1.357444210040138710 -0.016231862954309530 1.324827649534933371 -0.016434950450662317 1.251512978877341364 -0.016608926965993195 1.165184093811316490 -0.016772579363737813 1.014467302479409527 -0.016761877302030454 0.835129533906993293 -0.016426217849346430 0.604798522365241675 -0.015341704652401979 0.354235174765709038
15.125000000000000000 -0.014236866220439308 0.352351579382591706 -0.013581920119537025 0.558452351765362009 -0.013575495415338234 0.738296940370822385 -0.013724353875880288 0.890814355384779377 -0.013897426789441478 1.021248388108831895 -0.014077860198177083 1.112580873778532320 -0.014316361466295707 1.191319644415421708 -0.014501314046642582 1.272212569442000341 -0.014704338338236922 1.320819273667495963 -0.014897330426583758 1.356476818799404738 -0.015020006054846701 1.370137935095131043 -0.015163652963959490 1.386483646928917235 -0.015288226455298112 1.367537317259666541 -0.015385953456828565 1.334807849813943736 -0.015500045185335220 1.303346663271851114 -0.015695751820957490 1.235935487292558754 -0.015859735869053378 1.150268801670327967 -0.016045126080620756 1.009868597152124403 -0.015997150399833841 0.825675944076849966 -0.015556412459380371 0.598813996246123081 -0.014562436085044284 0.336364502039533886
15.375000000000000000 -0.014779102369983843 0.342405797615363827 -0.014103343886058887 0.562954596030605714 -0.014061563488428047 0.757092799492684820 -0.014183618988910452 0.933653459906209293 -0.014355231800475548 1.080610391396289893 -0.014538785812108266 1.185148009007942260 -0.014773470987753062 1.277192094052826743 -0.014964154029443866 1.361267372037145762 -0.015173580829803695 1.420909696343077844 -0.015364374024275630 1.457620932680442571 -0.015506220809626291 1.483715709124783899 -0.015653099058501267 1.493924709777007198 -0.015791329170317531 1.477453141271489967 -0.015898251105125796 1.442850811262350819 -0.016031713093549536 1.416108507246179649 -0.016265216916249044 1.345285622796044800 -0.016468244965080689 1.240385971886550420 -0.016676359478746249 1.085204462130354486 -0.016663146920492547 0.884441573846429074 -0.016256413410273632 0.626898942339176868 -0.015094707441556455 0.352291358207085958
15.625000000000000000 -0.015388841821090987 0.329192672451326440 -0.014683318830467267 0.551707977764116286 -0.014656992593016119 0.746282023076780709 -0.014772506909386106 0.935888084257892938 -0.014917327329434342 1.095618472856819237 -0.015084062393697643 1.218412249230957700 -0.015292482724652423 1.317139629602646078 -0.015464744611348427 1.416964191070646084 -0.015672234630084474 1.488392555612569890 -0.015869523995567458 1.536945035919841773 -0.015997504839536991 1.563115931542473636 -0.016163248861822136 1.579181364748263539 -0.016323915790112754 1.563446221379115375 -0.016464873693225725 1.524622843946219497 -0.016620557422388119 1.497021550922346789 -0.016843095070323853 1.422231630613405740 -0.017106561290191603 1.319983451773643957 -0.017346976397501476 1.147225537221745917 -0.017409847182575624 0.931218038310781648 -0.017041557268925926 0.647117282439623631 -0.015458459982043113 0.352303720291677891
15.875000000000000000 -0.016104228768811787 0.322862548361211477 -0.015339147262279643 0.542888463639297103 -0.015275893441631236 0.742066752249598283 -0.015360868094298969 0.932399055659779763 -0.015478878790899387 1.105677979675770972 -0.015629939898275796 1.244850647862289827 -0.015826550776195370 1.361214559566215065 -0.015982963555352149 1.468486101769919117 -0.016181327006103433 1.553803664584867406 -0.016385542386440417 1.605017857293865369 -0.016523644564448558 1.643727186806458906 -0.016702959813905158 1.660785179741858686 -0.016866899731342571 1.652146822204528354 -0.017051108856357355 1.625529282242372364 -0.017219941356666560 1.591814942219248685 -0.017447505014381696 1.511662129203345195 -0.017734408389736070 1.398318372997278791 -0.018018878907802904 1.207541375299363118 -0.018146348471854663 0.982122871498718464 -0.017877596990991135 0.679595725662556993 -0.016091500869366056 0.359260106436717908
16.125000000000000000 -0.016769653206183704 0.312801574903086521 -0.015936525528117831 0.530167893439863036 -0.015804765594208642 0.731770982570245199 -0.015814630223751940 0.924364623793911933 -0.015906694880352925 1.102883367466241049 -0.016021799568776047 1.253549955152668982 -0.016187308424274325 1.379978625484193699 -0.016335717684952195 1.504259392887986602 -0.016533036605714840 1.603593945573945634 -0.016747954922498597 1.664603177960900293 -0.016910880816233983 1.722503751428545060 -0.017110869621601524 1.743797633404086556 -0.017294821747819340 1.739958855223952217 -0.017513277583305124 1.719153307283718179 -0.017701333487862899 1.684297089855948393 -0.017949786117950929 1.583347117702426976 -0.018251171224517630 1.455366337176053015 -0.018557118399550470 1.255702302362173617 -0.018709555342038865 1.017828115795188504 -0.018522878039404944 0.701205725730388418 -0.016555066262653927 0.372717019038461994
16.375000000000000000 -0.017429330089730397 0.309252934582103567 -0.016517205891056388 0.528325823596225819 -0.016325559367408583 0.731507195494711437 -0.016306569446974180 0.929553527850330186 -0.016355299982120063 1.107890696176164314 -0.016446844845277836 1.263382082482030988 -0.016592897941661956 1.398106416299408572 -0.016739755424344381 1.528776424879731088 -0.016931303963802196 1.644805591210547924 -0.017142542980506111 1.707078099537730376 -0.017312721951131767 1.772130781276417100 -0.017529910183584657 1.817710998368652797 -0.017735595763028862 1.813070616059214268 -0.017966727053956782 1.793215199981218477 -0.018181361720460594 1.750654020331863459 -0.018444742620518772 1.651799690021595213 -0.018749825189670860 1.517864145117403529 -0.019052271109329132 1.304593951087640979 -0.019246616713941567 1.056870918556350736 -0.019162483688244594 0.719603509486494097 -0.016935046609518806 0.373189290884615388
16.625000000000000000 -0.017850328656192460 0.307964948686071882 -0.016868110057708243 0.529462761203896903 -0.016628116478459829 0.736289757747720097 -0.016558201936804226 0.936408168602749891 -0.016574489125792190 1.123361248792936751 -0.016644554786124980 1.276200376914141899 -0.016766093412058234 1.423021750290299758 -0.016895888093851487 1.560859680707177066 -0.017082787148419726 1.691729669850278395 -0.017295211113307191 1.761333155530410366 -0.017480012913774164 1.825368083595205970 -0.017715597459958255 1.878265227510574231 -0.017954484296378265 1.885642886465534129 -0.018209456964753123 1.866910914537698973 -0.018443379380321825 1.822740058191974155 -0.018740830407287391 1.719723071714903684 -0.019086958456814872 1.578527543669816069 -0.019411617016929932 1.351119530140742375 -0.019681040970119648 1.086928540164869839 -0.019662023063356165 0.743862972079363471 -0.017078986507872238 0.370544199874267011
16.875000000000000000 -0.018391049741968601 0.308504767709075978 -0.017329892200714365 0.523370497173928695 -0.017008747188598777 0.728440335136465555 -0.016877655940997816 0.924775237697045727 -0.016838370361353164 1.115002843782357145 -0.016876637687239765 1.271075993448038677 -0.016959642789249867 1.417596557421184844 -0.017080360031299199 1.556201319598101040 -0.017247700636891353 1.692439154250809485 -0.017442436613522867 1.767258229596724961 -0.017625711485188669 1.841956450929373101 -0.017863317507342685 1.896532141919343717 -0.018096409552526577 1.912381204764513676 -0.018361314321515526 1.885277137749975740 -0.018609482232292571 1.845243649089286953 -0.018900934042775829 1.745516084762868125 -0.019274087343217654 1.612804859797738466 -0.019607173015155879 1.371548051804034385 -0.019883684889255644 1.107117824691083108 -0.019902386374605018 0.751770251896129449 -0.017106723502525113 0.380796590973828064
17.125000000000000000 -0.018822164310993691 0.312663557813024906 -0.017657436910045392 0.529902529481049545 -0.017249898333212828 0.731287025763449727 -0.017054429077674928 0.926234909681068030 -0.016968128108312348 1.108315269532912595 -0.016960839871271619 1.261406757063065154 -0.016999917930467755 1.404583328745425685 -0.017089508950447044 1.561094182943314701 -0.017232225199455629 1.697011736401572435 -0.017405137348112429 1.778330820518341238 -0.017582831692496793 1.853464053281801860 -0.017804203033879570 1.904004918813114955 -0.018038510403413179 1.918815377353357166 -0.018307442636214144 1.894627572368767776 -0.018553574771158068 1.860880650417381155 -0.018835808246478212 1.751920345982718619 -0.019205891158895368 1.623261328404642878 -0.019523686674172577 1.382780020146095357 -0.019792462075187651 1.116719352428064083 -0.019812297568241780 0.762739865774245573 -0.016796557627700263 0.381351864222115755
17.375000000000000000 -0.019189088904680365 0.321256907928556490 -0.017952000997343297 0.532112821105920841 -0.017468101296977751 0.728730854916272652 -0.017223740191824568 0.919994417957344157 -0.017099433621693635 1.099199559878162313 -0.017051926847251687 1.247564464046727162 -0.017046800382279934 1.391079787923011457 -0.017102288662021757 1.549443530823841231 -0.017212212183639861 1.687478247863937630 -0.017363117618481822 1.765767527478346866 -0.017523011306747143 1.845340264214201165 -0.017736667626125208 1.889819318582941055 -0.017956654931193333 1.905546828602310505 -0.018230954337630435 1.881213585915814557 -0.018469114280688280 1.842059437832707980 -0.018755412112763058 1.735513490393069125 -0.019086026769035709 1.608858153983666828 -0.019402213088162618 1.387158094992776869 -0.019689484100835413 1.124787846831805105 -0.019720737974200701 0.771942712344930504 -0.016610559265989831 0.379240999127535505
17.625000000000000000 -0.019506501122385653 0.321800968110669716 -0.018140781902051407 0.532359151168802058 -0.017614110682779054 0.722786846407279748 -0.017316174471015962 0.903587712813493149 -0.017129149167513964 1.069972445863993871 -0.017013850138254728 1.222181492269240222 -0.016953553897187092 1.366792046219427625 -0.016958553998623130 1.536075216905943730 -0.017021698438814792 1.676446687704061578 -0.017144333279498183 1.758682683733098440 -0.017281380143234153 1.840846818352069647 -0.017489844740774044 1.888992268285712761 -0.017707479158697241 1.904546793329424448 -0.017975882122545958 1.881715622504308127 -0.018212483441458996 1.842904137397415987 -0.018490724284607733 1.731117409199662172 -0.018825866988194224 1.610512046074624060 -0.019115824004833720 1.390865773573750630 -0.019390506129498115 1.134134263539504195 -0.019428106128160056 0.781096161116514920 -0.016162880865761148 0.371534690108422383
17.875000000000000000 -0.019822254548420491 0.326237419850441190 -0.018332366287760901 0.542494063753341194 -0.017719879755857211 0.735412895833166602 -0.017343596671393686 0.903360738396684293 -0.017099822379135370 1.067586391060802109 -0.016919596923212078 1.215121912568606799 -0.016798855298860355 1.358011552977557157 -0.016752275735617106 1.525210915669926059 -0.016769887901637991 1.664165294669822437 -0.016845805370862759 1.755129379121720179 -0.016963974656412081 1.835622639297989522 -0.017152643994166033 1.890715221744953212 -0.017351633329841951 1.911320826543689178 -0.017606493743550541 1.895976321524834196 -0.017821357530678684 1.863089259302356471 -0.018099903753060868 1.750868068357068985 -0.018400984579288727 1.632932620963639891 -0.018651463527939741 1.421265498664317839 -0.018920112730352441 1.158206488845361815 -0.018946451507534511 0.803905560263069030 -0.015592709995903785 0.362075463976908318
18.125000000000000000 -0.020059675754575609 0.329315901480225548 -0.018475295077709956 0.555436451647892793 -0.017779292179354780 0.745959488474513432 -0.017307209617643187 0.916899387833305823 -0.016999482993423094 1.076652510242302796 -0.016757753820289992 1.223988462667889854 -0.016574800358503092 1.360958073170447591 -0.016478201474032800 1.529125501401244369 -0.016449523810446159 1.663191744192727750 -0.016476868791835807 1.755067098671871717 -0.016544312023543072 1.835751610814659651 -0.016694434271918825 1.896162273338525717 -0.016862523575752728 1.917710450525976551 -0.017082282619043120 1.905922972832023943 -0.017277974617686379 1.876384752317865612 -0.017527200603575235 1.772157071550914287 -0.017790366873855667 1.651705285494165398 -0.018005985165714909 1.448135428356690069 -0.018223874141711505 1.188831304285728141 -0.018183624801859782 0.822345951901803041 -0.014768750970844308 0.363519763237203530
18.375000000000000000 -0.020399170765664731 0.335141362301989931 -0.018682400918587524 0.567342627813466893 -0.017887481629751460 0.756403963288508896 -0.017318850592594335 0.927123499317255018 -0.016927269750363582 1.086207194044545243 -0.016614845857633058 1.239708790438835528 -0.016368768058454407 1.378194190816311782 -0.016213213560363256 1.536853852881383320 -0.016114628221215659 1.664312781743206404 -0.016085696887588943 1.753158642252673705 -0.016101892416854526 1.830272015597717239 -0.016201338259732016 1.893988114719755478 -0.016328177610196198 1.921886473882106650 -0.016505173277568286 1.911275238424357648 -0.016673380600195912 1.888822577083387078 -0.016897795695123851 1.801396126564704714 -0.017133599927322406 1.688614438336412782 -0.017306845711447760 1.480681042788525970 -0.017482523185000768 1.222496802525986359 -0.017397225130340966 0.851602888772372002 -0.013953145998626374 0.363879544532573818
18.625000000000000000 -0.020766392427391464 0.340610274512389677 -0.018933908623673723 0.580307627564035866 -0.018052106559277317 0.777314949882296991 -0.017391708601453365 0.944589528321546079 -0.016925647010053745 1.108439412873562180 -0.016533659523521611 1.262609113552739082 -0.016213869019289343 1.396619210129778965 -0.015983464898072394 1.555178678266848635 -0.015817410000377171 1.674701995725280002 -0.015708368590059328 1.768619534494084045 -0.015659597927293770 1.841967449623833630 -0.015697897055024120 1.899920092813285777 -0.015761267468292997 1.925627404602564097 -0.015899264867847006 1.931920922923288320 -0.016002799224677382 1.906263647114068149 -0.016179679249129119 1.829583096055676261 -0.016371552741182439 1.716049235696692099 -0.016508354260317142 1.516334604055547874 -0.016620138867121371 1.257902855281979093 -0.016469648183155158 0.876487178540638734 -0.013025288472023215 0.371380929404219129
18.875000000000000000 -0.021182680699139030 0.347530473889443137 -0.019236090531812994 0.595040036670051342 -0.018262558401154306 0.798732608415617329 -0.017519016558716356 0.971148098012461936 -0.016982557700073363 1.131873529641489018 -0.016515160869405496 1.285624981285950152 -0.016117784047266277 1.415946400382985582 -0.015798505648918749 1.566200860418492491 -0.015546819059371223 1.675493523637139548 -0.015357575456409402 1.775309160637493555 -0.015218772434350832 1.847054074777753963 -0.015180631289403603 1.901605373950689959 -0.015150315295840638 1.929024515903996040 -0.015216847259141332 1.936225545255894520 -0.015251926719571674 1.918544651890944586 -0.015358034271629507 1.848119095107720877 -0.015469761096427621 1.743315929964377453 -0.015531028184313492 1.558860813112505239 -0.015552510545339970 1.303145597077948192 -0.015326238159712610 0.910385758842482962 -0.011851329252990754 0.381500275833321689
19.125000000000000000 -0.021493247291960688 0.355491861345713533 -0.019457521827625220 0.626355713741523101 -0.018425452696877394 0.837166274508005293 -0.017613700403228610 1.020077442022393255 -0.017009156418041946 1.175961430540707120 -0.016473422813276808 1.331586351140491065 -0.015996348510341016 1.460868440129151180 -0.015589327518685980 1.605231827215527929 -0.015244914325415256 1.702873607452801918 -0.014972690369835335 1.807258612891234018 -0.014758436199312563 1.879720073907238387 -0.014633292042583634 1.937382343074357083 -0.014522847995261179 1.964254163504453476 -0.014519811486586799 1.986914086340255903 -0.014475765717324542 1.971403483863482853 -0.014526827993655367 1.900672398646622741 -0.014550704337947478 1.795191980987891345 -0.014522563417482965 1.617551875644570369 -0.014461298489351369 1.358430398961500085 -0.014154541617664875 0.957711266152047380 -0.010600530972787871 0.386397114437905143
19.375000000000000000 -0.021623209104369486 0.360500393747333059 -0.019518670975005998 0.647854954808977146 -0.018442981447202730 0.871614559308154568 -0.017573463710807345 1.058860250886801913 -0.016915514538983004 1.216812355001909207 -0.016321096865369450 1.373306857327249775 -0.015780892901397031 1.498188338945211528 -0.015296588929229757 1.630156704248536537 -0.014873301782929173 1.727554585598578551 -0.014515672237488501 1.832858867622998877 -0.014224567524423882 1.909992176351138049 -0.014011171470270150 1.979749705287669359 -0.013823529674149902 2.016639087870577551 -0.013740659988468079 2.043438661627148711 -0.013641329504543883 2.028438647600673939 -0.013631181372317291 1.959330756966763287 -0.013583684677162342 1.853959131886791178 -0.013490205249500911 1.675476844691246914 -0.013352244340421465 1.414357699449475092 -0.012979836550150132 0.999368931844923813 -0.009348589527736238 0.391014522239372275
19.625000000000000000 -0.021858881233575354 0.358427099707162578 -0.019689931322913454 0.671881591738927142 -0.018566968685834233 0.907557332944511352 -0.017645793329586375 1.096273332598367123 -0.016930409468630014 1.252867297538585500 -0.016272458459206138 1.406987995475101894 -0.015657154435213493 1.521833717819850884 -0.015089593415025982 1.638242966037356751 -0.014573291125333503 1.731679629727134184 -0.014113034793769845 1.843319308679814528 -0.013713107654077947 1.920579149266656405 -0.013400599722751110 1.995902648398952151 -0.013114369001903338 2.038132138810116789 -0.012938386821981604 2.081537051698531204 -0.012754097396409333 2.073864757541992621 -0.012660906971656763 2.007560059917868678 -0.012559880178409064 1.906027882212494307 -0.012379084567751959 1.719652368371477724 -0.012138501012594016 1.465336776273694186 -0.011683295699108117 1.040342587038158184 -0.008027952553731189 0.395301352365445613
19.875000000000000000 -0.022076851987453096 0.363088848786739082 -0.019897987935533386 0.697502711946748066 -0.018739703520956521 0.948652030341570973 -0.017777783316059215 1.142331793425368058 -0.017016436340482506 1.300692473266126026 -0.016320732932021371 1.444213704377162344 -0.015645157045787447 1.544772178716356414 -0.015005865171164780 1.642866092034922731 -0.014405539782460355 1.722133701724407606 -0.013845608979611646 1.830510022625685851 -0.013342246452802582 1.910056548493040962 -0.012910751102112532 1.995290840580310698 -0.012514355786541923 2.036907619525647473 -0.012225697571341414 2.094300322689772731 -0.011951339105063932 2.086438774488343029 -0.011758445883142307 2.036221750953100873 -0.011555711275990132 1.933786122076553093 -0.011300649233508209 1.755396337496369696 -0.010966108515775300 1.501209127814848499 -0.010451335198531499 1.074380771454610306 -0.006748287697247757 0.401037111899044230
20.125000000000000000 -0.022369456114734516 0.364827917643651467 -0.020159146204594244 0.721739452370035117 -0.018962580859648085 0.985868590593252159 -0.017965450257458999 1.187026711139974600 -0.017151252722668146 1.339813734921323940 -0.016405268326413945 1.477307960444432355 -0.015669537400757303 1.568822275364473828 -0.014962047188518323 1.649694042581734132 -0.014273346189731391 1.723964412109829425 -0.013623181126245817 1.816438727210536008 -0.013020078208770611 1.894064945360167007 -0.012471643185470728 1.984787913652880542 -0.011967477686614048 2.023314157366635335 -0.011567636148334365 2.091598957976747553 -0.011203763615927766 2.092482655579550599 -0.010904306268306709 2.047588790465073583 -0.010601823694616701 1.951876863605648715 -0.010260779209177088 1.771517219841243884 -0.009837690899642152 1.527793641171582451 -0.009269990867698030 1.091847551676214723 -0.005627488021180685 0.404056720857608187
20.375000000000000000 -0.022500206189421529 0.365825111722919927 -0.020281450037036405 0.742837133931588345 -0.019076906561652441 1.020793063059297623 -0.018078343239211918 1.226742938868436994 -0.017228320954533322 1.374823062019832509 -0.016444456317240060 1.498759466815174912 -0.015658190524859252 1.581862668611718759 -0.014889260658888064 1.646958509646386348 -0.014121177734316120 1.708999662734336233 -0.013381654708016579 1.789793284395549078 -0.012690021561296252 1.863325729245652429 -0.012039972385425587 1.957106958070354619 -0.011434493627702309 1.993740670673872506 -0.010925651920081983 2.062270484201063514 -0.010466342611946291 2.076858592420084193 -0.010063486032931094 2.045590219447919633 -0.009691916622976875 1.963773941156915726 -0.009277982132578346 1.799518071713687606 -0.008807458690351896 1.545522975153432732 -0.008196434948704067 1.116908309742972616 -0.004636483533983552 0.405506095913570896
20.625000000000000000 -0.022721960093065156 0.357140134052165603 -0.020513872837806719 0.758813141515237821 -0.019309326351825126 1.052065330320960834 -0.018312729034425098 1.259905537963726063 -0.017440264729211140 1.401568246592066247 -0.016626920541600081 1.502364488456604530 -0.015790385695050868 1.573096320800665637 -0.014954150946786272 1.620234322597393195 -0.014119132978639200 1.681942948339550936 -0.013297355471039995 1.755078621219694490 -0.012516636777017524 1.821110612395947070 -0.011765254718477077 1.915347169250407600 -0.011070237184812284 1.952566932991748105 -0.010450979190183724 2.029232398831038786 -0.009887264736642400 2.054034490162965909 -0.009392459126110272 2.040626570991860955 -0.008936185997269858 1.957583672842903688 -0.008461231120651318 1.812365524581744269 -0.007929590493066376 1.555840782586860094 -0.007277927438456927 1.122652834943328681 -0.003851415725661047 0.396417788143874350
20.875000000000000000 -0.022818292247130421 0.356567876950400042 -0.020623879805863228 0.782700253078471353 -0.019424557890642503 1.088555972275903949 -0.018433516235729159 1.300231536967181967 -0.017556044413047651 1.428090142176746236 -0.016717765625773658 1.515688689447040716 -0.015845758062074417 1.580859858275026841 -0.014963876026007981 1.610880676225653341 -0.014069020617073411 1.661688579719564185 -0.013193718480601389 1.725235087111270049 -0.012333293658538125 1.790215974080112904 -0.011484253801175636 1.871893537318591871 -0.010695041039224265 1.916997704723689022 -0.009971868615460691 1.995931332200201247 -0.009327396499474278 2.037203300296519970 -0.008745113243384884 2.028308412001167405 -0.008209468028608611 1.959345318438727723 -0.007671920594084296 1.822316288567281006 -0.007095895213216304 1.570240280648765197 -0.006388091687284022 1.136417859781587048 -0.002927027257079093 0.389700078817319662
21.125000000000000000 -0.022893108696052919 0.336155632401959892 -0.020715324519793073 0.787121327835083484 -0.019503564408845545 1.108383572112715321 -0.018520514809208799 1.313895522609124678 -0.017601643063433949 1.443511644415325534 -0.016744590406597197 1.521153326693127417 -0.015831213829883051 1.568809770050051844 -0.014899843196785239 1.579247062075227026 -0.013942584545360161 1.628619457590126496 -0.012969383110470061 1.678874430979754973 -0.012009874243706815 1.732738905603154800 -0.011064606948338083 1.834481973107956243 -0.010197270460729813 1.866766382949810898 -0.009363569696421622 1.958410013559504614 -0.008625851337824168 2.010820284509235556 -0.007966368497760581 2.027459333258176066 -0.007380089254069622 1.953065353167944274 -0.006801874158252934 1.820627592798506278 -0.006176222606076116 1.569636043384423640 -0.005459807834926075 1.139496869046450866 -0.002255048094891391 0.367599481648929416
21.375000000000000000 -0.023016643169877442 0.340698457568434920 -0.020864444002053249 0.809286155194336554 -0.019677208845275976 1.136509395964585334 -0.018694187977092071 1.341201837122342644 -0.017779263766209145 1.452140132550819418 -0.016900506412832750 1.510978393235399286 -0.015975122712259066 1.555557147962320252 -0.015023247418878427 1.547620908588898336 -0.014035904155813394 1.586906126638473191 -0.013038137332628895 1.609140864394694725 -0.012036061814850412 1.660028283704657825 -0.011000694640462114 1.736663726630367277 -0.010046681152118035 1.776739342314039849 -0.009102390412393347 1.865299148237889559 -0.008263652622613067 1.929801593611179644 -0.007511260558796524 1.969284009322115558 -0.006827199594664830 1.910479626545446674 -0.006230544210306451 1.801223420233351469 -0.005593232417631796 1.546576524339482672 -0.004863091621911943 1.118384950229777797 -0.001648961458542059 0.359880701908606382
21.625000000000000000 -0.023053785170744929 0.343972075346513917 -0.020963155705954303 0.828505581463154450 -0.019806627918454996 1.152832066945594480 -0.018842725213343302 1.351377092209174346 -0.017957651623048045 1.457942774196044011 -0.017089300811750249 1.505088383682041009 -0.016163681725224338 1.547726809147592197 -0.015206009074340917 1.525827013096267004 -0.014200711658501718 1.569309711619635950 -0.013198874198566966 1.590153498775463525 -0.012174294913819170 1.622327393845723664 -0.011107439706916123 1.683570862234373910 -0.010121655752784417 1.735130250869673763 -0.009141823416984081 1.801136441541595801 -0.008236805766861558 1.888943969797059808 -0.007447121830802970 1.922677199225187650 -0.006721932274282734 1.879311937114888087 -0.006105295819868150 1.765209629909427536 -0.005447346928286259 1.506253822260265496 -0.004684022730674305 1.086971950399471476 -0.001700256270382744 0.355539091992325029
21.875000000000000000 -0.022705898064709736 0.345565546168391524 -0.020672684288259788 0.846105813268490214 -0.019568985422213712 1.182851718384447581 -0.018657528185850862 1.378901632995482629 -0.017817702548145561 1.478396987964486264 -0.016994976335213369 1.524308783340633688 -0.016092164395777930 1.557173801372784050 -0.015141390723601286 1.537307158373371729 -0.014133935461225971 1.562249484582665549 -0.013110980398288716 1.589644265529021272 -0.012073800634330221 1.630081471793524805 -0.011012363898353186 1.670024875929772668 -0.009994856757400361 1.714688883053332003 -0.008984822297953620 1.779976373374830612 -0.008037766613448651 1.852367034025879100 -0.007220107417272747 1.894253159492041538 -0.006464587288110646 1.849575001746458502 -0.005845742477476942 1.745338206729901254 -0.005195691088129108 1.478029676010379934 -0.004377024826682991 1.081538436170085937 -0.001575984842173227 0.359580447606621112
22.125000000000000000 -0.022604567297577795 0.359383940736058172 -0.020669320613970216 0.875282711493159615 -0.019639495761421905 1.227580340870646269 -0.018784196207217319 1.412059418936396860 -0.017981905401313666 1.502821437818931738 -0.017204645549182294 1.538684887594110595 -0.016356880241445507 1.554929225458111963 -0.015428376993530004 1.538033001991706561 -0.014429017167948846 1.549480749569435822 -0.013426778559731414 1.574820041305797558 -0.012372544611117380 1.608510214246709147 -0.011290513778533417 1.633695636364873360 -0.010259037684226209 1.682478411493854242 -0.009230105336999852 1.764345391345278014 -0.008267151267502947 1.835410424851747324 -0.007447395641957380 1.858868690951204661 -0.006686655811061021 1.823284423389692988 -0.006054100804174279 1.700678902366334455 -0.005393644645856071 1.442804497790208362 -0.004547321664574548 1.039349884436823857 -0.001729665903976441 0.361860481819236635
22.375000000000000000 -0.022617080678383958 0.377983233954401254 -0.020738151093304909 0.914815931144025596 -0.019760554529180029 1.275801903867330944 -0.018938296223075253 1.465709490508360968 -0.018179192002042162 1.561296209121557421 -0.017444117962425534 1.605155171102231160 -0.016647563946952458 1.622309189614183911 -0.015770694578245040 1.608240160192137669 -0.014782291457289549 1.592047245478239059 -0.013783688531820316 1.602033214408340012 -0.012712530848977536 1.641102145590771055 -0.011612313284280815 1.657461254865313593 -0.010542002595374916 1.707591533055919708 -0.009489672820202391 1.789392933231095828 -0.008512387905809625 1.857810169817387003 -0.007669535587950402 1.851558889506118577 -0.006879635226236096 1.819744742514810776 -0.006191314722860319 1.684511986557192031 -0.005447958571161433 1.424207483237258653 -0.004460991920622105 1.043781443835269718 -0.001424044816910148 0.369253246171149241
22.625000000000000000 -0.022433683521518092 0.371845118974797439 -0.020608515706081097 0.917216840072659134 -0.019690683860156374 1.301176267767758077 -0.018928905976274533 1.497474061342427110 -0.018204804866288227 1.610481154434035389 -0.017529193313048599 1.661107376849195738 -0.016795506365257045 1.669572601949200097 -0.015953594889872753 1.654329890241747147 -0.014983963039069308 1.616455393327354662 -0.013992135268272534 1.623731060726633535 -0.012926502136912656 1.636054169183901008 -0.011834863849464486 1.659596973913008089 -0.010741423863910903 1.701622307062639505 -0.009680314238274890 1.770600581240563187 -0.008684515122867654 1.826526521217995080 -0.007818279296756872 1.813127078819855020 -0.007031151450503583 1.781822454060985050 -0.006272984550960227 1.638510270716416750 -0.005488135851144793 1.376212970459020024 -0.004331889604356106 1.018380482218795624 -0.001346374316377867 0.367863784275658801
22.875000000000000000 -0.022326976292041528 0.366491233435125185 -0.020521950428154377 0.928538348845025840 -0.019644523341082964 1.324486155971353218 -0.018928563536282431 1.529304470432911511 -0.018217091488547700 1.641793458495595992 -0.017566228611302678 1.697410201735807922 -0.016880198166958356 1.711189755706222559 -0.016086446456317387 1.701314220767443208 -0.015165625491076388 1.648516022605565512 -0.014190480209635571 1.629833275246364011 -0.013139112540973833 1.637408569405168990 -0.012056355846163829 1.630923480030142203 -0.010939387609255042 1.647940500739850656 -0.009826664040114631 1.716813771252251541 -0.008754760737532327 1.759731524476873865 -0.007825034425229993 1.761435979863259949 -0.006997795171448332 1.729777343256555966 -0.006149754005237902 1.586102672637935029 -0.005246926467724363 1.352104139639207947 -0.003982061412945896 0.996944697336702768 -0.000965188326273866 0.366193406619713946
23.125000000000000000 -0.022333222083490593 0.359798094031535176 -0.020532331795433987 0.931731864298207313 -0.019694508105755987 1.334363452351687185 -0.018999806685864151 1.546355728281320507 -0.018325584777246134 1.664372624087235186 -0.017685336773415120 1.716734391469273868 -0.017035149148869090 1.733969312549883179 -0.016282642452421305 1.710770842369063738 -0.015417982660022150 1.648493816084088293 -0.014479173837308420 1.592284985232836458 -0.013436429504737097 1.577058896485070694 -0.012324860347027216 1.554925028973539014 -0.011182910995227887 1.557145976045607672 -0.010016205962963208 1.606531855550364485 -0.008895640948516033 1.632200608160237376 -0.007850258810358604 1.649518700185332198 -0.006961963090903469 1.615286696475944472 -0.006007493514088012 1.503906642050427456 -0.004978561051751193 1.287864401107365886 -0.003627763694289992 0.955542047101126890 -0.000672755906461132 0.360423197633062020
23.375000000000000000 -0.022295864680119872 0.345833852106052275 -0.020465425558335245 0.922401694276923423 -0.019639268466296957 1.338493682500618842 -0.018976837881673755 1.572464626884087835 -0.018331900733647339 1.706348291335455292 -0.017720518077956885 1.762902025329936562 -0.017087138034098864 1.784362430936167865 -0.016381194101084476 1.741343053120520290 -0.015576671472916904 1.671454835281095841 -0.014661692300966356 1.595412663737005410 -0.013660144278600612 1.554487268207314310 -0.012541890012305268 1.511771665340675419 -0.011368348108234495 1.492199505985585040 -0.010163858926505611 1.503883714168305685 -0.008989798839269219 1.525548736679631423 -0.007843042777209141 1.534378216197290312 -0.006841791086310168 1.492832528457519015 -0.005797317549430087 1.415042330587804376 -0.004670324159603188 1.229661985836320248 -0.003255947367173270 0.927499982233333631 -0.000315993009141448 0.344534155447065782
23.625000000000000000 -0.021912496354791602 0.327147184399627755 -0.020084344538404825 0.901388035050984193 -0.019288384275417382 1.340970666635242781 -0.018673879858099842 1.585163980462535482 -0.018063670964656831 1.727287232613714973 -0.017489104648522751 1.789896123610573042 -0.016902430848231710 1.798555596489770814 -0.016230548333663334 1.747233084377441292 -0.015482936750927807 1.660489894330994032 -0.014616512051629395 1.574045712461748403 -0.013658088286467423 1.507752653011662725 -0.012562467878148692 1.440528510675884277 -0.011390592865652509 1.390282379740078289 -0.010167789465514936 1.371965864489781861 -0.008951876162419735 1.380328132085082871 -0.007711997797682905 1.392644403563292110 -0.006643502382344655 1.370232206909860251 -0.005521750364285865 1.302885959146500738 -0.004313775176259130 1.165440349498489736 -0.002904179168497841 0.877086544459424466 0.000071577985718862 0.331195107204227901
23.875000000000000000 -0.021769533231594689 0.323186051492093951 -0.019870888942955408 0.906247620049553726 -0.019074073837378098 1.351853472953199908 -0.018460734958654999 1.622859229767461997 -0.017873114550389205 1.766372545012500073 -0.017318735309363689 1.837451307136385381 -0.016744945844763409 1.843051671737508279 -0.016125557461416456 1.801238826325464837 -0.015435864577775023 1.715501772854253204 -0.014610140311306065 1.592301161509834140 -0.013688290267600510 1.546652242487895901 -0.012624413129445317 1.441149969914829354 -0.011465569537062275 1.360269585011861349 -0.010188907276291266 1.319690364484068734 -0.008914030643537924 1.314814391666140780 -0.007607110485795849 1.317517227436366900 -0.006425691986766909 1.305136010668505042 -0.005229774478247216 1.264668638196591921 -0.003972606990514022 1.147211556146566114 -0.002580742205041408 0.860916780005861026 0.000563899114677523 0.332673989753609400
