# Index(['mlt', 'mlat_eb', 'ef_eb', 'mlat_05', 'ef_05', 'mlat_10', 'ef_10',
#        'mlat_15', 'ef_15', 'mlat_20', 'ef_20', 'mlat_25', 'ef_25', 'mlat_30',
#        'ef_30', 'mlat_35', 'ef_35', 'mlat_40', 'ef_40', 'mlat_45', 'ef_45',
#        'mlat_50', 'ef_50', 'mlat_55', 'ef_55', 'mlat_60', 'ef_60', 'mlat_65',
#        'ef_65', 'mlat_70', 'ef_70', 'mlat_75', 'ef_75', 'mlat_80', 'ef_80',
#        'mlat_85', 'ef_85', 'mlat_90', 'ef_90', 'mlat_95', 'ef_95', 'mlat_pb',
#        'ef_pb'],
#       dtype='object')
0.125000000000000000 0.000015104972554352 -0.000152525073741323 0.000013114622955368 0.000280851985312264 0.000011093432296848 0.000546514541673481 0.000009294522094049 0.001129777906317093 0.000007811969837435 0.000963073320013743 0.000006459610208778 0.000977411094627371 0.000005415423726587 0.000439302680529332 0.000004419439441885 -0.000031072525733009 0.000003656036311268 -0.000440777343521570 0.000003246106366953 -0.000632564744733219 0.000003093282184684 -0.000795585863837969 0.000003238739131790 -0.000959903888323962 0.000003266980061423 -0.001087178786260032 0.000002989312389808 -0.000837443207684706 0.000002565510168810 -0.000529297060363305 0.000001801561409961 -0.000334362943566522 0.000000788723302270 0.000185304647706251 -0.000000572479390024 0.000393840308035223 -0.000001975076125402 0.000709891495244531 -0.000003777221006497 0.000784406966005806 -0.000006788969585322 -0.000154235023057731
0.375000000000000000 0.000015665305940599 -0.000092070103268099 0.000013541889545287 0.000371146519934920 0.000011265066766509 0.000817062316177732 0.000009355514610501 0.001317212477627644 0.000007754983388050 0.001136215492405676 0.000006334969490969 0.001044076049213855 0.000005187843264510 0.000482344969460722 0.000003994354307386 0.000054571030445282 0.000003282590186753 -0.000445740223819168 0.000002856645064377 -0.000797337457528065 0.000002751441627108 -0.000958187464566743 0.000002955586022784 -0.001150330423674560 0.000002894132734444 -0.001367464780142394 0.000002803112077846 -0.000976387196948920 0.000002692041325130 -0.000704904272609913 0.000002168251142450 -0.000568935201424778 0.000001206395143713 -0.000196730384527617 0.000000500962024459 0.000016257681519319 -0.000000290868169553 0.000398598632486996 -0.000001494271801956 0.000668847688046479 -0.000003903567557550 -0.000179648650165686
0.625000000000000000 0.000015342672588294 -0.000031458059827911 0.000012942234926507 0.000453874608338692 0.000010634188832906 0.000877580550695790 0.000008686040518486 0.001293940090791718 0.000007027698499112 0.001135498781115543 0.000005744533976654 0.001067996838933688 0.000004538991203676 0.000524809516120451 0.000003300833004099 0.000183258860993555 0.000002545349597846 -0.000255169949806232 0.000002065320736730 -0.000587217767733755 0.000001861911131953 -0.000694137596663719 0.000001762779966678 -0.000749810173109039 0.000001349983976776 -0.000917819988757849 0.000001086009284422 -0.000506873928509601 0.000001037973248402 -0.000298587233204073 0.000000626745782571 -0.000317330380751068 -0.000000115390451160 -0.000150875135246599 -0.000000493538510668 -0.000028799399346735 -0.000000710901999975 0.000134144480059338 -0.000001287487489002 0.000545575712750943 -0.000002993215150526 -0.000201700927250314
0.875000000000000000 0.000016867401821941 -0.000042968248333778 0.000014119318887658 0.000392991324944489 0.000011696103744386 0.000777841025034377 0.000009625557352001 0.001039025501560910 0.000007856355000075 0.000855717410984546 0.000006527673149909 0.000599792392942661 0.000005209553819888 0.000172574981978879 0.000004027027801532 -0.000078795197553153 0.000003203251100140 -0.000700642750652302 0.000002705235137642 -0.000999223223263375 0.000002412246143898 -0.001150023980762028 0.000002219047744452 -0.001212905980405420 0.000001877664644158 -0.001391126661481031 0.000001826281745146 -0.000974113181171991 0.000001900639516250 -0.000820080419447032 0.000001583191779967 -0.000815815976987389 0.000001053242422155 -0.000607041684759092 0.000000954590713619 -0.000478663471810873 0.000001026469741686 -0.000092844045852154 0.000000116991330478 0.000394217439058573 -0.000002113958260102 -0.000226322825184622
1.125000000000000000 0.000019432744659805 -0.000015617592114967 0.000016274373079845 0.000360248347925550 0.000013803018024310 0.000652378455912513 0.000011744383044674 0.000991714206450479 0.000009935097079877 0.000756826806810396 0.000008619058326139 0.000490906077847105 0.000007411529400793 -0.000005347749348079 0.000006304825184665 -0.000326559356660946 0.000005482013932918 -0.000982598182990072 0.000005000330813586 -0.001406345539776682 0.000004728381293268 -0.001612558486763876 0.000004471116045455 -0.001658112835242190 0.000004234509250989 -0.001830363250846654 0.000004168468049194 -0.001455634355795903 0.000004183782431789 -0.001241820529070248 0.000003778188897276 -0.001221178246387497 0.000003475668435993 -0.001042379699135909 0.000003349378110570 -0.000801912096039697 0.000004170389737821 -0.000329254303476515 0.000003988388114632 0.000227401750201978 0.000001536127471715 -0.000304642109934300
1.375000000000000000 0.000021241231293726 -0.000051237564669820 0.000017905177604237 0.000275421292966531 0.000015224838306539 0.000485755151345058 0.000012956530318528 0.000606524564883898 0.000011046084256714 0.000310217728909159 0.000009632078032008 0.000030954488206576 0.000008305216080272 -0.000350934912087797 0.000007230411596469 -0.000665546345792894 0.000006447349702457 -0.001478544349471438 0.000005969877676537 -0.001933505738838567 0.000005611821060144 -0.002194597205564103 0.000005191066685495 -0.002170366791926210 0.000004593856497734 -0.002133901467511904 0.000004084487891347 -0.001810781455305298 0.000003660306873856 -0.001703537965354869 0.000003142269323972 -0.001564388795980391 0.000002693874799950 -0.001285662362314888 0.000002730514172093 -0.001130587919721875 0.000003434242596103 -0.000491964674917027 0.000003342863774056 -0.000032053316427264 0.000001193778618771 -0.000248395752123555
1.625000000000000000 0.000023034684715248 -0.000122509023639054 0.000019207712240297 0.000066850314994536 0.000016435046232049 0.000131191609302853 0.000014087420167477 0.000204671317705165 0.000012172028916395 -0.000021773310884402 0.000010585899528851 -0.000361116269181944 0.000009277887247565 -0.000630488543018846 0.000008275798890689 -0.001048133883642910 0.000007424343229911 -0.001717981374141505 0.000006786741453042 -0.002064744982673740 0.000006278092054004 -0.002120543604747461 0.000005318827094086 -0.002071167437989963 0.000004371342000496 -0.001982399306434830 0.000003477636583340 -0.001807387422858924 0.000002662465598820 -0.001804982897698783 0.000001741390457833 -0.001732229042126494 0.000001232666462616 -0.001497514263908261 0.000001121785636719 -0.001389470523760050 0.000002152964388150 -0.000850141575334416 0.000002348549952054 -0.000255189780440422 -0.000000789113132913 -0.000204888071309561
1.875000000000000000 0.000026651121322949 -0.000172711310868201 0.000022552060134948 0.000011183623820281 0.000019537676391584 0.000114064144650352 0.000017054751462088 0.000157207617673316 0.000014828199590608 -0.000059818752200210 0.000013113410010362 -0.000407251422417041 0.000011827148359720 -0.000730425223796408 0.000010737631292476 -0.001287617630977576 0.000009869738257286 -0.002022455579394938 0.000009166853809403 -0.002263260875636920 0.000008544049571488 -0.002239219657637757 0.000007538261019996 -0.002293806410947941 0.000006686533582827 -0.002243423517438489 0.000005772768507714 -0.002253435093821812 0.000004912357898226 -0.002153404662318639 0.000003945070443145 -0.001931817689589899 0.000003170047350283 -0.001761187552764552 0.000002819525992265 -0.001713097271295460 0.000004208429156790 -0.001010604808831529 0.000004711545303503 -0.000477167971472648 0.000000106315373974 -0.000130824483999178
2.125000000000000000 0.000030127662712840 -0.000231812220607742 0.000025345828411269 -0.000089381819690182 0.000021611875742475 -0.000154373481665090 0.000018893875677606 -0.000127018648321841 0.000016563390213242 -0.000472269456206099 0.000014720958940645 -0.000714981209355598 0.000013344033201274 -0.001208996619171693 0.000012197083156160 -0.001892299951069467 0.000011266982675885 -0.002389809299492069 0.000010394718130079 -0.002623593760209596 0.000009500092264031 -0.002556742077313629 0.000008329314817370 -0.002602953496143709 0.000007237272865194 -0.002564982087271468 0.000006110397573464 -0.002545102928146836 0.000004922485005426 -0.002413018175585948 0.000003757599444975 -0.002126653323819106 0.000002801992493668 -0.001802013101916726 0.000002017007605170 -0.001800695084565350 0.000002939702191425 -0.001168320913836371 0.000003595302309843 -0.000623922408819825 -0.000001086301607274 -0.000081855078388241
2.375000000000000000 0.000030330383773075 -0.000265020702004746 0.000025216284791457 -0.000125778567006055 0.000021198542472384 -0.000209990131986326 0.000018341921354481 -0.000348486864239435 0.000016001102873876 -0.000678685956357589 0.000014117420847309 -0.000993936505561695 0.000012554014420265 -0.001510384312494813 0.000011301526297315 -0.002228908988489890 0.000010190094515664 -0.002556623277506136 0.000009129516459394 -0.002606063010285443 0.000008137079578589 -0.002687855559950861 0.000006732852581189 -0.002783092967609345 0.000005411893654644 -0.002661927132834549 0.000004185987970714 -0.002702763306949692 0.000002939541914122 -0.002424270063227228 0.000001593930413166 -0.002212565399909915 0.000000704084614787 -0.001913241442373606 0.000000011851407773 -0.001934293184302938 0.000000525802707596 -0.001201469747821150 0.000000651977278769 -0.000705003888723364 -0.000002873101840332 -0.000002112044692975
2.625000000000000000 0.000031850619627889 -0.000130403029896324 0.000026214735104108 -0.000095765077244368 0.000022150664709862 -0.000250612752973982 0.000019321183395978 -0.000397793875029905 0.000017026538670981 -0.000823154799244420 0.000015229949115281 -0.001327644467961189 0.000013753643851177 -0.001872387281613234 0.000012620910554803 -0.002631893239906737 0.000011535739062667 -0.002822098271034335 0.000010436765152321 -0.002760927943702738 0.000009525929069548 -0.002760563454308723 0.000008225967594369 -0.002934120995048914 0.000007047038465102 -0.002805351365574340 0.000005900115656831 -0.002734401446640913 0.000004581066477007 -0.002398830058635175 0.000003118580073472 -0.002159607939319020 0.000002090605022395 -0.002009506903805978 0.000001306262405854 -0.001888107781885682 0.000001513660373925 -0.001217879728638049 0.000001545959514586 -0.000612204024999400 -0.000001854062406311 0.000002759401113815
2.875000000000000000 0.000033545663507201 -0.000072686550357613 0.000027546168772336 -0.000015105120961127 0.000023564575977815 -0.000259609485692658 0.000020679785529783 -0.000353244173271341 0.000018422176862559 -0.000848221861981280 0.000016705378818211 -0.001330043885742113 0.000015285788847922 -0.001987210529686408 0.000014117854004964 -0.002478276705684313 0.000013009342011004 -0.002707297421388260 0.000011959859898965 -0.002746485095794683 0.000011023159289704 -0.002831958936479489 0.000009998068322448 -0.003085205209831154 0.000008982407141009 -0.002736731845235100 0.000007903802347023 -0.002675682293822242 0.000006605851471918 -0.002332444109684513 0.000005176763274929 -0.002003319979100007 0.000004062747805530 -0.001945853336357996 0.000003015044925681 -0.001815900447513533 0.000002446117702059 -0.001191365587717387 0.000002065554706309 -0.000613862314770752 -0.000000442325042024 0.000057616944905587
3.125000000000000000 0.000030444267720158 -0.000041615233636677 0.000025349035921558 0.000016440811647562 0.000022011589246396 -0.000142420152876026 0.000019582083425078 -0.000127506737225761 0.000017746856036169 -0.000444325645365630 0.000016219784139456 -0.000840595937953063 0.000015035948939540 -0.001407756690816727 0.000014131815147204 -0.001980196892964357 0.000013331310599376 -0.002117490951395433 0.000012469720602510 -0.002345229527931599 0.000011764139491646 -0.002132546667582507 0.000010808342299738 -0.002365996983343620 0.000010044643569369 -0.002226499026431839 0.000009258261698917 -0.002208636109063329 0.000008398847013451 -0.001907262997141308 0.000007356489571728 -0.001724754958689995 0.000006591572901283 -0.001668556020369928 0.000005801850032754 -0.001448518743607361 0.000005689499223802 -0.000891792532283903 0.000005417888290258 -0.000397206894979904 0.000002081599603181 -0.000009520610356701
3.375000000000000000 0.000030323866304355 0.000012560421609487 0.000025317656505928 0.000109650081201226 0.000022178111072508 -0.000044645538330281 0.000019842555589988 -0.000102497269381390 0.000018123758126496 -0.000443990990595507 0.000016780732610348 -0.000796780803865273 0.000015707950719053 -0.001436117360641415 0.000014910765074544 -0.001817669694300817 0.000014142828461886 -0.001958831504330421 0.000013396326021033 -0.002226993726602136 0.000012715425560930 -0.002069366952150953 0.000011962499645897 -0.002312590291362666 0.000011324726054059 -0.002121883726653053 0.000010596761238563 -0.002131351048026700 0.000009799743237764 -0.001754023574351238 0.000008873761626617 -0.001624443191713524 0.000008079785342052 -0.001583338330301157 0.000007190160769968 -0.001359016376080441 0.000006730175397088 -0.000853068378310265 0.000006618273437748 -0.000391939175820516 0.000003650018136323 -0.000033229611452811
3.625000000000000000 0.000028534758590483 0.000060124367600203 0.000023506421209042 0.000163924102681728 0.000020564421147595 -0.000102433256240371 0.000018542023333451 -0.000213024383307638 0.000017191451024055 -0.000640331993446911 0.000016040425024287 -0.001058535818848332 0.000015066326021786 -0.001568362254602373 0.000014413877185984 -0.001960519918683924 0.000013760860991202 -0.002029379866698845 0.000013111361383927 -0.002360958859388793 0.000012537339513784 -0.002111830754055839 0.000011820093791727 -0.002349520422015861 0.000011217166544659 -0.002152800931897109 0.000010654663490930 -0.002170132350336192 0.000009927002099130 -0.001781137890350954 0.000009061908008100 -0.001705939783787512 0.000008372040801600 -0.001641911293484017 0.000007448797340655 -0.001305227342809735 0.000006788652032184 -0.000908620953741167 0.000006448094889327 -0.000353878455661679 0.000004153179123115 -0.000041602198579675
3.875000000000000000 0.000025328348760496 0.000145948983431814 0.000020947074249318 0.000323063272561309 0.000018608995721053 0.000110693737122279 0.000016903249961056 0.000040801465580142 0.000015788121361661 -0.000437643266874420 0.000014915494470876 -0.000869586321149820 0.000014205179617714 -0.001272592367720205 0.000013687472510189 -0.001646783818089225 0.000013230039945654 -0.001748380368320640 0.000012766858676235 -0.002081266760949935 0.000012460498580476 -0.001812025391493208 0.000011980029418058 -0.002049425370498540 0.000011559627453461 -0.001854613661011683 0.000011229839494290 -0.001869978153696398 0.000010765482056776 -0.001413233189100013 0.000010127084961784 -0.001407431987856067 0.000009548317418671 -0.001492308626546070 0.000008978608267826 -0.001113604002393336 0.000008173305458038 -0.000680734725827017 0.000008125367646995 -0.000192020387333882 0.000005544533364912 -0.000027551726966476
4.125000000000000000 0.000024500106715624 0.000171690735736768 0.000020141008324820 0.000508365388001559 0.000017900471067292 0.000291578250473256 0.000016204917142797 0.000287815343771796 0.000015181015217133 -0.000204071200214101 0.000014366723957850 -0.000607649830060555 0.000013844305973974 -0.001013368731684952 0.000013432544407529 -0.001246782313506535 0.000013132998623688 -0.001356280166991244 0.000012770055804137 -0.001823244892786217 0.000012593230703252 -0.001475020731621841 0.000012235461000884 -0.001664389259863898 0.000011962714389086 -0.001436492499433352 0.000011687920165619 -0.001553061952773866 0.000011327642573909 -0.001155420475690579 0.000010863162291339 -0.001119264532719253 0.000010369119779492 -0.001229905470496055 0.000009737890304995 -0.000866485330970470 0.000008926661213201 -0.000590172991049096 0.000008980852989454 -0.000166447374366526 0.000005432236254311 -0.000054232209247185
4.375000000000000000 0.000022216098985631 0.000121278449843170 0.000018164561902480 0.000604279730726524 0.000016288503117111 0.000433886628095355 0.000014814162941166 0.000493503375481818 0.000013941958158486 0.000096470414187698 0.000013275244267038 -0.000196998846075267 0.000012827784026960 -0.000594633734868906 0.000012516128767132 -0.000707675305539712 0.000012276489321339 -0.000810063592915838 0.000012035760211736 -0.001343276711721919 0.000011912577708281 -0.001048767283476275 0.000011621169532466 -0.001221506590578992 0.000011613828258100 -0.001035956951757169 0.000011550176795356 -0.001229464790144882 0.000011442742242117 -0.000928490091090295 0.000011218771160795 -0.000912902277760074 0.000011002470282669 -0.001016747619559625 0.000010807096572958 -0.000763819605267772 0.000010426850156041 -0.000493079225193242 0.000010930104751257 -0.000063573048331147 0.000008913813807451 0.000003024186466582
4.625000000000000000 0.000019756173572811 0.000114559349299762 0.000016346950140105 0.000590645189003394 0.000014785582209443 0.000473735843008534 0.000013655444962334 0.000480491063619211 0.000012984933963582 0.000157010259533180 0.000012529903908213 -0.000082886470119110 0.000012253768556299 -0.000518798769663542 0.000012184139116178 -0.000638447829311736 0.000012096922296769 -0.000656881512689946 0.000012026721206512 -0.001138017374545941 0.000012088222552453 -0.000800745264894677 0.000011983547983922 -0.000900022781117271 0.000012099217656648 -0.000849438998104611 0.000012125211737604 -0.001095108738397148 0.000012204615841096 -0.000662818223923678 0.000012266676875698 -0.000728642336165836 0.000012171246873210 -0.000762379539845234 0.000012148527843197 -0.000569321545672954 0.000012007227947977 -0.000427005100785868 0.000013064619729711 -0.000036770386234461 0.000011061474322132 0.000002587446024076
4.875000000000000000 0.000018212888993506 0.000220087406625792 0.000014818324750962 0.000741789198166988 0.000013368297133321 0.000726807236257366 0.000012505873316931 0.000656725127565137 0.000012038889314985 0.000251637082608756 0.000011760608947883 -0.000029350953011898 0.000011691128894487 -0.000275854133325240 0.000011770429544129 -0.000396318952632760 0.000011803782531421 -0.000418638719602935 0.000011873293120896 -0.000819130326025918 0.000011969100415181 -0.000534944107496151 0.000011998274655569 -0.000570116895823856 0.000012137215941387 -0.000464527127144067 0.000012215256144735 -0.000736620079156520 0.000012387027527957 -0.000309815489735120 0.000012452476805682 -0.000418989047742021 0.000012441031928072 -0.000394412333413330 0.000012517970281754 -0.000295773372337804 0.000012476495375633 -0.000204101109071261 0.000013974329053388 0.000072440376208549 0.000011061931187863 0.000086880694507341
5.125000000000000000 0.000018492788342212 0.000221996136707378 0.000014902191167094 0.000677690328031901 0.000013307244826797 0.000581262048833425 0.000012442112732185 0.000536825121779791 0.000012033410729303 0.000075623624913469 0.000011903052682065 -0.000197147940806423 0.000011873608280482 -0.000407425692808292 0.000011965528094462 -0.000394296401159033 0.000012077744651138 -0.000443572864517550 0.000012222223517184 -0.000795750011358401 0.000012323919572428 -0.000530050642656636 0.000012409522640344 -0.000552356819733215 0.000012568547571441 -0.000447295370876301 0.000012761710541324 -0.000726773649716858 0.000012959158055025 -0.000273052708785292 0.000012955084734227 -0.000295520335910740 0.000012940764392826 -0.000303680357621220 0.000013166774098491 -0.000187721309415305 0.000012889818892291 -0.000150015790485476 0.000014370272151273 0.000168339050208575 0.000012072861662043 0.000061682273561810
5.375000000000000000 0.000016860907829266 0.000193164058940984 0.000013596678310218 0.000679000757159136 0.000012131398878920 0.000692110134600979 0.000011265658769009 0.000565107697387280 0.000010914503310338 0.000243718012426008 0.000010896110096407 -0.000040716268188859 0.000010882364376444 -0.000239998437917943 0.000010968830605025 -0.000227169920444905 0.000011180366550730 -0.000292166852102853 0.000011312266422067 -0.000507939641950513 0.000011458282458091 -0.000398423184236563 0.000011715531415494 -0.000344924474666078 0.000012056368219815 -0.000161592462663551 0.000012237538338053 -0.000425049442003037 0.000012447090369469 0.000038280345766836 0.000012444384623803 0.000046635414601761 0.000012508373611033 -0.000002898549715430 0.000012828008767350 0.000011321437742303 0.000012641547242761 -0.000072594957784821 0.000013973338981697 0.000232351089902058 0.000014287272031592 0.000227211810321834
5.625000000000000000 0.000016725039052836 0.000170106389308080 0.000013585994547243 0.000603496740251614 0.000012041286517643 0.000645342609527373 0.000011192922654982 0.000565678184814382 0.000011010692729755 0.000192508835299599 0.000011054408235445 -0.000013430959972290 0.000011107487199067 -0.000246846035228869 0.000011244131523511 -0.000233243001305003 0.000011603073233711 -0.000293587841948046 0.000011815162505705 -0.000393501645253029 0.000012052306262875 -0.000336068177107840 0.000012454224446673 -0.000333896378559962 0.000012860045669704 -0.000208363288049718 0.000013110458888942 -0.000438218853099597 0.000013452753540308 -0.000021790162968316 0.000013593964022200 0.000051006492441009 0.000013776292106771 0.000001504843318396 0.000014251467414605 0.000048459143118433 0.000014091985647101 -0.000027393633413461 0.000015196820473724 0.000198699438318107 0.000015177336283425 0.000301348761268394
5.875000000000000000 0.000018746880997787 0.000095438716616695 0.000016202509276835 0.000385004697708027 0.000014540013313756 0.000521890736773864 0.000013597918428987 0.000461242207485582 0.000013443063330694 0.000064925800661444 0.000013532415344201 0.000064569958888965 0.000013657628643773 -0.000242120668379535 0.000013884247761646 -0.000119390177629075 0.000014346100766817 -0.000199281335785674 0.000014655182854563 -0.000285572030613868 0.000014911939048535 -0.000342280127688207 0.000015449779284178 -0.000332942548089335 0.000016016355028855 -0.000097207492185881 0.000016346719298552 -0.000189995927645293 0.000016796409704497 0.000134441746064594 0.000016950227225674 0.000149277662603824 0.000017183445285748 0.000045504365016604 0.000017780434063280 0.000057355438854406 0.000017580788676884 0.000019122083745592 0.000018707352664548 0.000123657280266846 0.000017670402905167 0.000273016954764910
6.125000000000000000 0.000021642406771617 0.000060103420192488 0.000018980544481599 0.000234019770228862 0.000017197208161621 0.000416195909816463 0.000016459389614530 0.000321985090416852 0.000016346085012980 0.000066360438659613 0.000016324809830864 0.000121468909454357 0.000016426378250556 -0.000176149687542488 0.000016735957948744 -0.000086992478661886 0.000017259371452056 -0.000059968245678044 0.000017547724887459 -0.000242424729001463 0.000017843421124533 -0.000341855538033129 0.000018402145895781 -0.000322813751580530 0.000019017309389318 -0.000124297519299711 0.000019345509542186 -0.000219590949064266 0.000019865305997170 0.000072409806350274 0.000020150060250079 0.000121792687709309 0.000020525953070027 0.000061144159328808 0.000020999494422844 0.000107629343356011 0.000021237016128283 0.000007190125614872 0.000022138710466201 0.000100238128065166 0.000022326340695922 0.000276356020391229
6.375000000000000000 0.000023089394916216 0.000103919931119571 0.000020506842257827 0.000125663712607847 0.000018921631401291 0.000381882168146073 0.000018202294888077 0.000215885694333376 0.000018158453462996 0.000065209478691378 0.000018159172741616 0.000135247645818276 0.000018242702431098 0.000017160175536030 0.000018544815560116 -0.000073987115725409 0.000019088062615171 -0.000082554405374777 0.000019472009275733 -0.000114160132739962 0.000019718609349080 -0.000175205846208590 0.000020386612666148 -0.000252763890753541 0.000020971504235336 -0.000052916359978155 0.000021404731841080 -0.000102961601774821 0.000022215078862252 0.000095596794073221 0.000022634202303356 0.000054045339423148 0.000023064294385818 0.000075297468090090 0.000023927082789968 0.000082367733799088 0.000024580594066970 -0.000019354345405714 0.000025599018275092 0.000204375144143953 0.000026687122962821 0.000315887698421193
6.625000000000000000 0.000025020789490184 0.000061373680320485 0.000022489609106740 -0.000037376481269153 0.000020843380834791 0.000196777003203937 0.000020155310625775 -0.000095572860073817 0.000020219019703952 -0.000265537714004146 0.000020350770996468 -0.000201293639746477 0.000020512553235785 -0.000318438154376184 0.000020808654282156 -0.000427522356060181 0.000021370060849501 -0.000327942526284914 0.000021643203658097 -0.000339092198435797 0.000021752881347071 -0.000386144134610953 0.000022418284584352 -0.000518025694474955 0.000022838479910943 -0.000369658928104047 0.000023330509720623 -0.000375333858317789 0.000024109271112933 -0.000103003191841214 0.000024660618099697 -0.000103565783859898 0.000025140683066555 -0.000116554488553056 0.000025730013261163 -0.000005358995344891 0.000026307942326639 -0.000212228495336228 0.000027178690073240 -0.000032569902906219 0.000025899405857377 0.000273377716736250
6.875000000000000000 0.000027813420735699 0.000076425073383695 0.000025063697891107 -0.000105591499122729 0.000022989568139707 0.000099277229294015 0.000022106268694802 -0.000261604127539939 0.000022060737360748 -0.000476028095723707 0.000022145145724418 -0.000560378173078947 0.000022325479752658 -0.000457663993621328 0.000022423745782271 -0.000675472551917255 0.000022941919949751 -0.000536844953435003 0.000023149991666944 -0.000576929980639176 0.000023141318920466 -0.000753828204683876 0.000023745666338646 -0.000999884752332676 0.000024071042854950 -0.000721708791363355 0.000024590426855096 -0.000659439957776491 0.000025220904732059 -0.000498812013142865 0.000025709127010167 -0.000472837823142517 0.000026249003250684 -0.000558705669684028 0.000026959748856058 -0.000322268935376373 0.000027521986636883 -0.000402446799313344 0.000028369977220914 -0.000158713380182021 0.000026513558364307 0.000198701113145919
7.125000000000000000 0.000030435398755966 -0.000082481153075624 0.000027747111389073 -0.000379050506347493 0.000025354659132181 -0.000262192383229702 0.000024397586883030 -0.000583098224853930 0.000024297676930534 -0.000860533297012390 0.000024446306238211 -0.000834362815462245 0.000024635830398240 -0.000780931303805470 0.000024779874370250 -0.001067120952076230 0.000025265248164258 -0.000904973872019956 0.000025704622798537 -0.001109666709003920 0.000025704195658189 -0.001311835040233884 0.000026376484751504 -0.001658476698899922 0.000026791778024715 -0.001358959200156914 0.000027547787967734 -0.001229809503670606 0.000028248414392357 -0.001149129903550698 0.000028806243304970 -0.001055948703210450 0.000029314968144270 -0.001133590561269347 0.000030263996278559 -0.000756756164851512 0.000030901612171253 -0.000787519750356104 0.000031785404935810 -0.000415971511752352 0.000030194004280375 0.000049455420895955
7.375000000000000000 0.000033030482102099 -0.000130092166006717 0.000030156510512316 -0.000227416073766141 0.000027260689469492 -0.000159395386239462 0.000026241855829708 -0.000523671457696961 0.000026061006166548 -0.000702793912843797 0.000026107325468305 -0.000734699421432776 0.000026228765846948 -0.000674251649489666 0.000026426980056866 -0.000972686259207259 0.000026898552852534 -0.000797810817362898 0.000027236481701199 -0.001053406109254780 0.000027293565048313 -0.001274655843970674 0.000028031097654337 -0.001681884134666601 0.000028464924757567 -0.001422240866969543 0.000029193382091482 -0.001256479521350128 0.000029890502649767 -0.001316370848890737 0.000030602674198649 -0.001334864985902587 0.000031133459577262 -0.001444235871923460 0.000032018459029879 -0.001007100283273994 0.000032865753091907 -0.001022563404286910 0.000033763942657389 -0.000575287574450888 0.000032691690485201 0.000041421560544431
7.625000000000000000 0.000034208897476888 -0.000115279859298535 0.000031653086825867 -0.000244802180275261 0.000028638345953937 -0.000266693496330768 0.000027810050089710 -0.000626329778627851 0.000027379177334295 -0.000848004713530982 0.000027396142819964 -0.000820262622124836 0.000027697170698817 -0.000741776088403399 0.000027895901757373 -0.001003435742990946 0.000028414540881063 -0.000795489248058930 0.000028744152718075 -0.001051427839804652 0.000028858751526982 -0.001446592287954502 0.000029459166873428 -0.001742497513937126 0.000029749437259420 -0.001665015160873865 0.000030474123444946 -0.001568302415486624 0.000031037586233554 -0.001540238105847678 0.000031870623131015 -0.001663419217442536 0.000032448214983913 -0.001707318830913426 0.000033362322117769 -0.001166868902789959 0.000034279951624877 -0.001178771871267993 0.000035267321310820 -0.000721468290346784 0.000032874929681061 -0.000180494027208251
7.875000000000000000 0.000035686573315691 -0.000175024442128067 0.000033206868916720 -0.000322062525654310 0.000030299626546468 -0.000406468736636485 0.000029643329979266 -0.000673148204405060 0.000028740463118040 -0.000775583549470929 0.000028708494927597 -0.000877345059744529 0.000029073290431043 -0.000706237148163026 0.000029321626664251 -0.000926612064107915 0.000029694503219077 -0.000700857132045428 0.000029999829078239 -0.001076905217649979 0.000030015439927280 -0.001430683833255263 0.000030430249547582 -0.001768099144788076 0.000030609671507983 -0.001611650475824848 0.000031321032849279 -0.001607736966268060 0.000031861745465770 -0.001582804529965074 0.000032790585753551 -0.001727116723708768 0.000033353757016673 -0.001776564800058339 0.000034279659970592 -0.001254131154077214 0.000035079575749567 -0.001315534757425524 0.000036069919345988 -0.000793287836362883 0.000034206467680986 -0.000297175426486558
8.125000000000000000 0.000034440004732837 -0.000242843131723412 0.000032061050432097 -0.000408656914849542 0.000029986119423212 -0.000518285361008494 0.000029437022073755 -0.000835147183684463 0.000028837651758608 -0.000818719725523008 0.000028800883230804 -0.001093885051621554 0.000028898658906986 -0.000881660232575659 0.000029297593588239 -0.001119926284032961 0.000029611846647682 -0.000848205240987094 0.000029698074714169 -0.001222459650875414 0.000029581620903305 -0.001550123998296095 0.000029880181706352 -0.001870172282043596 0.000029928488346946 -0.001750722425133814 0.000030387526097211 -0.001832585273131714 0.000030840592521573 -0.001735671563752057 0.000031698142215670 -0.001822526374229376 0.000032222703525547 -0.001796070468293943 0.000033154204956347 -0.001225888657303622 0.000033597746343760 -0.001342045407307110 0.000034815438794331 -0.000804964049638939 0.000035638802585358 -0.000446772295373914
8.375000000000000000 0.000035163981957721 -0.000362055122453685 0.000032952384290188 -0.000471416870944251 0.000031196970097286 -0.000599317579156719 0.000030505487869272 -0.000893477213782195 0.000030262438568959 -0.000830463658504831 0.000030687554650706 -0.001036784697513199 0.000030565080023086 -0.000785909500841512 0.000030991346233653 -0.000966158257388375 0.000031248077243658 -0.000783897879066232 0.000031461358752470 -0.001003743605691229 0.000031166742444104 -0.001286686541560393 0.000031305376253066 -0.001710692241113471 0.000031334179527428 -0.001593025299877293 0.000031782660490166 -0.001755478816551835 0.000032217388668344 -0.001681601745951982 0.000033066287266542 -0.001862850599443910 0.000033820149649403 -0.001719005551037597 0.000034801708274673 -0.001220831859788670 0.000035410771487472 -0.001347600296099096 0.000037055741768156 -0.000856299353846082 0.000037504120848315 -0.000609300778041914
8.625000000000000000 0.000033923207989222 -0.000555231288300126 0.000032521147540113 -0.000580369832738874 0.000031078571813617 -0.000706744853539112 0.000030790406244379 -0.000856408094403999 0.000030522746466108 -0.000826450718615334 0.000031296579537431 -0.001004717720145012 0.000031368725721795 -0.000826071206267142 0.000031881684569305 -0.000868453400391741 0.000032212739636408 -0.000621226547965231 0.000032628572733085 -0.000946658377226609 0.000032520229952479 -0.001229677555233793 0.000032914455798039 -0.001620550480732055 0.000033068908088069 -0.001660881619567677 0.000033503225840074 -0.001710914036030813 0.000033706165379951 -0.001704362651774256 0.000034544125445522 -0.001770802594200511 0.000035678501014723 -0.001849402526151450 0.000036763906643898 -0.001199007820235973 0.000037132957187852 -0.001338767286724889 0.000038999449426462 -0.001001121832655086 0.000040314649368208 -0.000762465523982621
8.875000000000000000 0.000035102031647982 -0.000629722005424700 0.000033867560736573 -0.000610917528793407 0.000031912767279373 -0.000602327398819088 0.000031319755717513 -0.000742923979418163 0.000030742963799524 -0.000633545530194042 0.000031590161807924 -0.000862089049908220 0.000031827949487082 -0.000576015572290551 0.000032367151357697 -0.000760497141708677 0.000032784998691374 -0.000613318585244784 0.000033636246174400 -0.001008465256137792 0.000034046768552960 -0.001272266767243374 0.000034707687910111 -0.001533301404025410 0.000035050102602338 -0.001594962079408232 0.000035345859816172 -0.001636447341683379 0.000035540837833050 -0.001712641939276022 0.000036234396969203 -0.001808650865774789 0.000037487976057764 -0.001806330961672117 0.000038749871853704 -0.001173199662231963 0.000039447114822880 -0.001313049854320372 0.000041288261152646 -0.000936750748065070 0.000042132250884369 -0.000977131628827153
9.125000000000000000 0.000027211876787441 -0.000583139517821307 0.000025558894212345 -0.000587279437448612 0.000024329398117108 -0.000629909816900307 0.000023848443464423 -0.000868892450344877 0.000023493482436510 -0.000804322702582086 0.000024080396995635 -0.001052962938631088 0.000024461352605298 -0.000850426802867274 0.000024858983474512 -0.001078172252700135 0.000024948975446603 -0.000870375310121225 0.000025185384243018 -0.001080842453751306 0.000025287285933178 -0.001286849730588200 0.000025913496903047 -0.001483310356450266 0.000026256246730505 -0.001448479532854085 0.000026731693955978 -0.001497872923159379 0.000027043714050866 -0.001460315143600558 0.000027775579973525 -0.001586022451105788 0.000028575752358250 -0.001625687091045342 0.000029784760907124 -0.001199248867914201 0.000030991603355344 -0.001335777108730739 0.000033019351560187 -0.000971023592385945 0.000030408112615419 -0.000718034023458654
9.375000000000000000 0.000026020389422079 -0.000692600465697730 0.000024582100935747 -0.000703588312219888 0.000023512037584090 -0.000745790847450978 0.000023113536988966 -0.001000663195993643 0.000022754507359502 -0.000889493275154123 0.000023632049325496 -0.001137098841610289 0.000024121004925539 -0.000938282107795752 0.000024554175219756 -0.001138658391925441 0.000024534916386919 -0.000963186328460316 0.000024775701340724 -0.001091641641485009 0.000024859803918129 -0.001253801888365315 0.000025511008940878 -0.001517096111078369 0.000026021343033771 -0.001390330093064766 0.000026606492567557 -0.001526943118346073 0.000026940045408353 -0.001473026481332033 0.000027646404153196 -0.001605161557723179 0.000028456430138701 -0.001606784013497953 0.000029601025343368 -0.001205897709346166 0.000030634630947442 -0.001360918497729500 0.000032662465954772 -0.001029019855961647 0.000029107085758736 -0.000855851239603445
9.625000000000000000 0.000022530461968083 -0.000825450932191215 0.000021636371015990 -0.000805316154292314 0.000020792668554963 -0.000856843557684450 0.000020820740577686 -0.001040122108876731 0.000020509684967758 -0.000914657843968614 0.000021689570642445 -0.001123886451969073 0.000022427856953201 -0.001002755461638214 0.000023092739825559 -0.001085085193327618 0.000023151001495838 -0.000877612420842896 0.000023649162046257 -0.001010600841129038 0.000023920774093597 -0.001202142715986893 0.000024642260477935 -0.001372431864164087 0.000025244221869645 -0.001327501883813351 0.000025801127885247 -0.001466408611009150 0.000025966112855502 -0.001400065384786546 0.000026667689699540 -0.001474339934428210 0.000027579003836673 -0.001573907310142192 0.000028610979233233 -0.001135072582419788 0.000029238252897147 -0.001280322763092701 0.000031244756119798 -0.001114562985769436 0.000027101660056223 -0.000985023825388150
9.875000000000000000 0.000022195714384191 -0.000895368066614114 0.000021269960094741 -0.000857066127649668 0.000020402760501536 -0.000889089520064358 0.000020465870891644 -0.001050998068492639 0.000020191465437957 -0.000841669227959833 0.000021505764494910 -0.001060158308243336 0.000022243577557603 -0.000930097758289058 0.000023009424504814 -0.001062697129103987 0.000023121374323531 -0.000880046468497450 0.000023634579933526 -0.001035199684063307 0.000024062998429918 -0.001261062688101543 0.000024899155180133 -0.001350890671002751 0.000025585790849413 -0.001314027525892732 0.000026070500104520 -0.001439480122571034 0.000026179583667665 -0.001401365735475735 0.000026683254803127 -0.001523756598760249 0.000027551405760398 -0.001607569819653604 0.000028564635984120 -0.001194996691345610 0.000029254100281807 -0.001295025392912136 0.000031072859893989 -0.001139813564582034 0.000026992929299499 -0.001072660126702974
10.125000000000000000 0.000023926992720977 -0.000935356987481189 0.000022588044360910 -0.000851274402600396 0.000021801854741034 -0.000876047809292839 0.000021876485248504 -0.000999946938656320 0.000021573631812136 -0.000844368220054621 0.000022932333240775 -0.000948746392551882 0.000023607635250320 -0.001016607695849133 0.000024497551531726 -0.001013603897607843 0.000024604070925869 -0.000924102145287179 0.000025142941575539 -0.001041316092035523 0.000025658946034735 -0.001231142968500010 0.000026336512732187 -0.001243965042933303 0.000027024219873336 -0.001324991508285344 0.000027424066013752 -0.001408044430548113 0.000027507876156458 -0.001416772299864696 0.000027885121293967 -0.001501667938553805 0.000028552253071821 -0.001555667504187541 0.000029302333939042 -0.001191745427657068 0.000029840087307869 -0.001287249474563188 0.000031136367896780 -0.001181060469949249 0.000027236792861264 -0.001117599740029020
10.375000000000000000 0.000024159234846520 -0.001006638527824734 0.000022952327807716 -0.000834725870016054 0.000022596465588902 -0.000851431558276925 0.000022728202128931 -0.000961608222914791 0.000022533412112696 -0.000812604890046417 0.000023907351329308 -0.000951905240193759 0.000024689333296182 -0.001006848091739474 0.000025562297138758 -0.000949157468550498 0.000025567730243968 -0.000883084913657948 0.000026015255999282 -0.000967250204398444 0.000026592033612962 -0.001172525544230590 0.000027202381717221 -0.001197363009229193 0.000027905147891996 -0.001257863879186653 0.000027776588814336 -0.001437009790533923 0.000027883541932021 -0.001352009951061391 0.000028355292526716 -0.001465527768990348 0.000029316814237810 -0.001576841060998864 0.000030255493701020 -0.001283444385972993 0.000031159258663404 -0.001324239031396659 0.000032688252549861 -0.001277363703702955 0.000030397324393409 -0.001237849230060686
10.625000000000000000 0.000022720271723726 -0.001083838406612021 0.000022165140563848 -0.001009002503694277 0.000022694548332571 -0.000929679859646303 0.000022930942592502 -0.001091461388454492 0.000022917618984541 -0.000972941463473266 0.000024090087713043 -0.001029420013771942 0.000025087830172217 -0.001047632319385487 0.000026061548138401 -0.001063086760221885 0.000026069736125971 -0.001006237113932800 0.000026784851370896 -0.000997371458097389 0.000027396722342399 -0.001180883038527202 0.000027835879228394 -0.001205670569630162 0.000028186959053367 -0.001203083861306706 0.000027920797504571 -0.001392143988220424 0.000028056158615282 -0.001320009095474133 0.000028441889999815 -0.001401878513381294 0.000029212169339373 -0.001529839859610819 0.000030094290750099 -0.001276331537947720 0.000031125107851456 -0.001322110069503535 0.000032879252520448 -0.001295885475326605 0.000029311719590420 -0.001377710907273212
10.875000000000000000 0.000023132580692502 -0.001195199819751958 0.000022532145904995 -0.001116496203827189 0.000023305071660900 -0.001047457685049599 0.000023601917231141 -0.001175501535133683 0.000023871234661560 -0.001065680261914155 0.000025088609630059 -0.001157855232327534 0.000026153044056660 -0.001163935847951626 0.000027344814980481 -0.001185943115848037 0.000027311481577990 -0.001114896326458214 0.000028016547296628 -0.001185625777074263 0.000028592176669617 -0.001219131164380636 0.000028738775567642 -0.001361339518484157 0.000028997417463782 -0.001247232030210786 0.000028749147577537 -0.001438968708181419 0.000029111325239102 -0.001435104627149824 0.000029673978353772 -0.001489728447803793 0.000030485886530168 -0.001581506067750556 0.000031308447808855 -0.001372406810917430 0.000032111304088811 -0.001367174259815281 0.000033790346577932 -0.001387866859057601 0.000030193764647359 -0.001407938927804071
11.125000000000000000 0.000021140063016464 -0.001209845532580878 0.000020953747511653 -0.001108049535274633 0.000021761593956804 -0.001037983820435520 0.000022090077253786 -0.001131851622911467 0.000022852364804544 -0.001089079147806769 0.000024205436678909 -0.001135702422921995 0.000025158289129619 -0.001196568291924895 0.000026302751532411 -0.001235449671294173 0.000026504975721832 -0.001147761301237459 0.000027211066285311 -0.001210700477627957 0.000027881507284527 -0.001192283254133048 0.000027975440463970 -0.001254857553685507 0.000028375854395819 -0.001184879888798601 0.000027955978401892 -0.001300526510827528 0.000028248195663871 -0.001308211624568072 0.000028678908267228 -0.001331172955855558 0.000029471517721765 -0.001478181244513109 0.000030247481898549 -0.001307682450537674 0.000031015066200230 -0.001315456424640856 0.000032822074063851 -0.001382139609779951 0.000030380116214232 -0.001447372473768966
11.375000000000000000 0.000021754568593793 -0.001143344448119731 0.000021403615824056 -0.001023206555556196 0.000021877074665054 -0.000988371686507320 0.000022328797807422 -0.000998067257650449 0.000022758776276310 -0.000989864051176513 0.000024107121777625 -0.001030670046195187 0.000025283713035328 -0.001050404755842338 0.000026250712926062 -0.001113999363026278 0.000026467933084863 -0.001056116163619152 0.000027380334554071 -0.001061624722768101 0.000028175357594379 -0.001043182690814008 0.000028349146036229 -0.001050187380260088 0.000028620649776089 -0.001057369325255547 0.000028352836081749 -0.001115061906052285 0.000028738982445550 -0.001097893889193684 0.000029357809277575 -0.001163172888228787 0.000029960475293751 -0.001321793672872233 0.000030505713644396 -0.001160568228925615 0.000031330955804672 -0.001198997508913669 0.000033247192429843 -0.001321019977207021 0.000032285249000415 -0.001268052141665375
11.625000000000000000 0.000017658134306915 -0.001074596081336813 0.000017790289926321 -0.001054373566843837 0.000018831841654618 -0.001006954829582413 0.000019514694190975 -0.001011787301637208 0.000019660794203146 -0.000971801414110519 0.000020731647118045 -0.001038017979086769 0.000022048774675026 -0.001097603706868274 0.000022812664503225 -0.001162007292118831 0.000023137269265073 -0.001055532402168229 0.000024032765697891 -0.001034462499483920 0.000024727841872085 -0.001016867454345576 0.000024846102145195 -0.001006302329131064 0.000024979989698486 -0.000964306769423726 0.000024661062642452 -0.001057702219139715 0.000024985204941091 -0.001009749787978135 0.000025400170102109 -0.001035076745713135 0.000025643157999981 -0.001258254638829930 0.000026193153538205 -0.001156643711554449 0.000026416348467310 -0.001178869287250066 0.000027813797443519 -0.001286873380739835 0.000028859978657609 -0.001158029595836093
11.875000000000000000 0.000013441359253577 -0.000956761172801415 0.000013682059616521 -0.000949125235418093 0.000014641633108572 -0.000894540965416020 0.000015282775946384 -0.000892475389762436 0.000015443428653641 -0.000817019813372662 0.000016287715462585 -0.000904754778363917 0.000017562651994829 -0.000887262439525609 0.000018326743774493 -0.000961909315126482 0.000018498983903318 -0.000887462748486501 0.000019276411726210 -0.000837447546163500 0.000019699502170514 -0.000733840037324864 0.000019428003988678 -0.000722843716165236 0.000019422774421503 -0.000637641104302548 0.000019083295315557 -0.000840141840933032 0.000019199667181637 -0.000721743955458913 0.000019539690199223 -0.000813576409248540 0.000019430818028357 -0.001012275707792473 0.000019990331401760 -0.001021318912616420 0.000020436979009830 -0.001082890172888415 0.000022079925608717 -0.001255875122190440 0.000023049909038589 -0.001115788667147799
12.125000000000000000 0.000009287097391910 -0.000894798374244406 0.000009737165032776 -0.000862686440242722 0.000011658938457605 -0.000915233277366081 0.000012747189954627 -0.000878878392451301 0.000013248444239109 -0.000745256406177070 0.000014142535965522 -0.000796089697777245 0.000015319666017583 -0.000719631849893684 0.000015967974063436 -0.000761126277272908 0.000016069437005153 -0.000623604473698331 0.000016453978479759 -0.000451303301182608 0.000016505426780266 -0.000343214860654177 0.000015882019070572 -0.000391388993588654 0.000015462248395750 -0.000291105039960996 0.000015000354772826 -0.000478837816716351 0.000014909813344391 -0.000346935746976539 0.000014874836825352 -0.000527235928372669 0.000014517286263764 -0.000812743210259608 0.000014934090964787 -0.000918983752459736 0.000015056392403672 -0.001005474282747083 0.000016612954694055 -0.001252407673520120 0.000020017413928786 -0.001091363711810524
12.375000000000000000 0.000007195566311960 -0.000856518265047700 0.000007931647815747 -0.000834944806518945 0.000009900068103948 -0.000889296735966330 0.000011087652581644 -0.000851215384016115 0.000011572358194776 -0.000826313637451240 0.000012404994552186 -0.000867879908326084 0.000013759411143511 -0.000744587645094731 0.000014458878485489 -0.000699304047749092 0.000014466899472749 -0.000581381405944123 0.000014817305931845 -0.000474841177670430 0.000014854561565225 -0.000377691873146810 0.000014096186698155 -0.000389831557624381 0.000013717048534469 -0.000327058657062256 0.000013174682199123 -0.000424684945431295 0.000013208700117287 -0.000346279002482499 0.000012993119082562 -0.000545569606096268 0.000012393285363778 -0.000741474057638148 0.000012550555174528 -0.000870625501873503 0.000012410099331888 -0.000946003741237516 0.000013928930607947 -0.001194252680859128 0.000018028693647783 -0.001044516375735101
12.625000000000000000 0.000004789321351170 -0.000811879896469843 0.000006319473244549 -0.000889844425383366 0.000008829802516231 -0.000942605233182087 0.000010683871842986 -0.000872844552093165 0.000011091293201253 -0.000834870369989578 0.000011990588000720 -0.000850187206638770 0.000013181339745289 -0.000789421595784882 0.000013969259019013 -0.000701563714545371 0.000013910343514565 -0.000530048653831012 0.000014131148572564 -0.000451107775848849 0.000014142953558149 -0.000229904952905558 0.000013340086300445 -0.000274077613843949 0.000012902344805627 -0.000166381228182956 0.000012362218761362 -0.000254071904966202 0.000012086107499790 -0.000159699376842793 0.000011697738073130 -0.000273430963491157 0.000011031544386402 -0.000454692821353759 0.000010768723780846 -0.000692890165305612 0.000010773062714026 -0.000806963715584013 0.000012334698556843 -0.001170009067550294 0.000016023763098756 -0.001027164486421306
12.875000000000000000 0.000002013308673554 -0.000807987273460820 0.000004099517785043 -0.000873708827603469 0.000006966526673606 -0.000915864392063088 0.000009125411003715 -0.000866143443961789 0.000009789806011082 -0.000894608242835157 0.000010787241029227 -0.000874809727373545 0.000011963137144117 -0.000815098685530035 0.000012755479818709 -0.000721924988728233 0.000012971580201981 -0.000569846572092053 0.000013297092396843 -0.000472507887458308 0.000013332551925684 -0.000329993589474926 0.000012691764291246 -0.000349113680471730 0.000012316627951770 -0.000168645847274084 0.000011718252633308 -0.000217891944290677 0.000011458555898694 -0.000211749249508000 0.000011171608225079 -0.000152652564527068 0.000010381043806753 -0.000319605774315537 0.000010123698008185 -0.000556242072984338 0.000010081766517017 -0.000687578825370256 0.000011141447916527 -0.001040413452682787 0.000015872681859576 -0.000993383443328669
13.125000000000000000 0.000000152439389254 -0.000818921885193678 0.000002686584997160 -0.000876813011305616 0.000005861260404094 -0.000894878846782611 0.000008111501510950 -0.000837799197245631 0.000009061536857546 -0.000923061076385096 0.000010371147630726 -0.000913198834148502 0.000011284244013924 -0.000857369893170485 0.000012257425779787 -0.000824606907721234 0.000012790261136662 -0.000627412845343096 0.000013157151577291 -0.000552069318924544 0.000013554955610647 -0.000397745151707417 0.000012892944877840 -0.000351107987458666 0.000012475811958723 -0.000147524728296964 0.000011748778242145 -0.000139370877388142 0.000011548498539322 -0.000184566109427998 0.000011203192262763 -0.000089909374495943 0.000010349490818385 -0.000219685153836578 0.000010089198940004 -0.000462093382657764 0.000010104414495364 -0.000661120885798518 0.000010662860003345 -0.000977856141515831 0.000015765374583949 -0.000982982173705807
13.375000000000000000 -0.000001825332280001 -0.000731633708952547 0.000000885009308243 -0.000837472790005943 0.000004429608661319 -0.000834978713885721 0.000006998185338543 -0.000798455179698492 0.000007920757767240 -0.000886921275667089 0.000009405957109519 -0.000977754940231319 0.000010751306277663 -0.000930879082447482 0.000011731940147855 -0.000908501182202493 0.000012387747767029 -0.000717031344116483 0.000012866852458034 -0.000693639560870114 0.000013224880910493 -0.000519458804248081 0.000012570569523052 -0.000455913176100158 0.000012286036788128 -0.000309417598904594 0.000011552724868556 -0.000228313212580548 0.000011264225602142 -0.000249244213489504 0.000010938668486234 -0.000168005211581049 0.000010231913747521 -0.000306962813257894 0.000009848055330895 -0.000506992070099201 0.000009599553318292 -0.000614366980603139 0.000009764549532834 -0.000982383118163040 0.000016486925605216 -0.001023766765803077
13.625000000000000000 -0.000003326678538249 -0.000731569741671201 -0.000000430306109621 -0.000816240607085368 0.000003265489213303 -0.000869701879814757 0.000005754725864093 -0.000813143943849543 0.000006846573785464 -0.000917381643889346 0.000008240155658011 -0.000993057070621055 0.000009532180697376 -0.000915835871667528 0.000010626771975462 -0.000972524951984307 0.000011371135967054 -0.000723393688647847 0.000011902855594835 -0.000747004154133369 0.000012287022565615 -0.000606330353075003 0.000011703403419338 -0.000503700677551820 0.000011402865800955 -0.000405307601079792 0.000010708953845812 -0.000361238318178216 0.000010431144042891 -0.000330012258760103 0.000010127443562392 -0.000284403350236039 0.000009492178911289 -0.000377671174177965 0.000009361426493849 -0.000593682773594015 0.000009468839863179 -0.000634422546999071 0.000009841960056443 -0.000962843933219435 0.000015906302256435 -0.000923621999268213
13.875000000000000000 -0.000004276668386707 -0.000690032476441658 -0.000001205662756374 -0.000731535812988711 0.000002320244309445 -0.000766034707057909 0.000004622553223690 -0.000795985214418627 0.000005933490005940 -0.000961644763034221 0.000007323720355865 -0.001020074393575492 0.000008500268705939 -0.001013986340739515 0.000009510642792956 -0.001091383370147465 0.000010229809654169 -0.000869527275459786 0.000010456695170118 -0.000845893607825232 0.000010777877924767 -0.000768843109502037 0.000010373217593499 -0.000747310802538943 0.000010258105474704 -0.000655668154965952 0.000009797917785610 -0.000618009733786857 0.000009717913057548 -0.000596530139411095 0.000009626311314880 -0.000577616608778188 0.000009177351463167 -0.000563228282665703 0.000009414933039464 -0.000721214761618631 0.000009840320254612 -0.000679710974947361 0.000010124926294362 -0.000919949939423352 0.000016471410151468 -0.000889217352827198
14.125000000000000000 -0.000006620086119745 -0.000651065469448030 -0.000003113423981122 -0.000652355252069582 0.000000328967419238 -0.000700572683477424 0.000002662165470340 -0.000766702574551250 0.000004164108268954 -0.001041529494800077 0.000005556614479541 -0.001140686653219800 0.000006783772344406 -0.001138318987942525 0.000007653070236290 -0.001193738321627017 0.000008433147403919 -0.000987144213702835 0.000008819630292245 -0.000998767525837491 0.000009224934717079 -0.000943512587292864 0.000008948748502989 -0.000982562932642186 0.000008838666045218 -0.000867263382161801 0.000008493926117829 -0.000895683205792361 0.000008667118235361 -0.000884185817630661 0.000008845789856193 -0.000810032834579536 0.000008685216050303 -0.000736407308915057 0.000009221805003009 -0.000811326870227961 0.000009727943007528 -0.000686173931915685 0.000009978392434186 -0.000861590291855673 0.000016329610439849 -0.000981657061741552
14.375000000000000000 -0.000007577836077768 -0.000677327495946812 -0.000003849493784747 -0.000661144382107314 -0.000000455305016566 -0.000749048873310199 0.000001687852228303 -0.000850213662418255 0.000003156276794261 -0.001113133692884882 0.000004502746353462 -0.001239285528801017 0.000005646402343451 -0.001203140304582334 0.000006515752706592 -0.001345697407828711 0.000007239843195386 -0.001173601254571115 0.000007634622991608 -0.001250295627778848 0.000008019667371493 -0.001152653343945257 0.000007923040835578 -0.001268822491392873 0.000007805292434588 -0.001083306124626412 0.000007524283554444 -0.001101426387973509 0.000007783694812736 -0.001067890148104149 0.000008153596305104 -0.000976499461909161 0.000008298598537154 -0.000946007577797004 0.000008907215294800 -0.000959469671542575 0.000009490019691274 -0.000740990364137351 0.000009855456766074 -0.000868989741827322 0.000015016143809377 -0.001005509059976532
14.625000000000000000 -0.000008882581475987 -0.000655159868735044 -0.000005207835529837 -0.000622993214938459 -0.000001887443807964 -0.000742520371697062 0.000000194097860258 -0.000841837623810438 0.000001608778372734 -0.001169385413359585 0.000002909152387471 -0.001278505072902351 0.000004048265176201 -0.001272228180147075 0.000004972240228550 -0.001466501086233705 0.000005732878733220 -0.001297892468892203 0.000006047414317410 -0.001287654461835461 0.000006473268809094 -0.001238388154432618 0.000006469412570023 -0.001361211800179421 0.000006453205994622 -0.001240231871127803 0.000006431335493381 -0.001155897715668540 0.000006900742042215 -0.001218587436028888 0.000007471855286765 -0.001049877371671079 0.000007702216454351 -0.000933792586661490 0.000008303651079950 -0.000909574893528567 0.000008888878191942 -0.000701205274887917 0.000009224671765643 -0.000814247453160507 0.000014677229724233 -0.000954209254290692
14.875000000000000000 -0.000011965272072919 -0.000583136872870666 -0.000008196174526133 -0.000546290863535352 -0.000004848618141688 -0.000636018487062544 -0.000002744792484867 -0.000713915385120851 -0.000001118396710670 -0.001098645213911194 0.000000406092479462 -0.001172413884482286 0.000001570667454948 -0.001223379894835509 0.000002521409819993 -0.001396563741607267 0.000003319070262308 -0.001178840810815092 0.000003686786805233 -0.001207115405428145 0.000004299835121521 -0.001179932046361472 0.000004470904717264 -0.001261821087803703 0.000004679075955795 -0.001163339422930848 0.000004848135777385 -0.000985579743332409 0.000005426666916941 -0.001167403067978651 0.000006137549539257 -0.000962398530021375 0.000006705815038381 -0.000832145202288138 0.000007860486237253 -0.000823935551405935 0.000008683965857484 -0.000663522434962789 0.000009344375939616 -0.000790948733091974 0.000015776957844701 -0.000886525020605657
15.125000000000000000 -0.000017778954786934 -0.000752067105227920 -0.000012972819330313 -0.000675162900233207 -0.000008804429898273 -0.000729521008738724 -0.000005479437033579 -0.000963727748682854 -0.000003424314595025 -0.001217900496673151 -0.000001131799487707 -0.001375705443492973 0.000000380202040706 -0.001394785873547899 0.000001646790381026 -0.001427011099756632 0.000002487298544771 -0.001107540761467899 0.000002729219476597 -0.001049690338042237 0.000003383629015559 -0.001119498490485693 0.000003627230687674 -0.001031972470185641 0.000004137437023952 -0.000836198622448872 0.000004207793117473 -0.000795802566659927 0.000004389714875944 -0.000839698831346219 0.000004618330100184 -0.000723126622791087 0.000004777567020649 -0.000569326921783755 0.000005444840238752 -0.000624877390887069 0.000006564234865705 -0.000497866884947996 0.000006844978308236 -0.000741410803490386 0.000013971907762686 -0.001103132959724547
15.375000000000000000 -0.000018102631261357 -0.000715912375014137 -0.000013198379458464 -0.000646766973609135 -0.000009772674351361 -0.000725942942527353 -0.000006921385697494 -0.000944146175921328 -0.000005105475535338 -0.001225343000672560 -0.000003098775828164 -0.001394697736112255 -0.000001798117927792 -0.001484646098365889 -0.000000547643068721 -0.001635001170491595 0.000000330837721395 -0.001397814731437392 0.000000754313012574 -0.001522388293030706 0.000001635328925527 -0.001499249275733699 0.000002118032849413 -0.001508299675292125 0.000002703480661068 -0.001276857784079313 0.000002870986433322 -0.001200422515484290 0.000003269189932803 -0.001205337356420389 0.000003859033822953 -0.001004085879719501 0.000004431029875880 -0.000896396545312940 0.000005163295618781 -0.000873724287630225 0.000006124245171411 -0.000577502652338627 0.000006323383915672 -0.000713928615817499 0.000011324993066363 -0.001090180171166842
15.625000000000000000 -0.000016178950828562 -0.000680602971924898 -0.000011523545933960 -0.000571378560373316 -0.000008334381720755 -0.000701704105074645 -0.000005841400691339 -0.000920026460038164 -0.000004043521998976 -0.001256820187876443 -0.000002349888017603 -0.001378254348175135 -0.000001203867119208 -0.001533696370747573 -0.000000000481588243 -0.001798019935262215 0.000000724992053636 -0.001568476321308026 0.000001158431153572 -0.001636668695309105 0.000001991913115779 -0.001675687393907286 0.000002672495771743 -0.001761680862666326 0.000003314880198325 -0.001581988673686825 0.000003592152456140 -0.001434615220165804 0.000004337430870756 -0.001542398687837989 0.000005286107013561 -0.001224122316259445 0.000006171167992459 -0.001027904118068890 0.000007153702400096 -0.000955797488545413 0.000008333090442446 -0.000597786044959511 0.000008258911351418 -0.000703305653697089 0.000012948324404657 -0.001050382001734404
15.875000000000000000 -0.000018113090409321 -0.000568405071944287 -0.000013836238625027 -0.000419474596197468 -0.000010833912602846 -0.000486646429851016 -0.000008778075794409 -0.000634594267768329 -0.000006866302595047 -0.001091047154397716 -0.000005203995017166 -0.001153249484727820 -0.000004037925348566 -0.001328371264556239 -0.000002900847403149 -0.001581403240940119 -0.000002148988297909 -0.001334034995662310 -0.000001635270609461 -0.001415307458569155 -0.000000640470790845 -0.001536436682705012 0.000000112242860482 -0.001567533651644985 0.000000785944133428 -0.001479826798120270 0.000001324729961066 -0.001224364641044678 0.000002316894942682 -0.001509149440123689 0.000003481272932713 -0.001194457724271595 0.000004664829361359 -0.000991978231431964 0.000006429210425485 -0.000853001101879630 0.000007625273443480 -0.000598343103062150 0.000007732544100607 -0.000657692422124686 0.000013567730703062 -0.000924757363250555
16.125000000000000000 -0.000019435146234975 -0.000502434066234708 -0.000015334369991443 -0.000322741857546937 -0.000012498445600630 -0.000363787363779131 -0.000010612197359552 -0.000532322855100969 -0.000008802134987737 -0.000904197172048272 -0.000007204312350918 -0.001050889133106022 -0.000006006714714249 -0.001130291868475082 -0.000004961793318065 -0.001289997716717891 -0.000004199286729753 -0.001100402796370835 -0.000003748369651265 -0.001199010247156005 -0.000002755431446709 -0.001223371490396597 -0.000001869335907805 -0.001349543735249765 -0.000001223677061409 -0.001419389219754386 -0.000000769043473139 -0.001127051035285113 0.000000333435310461 -0.001409679481370605 0.000001558656173340 -0.001227339610031609 0.000003124098403477 -0.001127831625011735 0.000004935950252289 -0.001084852061091645 0.000006346670658664 -0.000726167957038023 0.000007233993101484 -0.000811483532412523 0.000013806980262590 -0.000817999808832520
16.375000000000000000 -0.000021648727045525 -0.000440702761965797 -0.000017371158304366 -0.000245745150657163 -0.000014647703225570 -0.000240699342116264 -0.000012889865448793 -0.000447289007728984 -0.000011135186226083 -0.000781068835745746 -0.000009639501974818 -0.000918656128224929 -0.000008580571207601 -0.000957836116053369 -0.000007655793404645 -0.001040763018600762 -0.000006959366825784 -0.000881206717075855 -0.000006499517413576 -0.000971955163555720 -0.000005612578330967 -0.000949445480334975 -0.000004741578780771 -0.001116775924458673 -0.000004026395991672 -0.001243949045144591 -0.000003301733883669 -0.001076531203520935 -0.000002022692538883 -0.001351392197564143 -0.000000755861728386 -0.001256344721390580 0.000001119024502682 -0.001111067496685960 0.000002947671551385 -0.001076359652881786 0.000004231105558396 -0.000747957948441346 0.000005672406282293 -0.000864173725851696 0.000011874236881598 -0.000753727347738052
16.625000000000000000 -0.000022639036590652 -0.000382754972003689 -0.000018081512443371 -0.000094090200444361 -0.000015604159940081 -0.000074085119692885 -0.000013878800778000 -0.000273773499582898 -0.000012194854767079 -0.000638543201521133 -0.000010854512560340 -0.000610093309804920 -0.000009979998381255 -0.000719445035200107 -0.000009070640512195 -0.000791544437403905 -0.000008383798238702 -0.000702248602521819 -0.000007863818695362 -0.000732648867349998 -0.000007021566335179 -0.000702935729192606 -0.000006226306661315 -0.000824553997525564 -0.000005483041059555 -0.001026280328392659 -0.000004718629265353 -0.000880472019908879 -0.000003322806827654 -0.001144736422664686 -0.000001999524399715 -0.001159184379259548 0.000000093331812229 -0.000983441711819965 0.000001929410854087 -0.001000160291979454 0.000003390924873263 -0.000766354831911253 0.000005090864372461 -0.000859231812524333 0.000011945103393589 -0.000678224758751681
16.875000000000000000 -0.000023489892097122 -0.000301905901227794 -0.000019133882739181 0.000025347057685284 -0.000016797919839762 0.000033892297605082 -0.000015109762637344 -0.000195800883790588 -0.000013441442653391 -0.000513380184051003 -0.000012230327704801 -0.000465315651083764 -0.000011389457542496 -0.000614662236064948 -0.000010640915986050 -0.000592251710040160 -0.000010013453060076 -0.000604205370251185 -0.000009453242157705 -0.000732759304566148 -0.000008664032620502 -0.000706503572464099 -0.000007847837802062 -0.000868348626654311 -0.000007082132894564 -0.000989215939057878 -0.000006323303704631 -0.000816177278418495 -0.000004894933036127 -0.001122152064619594 -0.000003460623632714 -0.001215225035576379 -0.000001200393534380 -0.001056581559062408 0.000000610749874713 -0.001046757330428679 0.000002127699854447 -0.000837738761501758 0.000003722664633406 -0.000901373901625913 0.000011041585573811 -0.000589412517741031
17.125000000000000000 -0.000023687555384878 -0.000257313237695636 -0.000019374947079305 0.000050002393661808 -0.000017139011334769 0.000046649676240960 -0.000015495637859747 -0.000057089771842655 -0.000013970290969764 -0.000325141816551306 -0.000012864678604159 -0.000253470911015467 -0.000012071181630668 -0.000323326225016697 -0.000011441448017488 -0.000380278501778396 -0.000010848736921492 -0.000426762674791530 -0.000010294881253516 -0.000632941278802723 -0.000009521117050832 -0.000671358406948778 -0.000008766770818160 -0.000838249108715031 -0.000007960723052767 -0.000977235773220860 -0.000007131120451234 -0.000883982806426038 -0.000005613661230101 -0.001097986864048238 -0.000004220612780863 -0.001117439775174458 -0.000001919539252862 -0.001089879543153819 -0.000000179555520548 -0.001103159411302088 0.000001533739522590 -0.000924154834433721 0.000003542438782698 -0.000983224876962944 0.000008866878368557 -0.000540247810773383
17.375000000000000000 -0.000023276068354012 -0.000218188773342563 -0.000019342015740991 0.000073959945498234 -0.000017212333853497 0.000097551614710437 -0.000015691202405926 0.000086523049482746 -0.000014391199825875 -0.000180319649018470 -0.000013447742142500 0.000017660844190138 -0.000012747851603037 -0.000019607150284255 -0.000012179611096073 -0.000127283625377202 -0.000011681585307143 -0.000219260609059121 -0.000011195778579767 -0.000468143771178841 -0.000010443848195492 -0.000594341052758845 -0.000009757954983648 -0.000706079038589145 -0.000008841843149304 -0.000921278317581350 -0.000007941212577171 -0.000835123697252502 -0.000006515416251029 -0.001024234805100409 -0.000005128908915267 -0.000941702651498927 -0.000002966622270812 -0.001003843930304220 -0.000001316871214903 -0.001047544475349239 0.000000299059533723 -0.000934863448083155 0.000002556788090228 -0.000988160914156410 0.000007113343423962 -0.000384933548983702
17.625000000000000000 -0.000024177943142425 -0.000149631804749071 -0.000020386859948658 0.000060963931172576 -0.000018360901093958 0.000101975721195432 -0.000016771446912906 0.000150175968556769 -0.000015557962202565 0.000032087393759830 -0.000014673544093012 0.000201759071416886 -0.000014039887437797 0.000192978570452135 -0.000013535092047456 0.000121937190246002 -0.000013111833871422 0.000025673157420439 -0.000012717405482878 -0.000248811793231667 -0.000012085573124996 -0.000546780150830732 -0.000011487558353721 -0.000548437460496973 -0.000010513759327529 -0.000809546124756625 -0.000009600147545408 -0.000799806079178797 -0.000008240608470915 -0.000935146586505692 -0.000006986170659422 -0.000851741369235214 -0.000005047308867668 -0.000887615630246270 -0.000003488118962913 -0.001032389960928147 -0.000001945793492050 -0.001008562949614932 0.000000271805158977 -0.001004109907986274 0.000004522707958011 -0.000283016129914988
17.875000000000000000 -0.000024812809100318 -0.000157690187858604 -0.000021364722735287 -0.000082961593382184 -0.000019468321818757 -0.000070081774767603 -0.000017992443362073 -0.000152933051754011 -0.000016835612550423 -0.000129136625486278 -0.000015896178195589 -0.000016982675072736 -0.000015332683826574 0.000031477879548412 -0.000014942188462144 -0.000047672805468265 -0.000014555424625020 -0.000126256898842769 -0.000014162848444780 -0.000505230823230224 -0.000013588872518225 -0.000835852545586804 -0.000013127744844619 -0.000759893289594185 -0.000012259163700905 -0.000981485654442261 -0.000011387160254000 -0.000994057108062890 -0.000010324203321146 -0.001040226950390040 -0.000009256368734396 -0.001080705456733264 -0.000007567356407476 -0.001118060989871959 -0.000006181671103315 -0.001316609593785203 -0.000004841560557386 -0.001266040920083636 -0.000002760942571018 -0.001154836262266731 0.000000136377188710 -0.000282081350665827
18.125000000000000000 -0.000023419639402707 -0.000207296477216948 -0.000020402378901676 -0.000253949816410865 -0.000018728176345468 -0.000357978623081167 -0.000017383538882873 -0.000517817041099611 -0.000016454738270728 -0.000438048625733123 -0.000015731541280460 -0.000365186975337849 -0.000015286578357362 -0.000247551544427208 -0.000015020463666826 -0.000296071240504464 -0.000014768419587050 -0.000477321308291643 -0.000014537691019852 -0.000865864766773395 -0.000014219445260562 -0.001153561720156031 -0.000013908284608972 -0.001153057721225700 -0.000013199182074023 -0.001371710648700991 -0.000012609089260034 -0.001422628619195994 -0.000011810263443792 -0.001352060508344120 -0.000010985053497711 -0.001476958264650546 -0.000009639891589432 -0.001474379673539394 -0.000008763835146921 -0.001665088983353461 -0.000007756368086034 -0.001588677682278477 -0.000005981344074437 -0.001337522253114656 -0.000003641939084145 -0.000308646225797839
18.375000000000000000 -0.000022418381503103 -0.000220516607072056 -0.000019943967491868 -0.000383538996573573 -0.000018481537542659 -0.000533752284475656 -0.000017325964872645 -0.000684511513363417 -0.000016521728294065 -0.000617572618164309 -0.000015947493393320 -0.000480881564242654 -0.000015650243214631 -0.000413129039292126 -0.000015437079487451 -0.000523537883369728 -0.000015273085251115 -0.000716599885180208 -0.000015147789760363 -0.001113459833401690 -0.000014986658444337 -0.001498172877325236 -0.000014849920847443 -0.001464184500221743 -0.000014303919105561 -0.001715156072154080 -0.000013777597269536 -0.001834649598546726 -0.000013136899504092 -0.001722301214966175 -0.000012516364853948 -0.001757177988786838 -0.000011439259337356 -0.001736762161730847 -0.000010759041814612 -0.001869273460835842 -0.000009979132898844 -0.001790597733003222 -0.000008486539150990 -0.001447181686813324 -0.000007515819044916 -0.000340613183379190
18.625000000000000000 -0.000021603135904143 -0.000181801962947844 -0.000019630210714775 -0.000403308644540210 -0.000018389310113239 -0.000654835084808492 -0.000017391716965189 -0.000802005805713090 -0.000016735092062492 -0.000731273651095075 -0.000016288773217991 -0.000620970081925801 -0.000016065409410230 -0.000576670869200934 -0.000015850964406230 -0.000720668425154929 -0.000015724774218967 -0.001000116738449263 -0.000015596273481872 -0.001330357569105556 -0.000015504025459506 -0.001820254538954767 -0.000015403973099268 -0.001811483737333273 -0.000014943721584808 -0.002131876953162479 -0.000014499479355621 -0.002191893049311843 -0.000014068123166641 -0.002030055778897262 -0.000013542470896956 -0.001968498847557039 -0.000012774214764433 -0.001967673641375603 -0.000012237349397875 -0.002117180894163538 -0.000011532810796299 -0.001923206611917382 -0.000010222724947299 -0.001491963608277883 -0.000009511226752567 -0.000287239704004162
18.875000000000000000 -0.000021046775112249 -0.000182843768698502 -0.000019706632901136 -0.000552398096827615 -0.000018661111882537 -0.000819730040204107 -0.000017898013587280 -0.000946335046609371 -0.000017428959933892 -0.000872032095867398 -0.000017070519084003 -0.000794615277972148 -0.000016923587401609 -0.000706846052049288 -0.000016825964585833 -0.000905449543307166 -0.000016745907239927 -0.001171608213776299 -0.000016618235700016 -0.001560344068341247 -0.000016580539580565 -0.002076008112733370 -0.000016470401297954 -0.002142286842945308 -0.000016140136951421 -0.002447853075223099 -0.000015790243343949 -0.002567519299378282 -0.000015486706471646 -0.002394914553096973 -0.000015086128119393 -0.002257847155513432 -0.000014690633664904 -0.002298050320695802 -0.000014330682911355 -0.002437023314388943 -0.000013730038918059 -0.002175892435662144 -0.000012568169708517 -0.001678849455602967 -0.000013810432670629 -0.000281973574713011
19.125000000000000000 -0.000019385846284190 -0.000178443353787421 -0.000018542705066195 -0.000660044364511594 -0.000017796669673814 -0.000935843284696139 -0.000017316718965217 -0.000995598649454066 -0.000017161176499160 -0.000924730284487475 -0.000016974111569053 -0.000839064795580358 -0.000017036736386653 -0.000753196689362109 -0.000017059526960156 -0.000958741122867963 -0.000017129821682197 -0.001247738626438623 -0.000017183509357880 -0.001506095088479301 -0.000017231365885626 -0.002067794760808869 -0.000017229778128286 -0.002198261490656214 -0.000016922468314031 -0.002613078848109263 -0.000016706643942862 -0.002787995959281677 -0.000016617062173842 -0.002568799376042057 -0.000016543407476538 -0.002332180092829016 -0.000016510770266695 -0.002394805176625654 -0.000016454354540318 -0.002613996040349450 -0.000016177690490233 -0.002327719564421134 -0.000015171209452306 -0.001750575635897115 -0.000016624937440947 -0.000290347899237264
19.375000000000000000 -0.000017659284322942 -0.000194239585044259 -0.000017346018918009 -0.000758009614285957 -0.000016876256851059 -0.001092777792808352 -0.000016730934961328 -0.001191129343803537 -0.000016790895092444 -0.001150351904869666 -0.000016816824403124 -0.001085610543784823 -0.000017053813101328 -0.001048070488094278 -0.000017234641908423 -0.001255853857014253 -0.000017462955278436 -0.001490605878490153 -0.000017649907613849 -0.001788582007477097 -0.000017837415585698 -0.002336257449737915 -0.000017850446123377 -0.002487482613835282 -0.000017693783242400 -0.002780207131247100 -0.000017639471896682 -0.002968817760060097 -0.000017806449040174 -0.002785228397880954 -0.000017946830940818 -0.002605864394966238 -0.000018233745735638 -0.002667606326296213 -0.000018423119943115 -0.002839329157857128 -0.000018461889877384 -0.002604729918990667 -0.000017962729859122 -0.001863101932710765 -0.000018996065137397 -0.000327101711218297
19.625000000000000000 -0.000016825110210248 -0.000162020326638740 -0.000016797898144996 -0.000793605384967723 -0.000016556823472938 -0.001179689585411240 -0.000016574904387740 -0.001312913996938310 -0.000016817253978034 -0.001221252015639895 -0.000017015262689921 -0.001286508741636896 -0.000017400062548416 -0.001248248007901326 -0.000017697565449323 -0.001446900835181995 -0.000018028388566663 -0.001702467009059308 -0.000018351146932767 -0.001973212256665970 -0.000018663315608927 -0.002476850442176983 -0.000018698170473230 -0.002689121863683111 -0.000018608653245954 -0.002902175320965895 -0.000018702744741159 -0.003058162962540293 -0.000019112718565538 -0.002900190476458442 -0.000019434839061777 -0.002845497142119091 -0.000019885005167752 -0.002875445262321203 -0.000020216713636929 -0.003091614850170103 -0.000020378929423749 -0.002791864420131429 -0.000020198688273115 -0.001955419649520713 -0.000021322275589720 -0.000371632319212051
19.875000000000000000 -0.000015413372097974 -0.000160286437136382 -0.000015869637701392 -0.000830149909288969 -0.000015768889416986 -0.001232844414937533 -0.000015974779837002 -0.001458482898540299 -0.000016286945533015 -0.001469905217485461 -0.000016634774638261 -0.001545011766830927 -0.000017117099787307 -0.001503353415512613 -0.000017542127503179 -0.001736976456373360 -0.000017971903575053 -0.001968623826805713 -0.000018347706178153 -0.002210499484486110 -0.000018756499110431 -0.002657576162946030 -0.000018812958145486 -0.002857027441720496 -0.000018888022936905 -0.003000332113807722 -0.000019120972941034 -0.003129947544945365 -0.000019707742636819 -0.002958637235767817 -0.000020205384518356 -0.002915103749457577 -0.000020773717523973 -0.002995216296091539 -0.000021205800598076 -0.003133731088153074 -0.000021579386201298 -0.002829703173642237 -0.000021587377745277 -0.002008668729739856 -0.000023265469135082 -0.000410287635256839
20.125000000000000000 -0.000014757178726223 -0.000116759850588987 -0.000015315163378153 -0.000775948132348132 -0.000015367532611237 -0.001184590711877920 -0.000015643382480617 -0.001284420016570525 -0.000016065522366740 -0.001357385078297285 -0.000016610117167306 -0.001411349718830983 -0.000017205316326982 -0.001383416195365133 -0.000017740047649172 -0.001687425609779521 -0.000018262623919733 -0.001878199199432483 -0.000018776408257029 -0.002080027225581109 -0.000019304367902214 -0.002415973939183629 -0.000019403480524992 -0.002602041603575199 -0.000019578123521024 -0.002752301762434608 -0.000019897959507992 -0.002894789501853935 -0.000020554329399530 -0.002733621895310091 -0.000021196685790950 -0.002658630468872302 -0.000021789789474961 -0.002807907616595027 -0.000022268876153936 -0.002963920987931482 -0.000022772580572078 -0.002673044908194715 -0.000023052287978345 -0.001917754567564438 -0.000024283566792488 -0.000420112315886824
20.375000000000000000 -0.000013708028023657 -0.000100714069378803 -0.000014613753171137 -0.000620375643173945 -0.000014892488024508 -0.001022265385311225 -0.000015299602066557 -0.001108831037169453 -0.000015894317448260 -0.001254612902605552 -0.000016525550931612 -0.001294536699820882 -0.000017245890246718 -0.001323376435544239 -0.000017936250601377 -0.001695827241767188 -0.000018565014879769 -0.001801694063776409 -0.000019232013309840 -0.001958944351478251 -0.000019825854647569 -0.002304998615500101 -0.000020042575599620 -0.002471668380610853 -0.000020188952773963 -0.002531111535540381 -0.000020509849682194 -0.002719674820473213 -0.000021196931170591 -0.002574750705437639 -0.000021863177537145 -0.002467195069592153 -0.000022482028664257 -0.002714093639633787 -0.000023030700145027 -0.002845291034916269 -0.000023559733059043 -0.002527126838404700 -0.000024242744153072 -0.001828207384414894 -0.000026193858007641 -0.000437666333003211
20.625000000000000000 -0.000012677995857228 -0.000144487825562344 -0.000013530029820804 -0.000534202583619138 -0.000013887209730541 -0.000884389219697150 -0.000014374064425962 -0.000997517412671346 -0.000015029061023341 -0.001192434839247965 -0.000015706519540155 -0.001177100289777489 -0.000016489936469541 -0.001187819440710197 -0.000017248707157160 -0.001562753775085366 -0.000017916848234415 -0.001639667170814612 -0.000018717135269221 -0.001803636770302981 -0.000019309724045591 -0.001958884859713762 -0.000019561783255636 -0.002157181093463416 -0.000019865903348546 -0.002119765067935485 -0.000020284688944530 -0.002256142016804627 -0.000021128577586824 -0.002110951693020173 -0.000021929363084809 -0.002163697768524093 -0.000022676911147554 -0.002407367125149512 -0.000023237479121493 -0.002595755941817782 -0.000023898426158324 -0.002271204749184450 -0.000024923528389030 -0.001665015965883994 -0.000026951917795872 -0.000411252756180686
20.875000000000000000 -0.000010343418033091 -0.000197269439735960 -0.000011417119261852 -0.000522535134131828 -0.000011958972127380 -0.000800167941204658 -0.000012583066446856 -0.000921755576107599 -0.000013308087452799 -0.001160552369886157 -0.000014066415434760 -0.001100801615239086 -0.000014908929397031 -0.001070785829497112 -0.000015813205087905 -0.001447027466900288 -0.000016677393366864 -0.001481495097551505 -0.000017736371681116 -0.001655177333741792 -0.000018485736411862 -0.001731821048337804 -0.000018946034550036 -0.001941751838865450 -0.000019360450563348 -0.001813064932715442 -0.000019915724009581 -0.001919117150099862 -0.000020890936839454 -0.001815202280095350 -0.000021826023159840 -0.001964868938027903 -0.000022718121282399 -0.002295593595152596 -0.000023380772254592 -0.002457228111802712 -0.000024199772093164 -0.002182230635944290 -0.000025467359038569 -0.001551819640478288 -0.000028058880278059 -0.000443862571941332
21.125000000000000000 -0.000009236002357651 -0.000184756181229124 -0.000010236173117847 -0.000460545860762848 -0.000010571115209112 -0.000829508395014326 -0.000010922562488943 -0.001030404217534175 -0.000011486108213869 -0.001275325054247487 -0.000012296264182645 -0.001282103917669496 -0.000013206664115140 -0.001185543185369863 -0.000014181891907262 -0.001619953691972933 -0.000015029734503162 -0.001547724393320784 -0.000016291532445282 -0.001705726058920975 -0.000017217037587878 -0.001588011140397418 -0.000017791748258197 -0.001616469062380910 -0.000018556711443548 -0.001350185836192330 -0.000019367021443765 -0.001334197227966904 -0.000020646720014488 -0.001259242526536829 -0.000021742486509283 -0.001528255757269609 -0.000022521408464104 -0.001919101630841331 -0.000023021286392908 -0.002137292879750863 -0.000024056412138981 -0.001815737304946123 -0.000025767272854412 -0.001390720071980082 -0.000028992514414825 -0.000485846155697566
21.375000000000000000 -0.000005861712094197 -0.000309132176844972 -0.000007282395259622 -0.000469750156037585 -0.000007899710560187 -0.000753191019984988 -0.000008465922883024 -0.001060066828781533 -0.000009007822910903 -0.001417599150791983 -0.000009822111000221 -0.001343003246982419 -0.000010631513278647 -0.001223938157056802 -0.000011614750442436 -0.001680463157392013 -0.000012638743539670 -0.001573490021947458 -0.000014126870099205 -0.001613252043237278 -0.000015269646101255 -0.001370408877197537 -0.000016272884974806 -0.001397601431408323 -0.000017271715232245 -0.001173777154996091 -0.000018208197293136 -0.001088936394555075 -0.000019580377669425 -0.001002022358911691 -0.000020991835553948 -0.001306130976216301 -0.000022024718923918 -0.001770431760754995 -0.000022769255699071 -0.001925312886517300 -0.000024022864252850 -0.001655743081483914 -0.000025910873254157 -0.001255259535314451 -0.000029505529318164 -0.000516511649065520
21.625000000000000000 -0.000003499679641674 -0.000363534472606820 -0.000005126024195975 -0.000299394221380866 -0.000006173769767952 -0.000456108108472647 -0.000007000693895733 -0.000735695112426385 -0.000007736257338484 -0.001117846863723230 -0.000008632507071607 -0.001121328447481000 -0.000009481134873025 -0.000938383362915396 -0.000010526595903533 -0.001291767273202677 -0.000011648546174244 -0.001220442150945309 -0.000013327426873082 -0.001040055164392803 -0.000014649351272738 -0.000777065240303433 -0.000016164032733424 -0.000905792200795310 -0.000017622125277428 -0.000938794714743020 -0.000018713157141341 -0.000779484828406432 -0.000020188796013328 -0.000764927494269721 -0.000021769589707747 -0.001097994273108900 -0.000023110195084549 -0.001544295250030856 -0.000024144955010417 -0.001635231668146797 -0.000025384939988513 -0.001438774960633010 -0.000027586646082367 -0.001050818276582084 -0.000029159488800218 -0.000487803271963565
21.875000000000000000 0.000002193932941051 -0.000405150043919472 -0.000000148644365079 -0.000125205627639061 -0.000001660585312363 -0.000329260014673844 -0.000002704558095876 -0.000756960360659515 -0.000003594088225089 -0.001253664930359327 -0.000004519462347574 -0.001209915717990256 -0.000005394796041769 -0.001236845318698823 -0.000006498212573639 -0.001417136619769638 -0.000007681843721745 -0.001423449570213689 -0.000009352249138512 -0.001201287008452705 -0.000010686824200143 -0.001057131762388370 -0.000012348619739202 -0.001243994045259810 -0.000013876265032479 -0.001217653044536829 -0.000015148009190543 -0.001008361951469854 -0.000016795048774247 -0.000974947798700255 -0.000018655283318020 -0.001225258498787367 -0.000020092793068905 -0.001626162901064264 -0.000021449641049767 -0.001513621855891852 -0.000023029404098533 -0.001414265234303232 -0.000025720689430894 -0.000950698383973406 -0.000026085758970561 -0.000414458171324659
22.125000000000000000 0.000004587733793912 -0.000404200359590652 0.000002462309576773 -0.000139216243229833 0.000000865274690796 -0.000360806743837459 -0.000000248588184187 -0.000788652185156706 -0.000000942545081444 -0.001227342271636009 -0.000001750777639517 -0.001248331876242750 -0.000002427134596552 -0.001298867629840709 -0.000003372300045630 -0.001445184298519339 -0.000004335613737426 -0.001541566634170281 -0.000005756064473827 -0.001279777768881082 -0.000006983047959747 -0.001025662479441731 -0.000008501533832266 -0.001012885632239019 -0.000010061831890517 -0.001115448534016709 -0.000011249381517126 -0.000824127369969234 -0.000012807750032701 -0.000664986135019276 -0.000014718739901791 -0.000717107263121826 -0.000016217846562536 -0.001067715120042831 -0.000017782305383616 -0.000820159640053584 -0.000019904050950052 -0.000761127954136345 -0.000022872379320788 -0.000529231285347184 -0.000022444418888564 -0.000452285082794444
22.375000000000000000 0.000007970698312342 -0.000295326931537000 0.000005237179675731 0.000035055924760739 0.000003235580426114 -0.000243256950537873 0.000001828082515087 -0.000493236051776677 0.000000939777609346 -0.000955232316282810 -0.000000031630286262 -0.001104940099313729 -0.000000703278727646 -0.001269547163212367 -0.000001712371558530 -0.001340841297119104 -0.000002694676530754 -0.001414079342954527 -0.000004029347707512 -0.000933138398352534 -0.000005467677999749 -0.000922519798038023 -0.000007156484509894 -0.000848786963737241 -0.000008543396737396 -0.000959601127628429 -0.000009755144440223 -0.000755778777457852 -0.000011088907775211 -0.000562889511341571 -0.000012856598637998 -0.000589209456651938 -0.000014377411876780 -0.000742731266565528 -0.000016290604641642 -0.000284468422031886 -0.000018547858451177 -0.000361168816587606 -0.000021687241703617 -0.000196148863255956 -0.000023285125795598 -0.000387359106069794
22.625000000000000000 0.000008183712916933 -0.000242982394270505 0.000005446765967587 0.000117574673569731 0.000003521524661460 -0.000187854197808992 0.000002151535780095 -0.000360749911494135 0.000001264189073461 -0.000703834161258347 0.000000372339414641 -0.000941470850373722 -0.000000127692943191 -0.001200903523565567 -0.000000976568751744 -0.001178309620841044 -0.000001658917470252 -0.001059186106713062 -0.000002703144496829 -0.000858082010673169 -0.000004020200670970 -0.000872387536130258 -0.000005511341194709 -0.000662309719569862 -0.000007072755798333 -0.000817367038361618 -0.000008244254010559 -0.000598142675958295 -0.000009366903339492 -0.000276547529655693 -0.000010937090561787 -0.000198937352045736 -0.000012323971850007 -0.000170205668500960 -0.000014384493267544 0.000338956156894903 -0.000016946017383730 0.000244428793965484 -0.000020494603766944 0.000154386958737377 -0.000022169609863423 -0.000350900291287652
22.875000000000000000 0.000010619157680713 -0.000234663667983656 0.000008068158027572 0.000144707781895404 0.000006215573324047 -0.000167476011303984 0.000004903928076130 -0.000278975129693605 0.000004032994255046 -0.000627916463271527 0.000003241715812251 -0.000943163976125810 0.000002903825516216 -0.001288657872227166 0.000002196926930757 -0.001342228969818360 0.000001805118759015 -0.001268188334421070 0.000001004569185551 -0.001328767468841327 0.000000028578814794 -0.001166783202941205 -0.000001031856314227 -0.001012740257536060 -0.000001965947626107 -0.000863735134706394 -0.000002833362365368 -0.000653663815767936 -0.000003816653586190 -0.000244753764959177 -0.000005494723506943 -0.000078550310710944 -0.000006715690000164 0.000135653807364245 -0.000008903547657926 0.000807855789758510 -0.000011824007402117 0.000804296465696075 -0.000015764807492393 0.000429947222907052 -0.000019864763336614 -0.000326758037744702
23.125000000000000000 0.000011111503805715 -0.000216821603005516 0.000008924096316181 0.000180336232425270 0.000007180912374374 -0.000047702460099955 0.000005784411449331 0.000087026104418609 0.000004864373478991 -0.000224635740740662 0.000004038641518617 -0.000507479361562832 0.000003630539399888 -0.000740095001622456 0.000003026771764882 -0.000989521731091791 0.000002655601420617 -0.000991638261676416 0.000001944247810135 -0.001040148842408394 0.000001127731767832 -0.000925808356346853 0.000000373561849278 -0.000822545045834458 -0.000000167568964198 -0.000713729861250245 -0.000000767054797990 -0.000559713743205513 -0.000001567621518663 -0.000085880714057755 -0.000002929748098548 0.000176144396654188 -0.000004072327084533 0.000646850287327665 -0.000006419414241819 0.001299305311891835 -0.000009357343591565 0.001507115517845601 -0.000013419817538743 0.000832460865819856 -0.000019331054653153 -0.000285030947500492
23.375000000000000000 0.000012954068675910 -0.000201228288771365 0.000010758050410585 0.000246831521624294 0.000008873738599518 0.000214499341120543 0.000007223213929775 0.000557209196328839 0.000006000898939840 0.000301382063454743 0.000004896657604106 0.000042162698265200 0.000004293678108827 -0.000262868710056225 0.000003697391881564 -0.000517972304301757 0.000003185317319054 -0.000624007249388762 0.000002534883090654 -0.000812049822170709 0.000001919543606696 -0.000950993753886341 0.000001494068090187 -0.001097923084470024 0.000001187505391507 -0.001045502330756061 0.000000629533678014 -0.000871009865141232 -0.000000197592878570 -0.000471459548722864 -0.000001498586946108 -0.000252793602056345 -0.000002505739459069 0.000507289066859748 -0.000004476178063079 0.001076853197129585 -0.000007201208015992 0.001508440857324881 -0.000010910228160741 0.000968265637882835 -0.000017478399313522 -0.000161271491345343
23.625000000000000000 0.000013579016802989 -0.000192939062226426 0.000011590589136438 0.000266671179504453 0.000009756461156374 0.000382029892484250 0.000008099588028840 0.000762565693939914 0.000006832138287845 0.000655757664331688 0.000005735478289671 0.000381260836690918 0.000005086682207356 0.000055220307275995 0.000004385874848706 -0.000287305893103417 0.000003871673270246 -0.000466168973878243 0.000003408596289832 -0.000916541600347266 0.000003189995537097 -0.001063061673414976 0.000003031088297821 -0.001173571655146083 0.000002805582364930 -0.001075523397320544 0.000002275884072930 -0.000868226478362725 0.000001408929127072 -0.000483826324174280 0.000000094303397936 -0.000103071283695063 -0.000000968353161966 0.000464679259345539 -0.000002724320438266 0.000941715881665018 -0.000005026739446861 0.001282457516170702 -0.000008040594193888 0.000893006258070851 -0.000011570520485450 -0.000163603721084256
23.875000000000000000 0.000014838568406889 -0.000195255408575584 0.000013014653211581 0.000246891897859571 0.000011067560265919 0.000478017363781185 0.000009331429102068 0.000857993893577585 0.000007924771559585 0.000700184704200710 0.000006682789731072 0.000490427763029811 0.000005760980638243 0.000166142965418539 0.000004912510574576 -0.000256998240153316 0.000004352317506241 -0.000700192313403801 0.000003977317412105 -0.000973184888232789 0.000003876884786941 -0.001046927862369658 0.000003961777633324 -0.001232507736339272 0.000003962856880488 -0.001144671635713589 0.000003551831226417 -0.000870898923218389 0.000002723579326861 -0.000623273717501611 0.000001539985583068 -0.000254687912634973 0.000000243289256869 0.000319264599869958 -0.000001244667362493 0.000663804621871543 -0.000003260823416533 0.000997213578547880 -0.000005738126521423 0.000791046311560164 -0.000009287667508615 -0.000099955980016995
