# Index(['mlt', 'mlat_eb', 'ef_eb', 'mlat_05', 'ef_05', 'mlat_10', 'ef_10',
#        'mlat_15', 'ef_15', 'mlat_20', 'ef_20', 'mlat_25', 'ef_25', 'mlat_30',
#        'ef_30', 'mlat_35', 'ef_35', 'mlat_40', 'ef_40', 'mlat_45', 'ef_45',
#        'mlat_50', 'ef_50', 'mlat_55', 'ef_55', 'mlat_60', 'ef_60', 'mlat_65',
#        'ef_65', 'mlat_70', 'ef_70', 'mlat_75', 'ef_75', 'mlat_80', 'ef_80',
#        'mlat_85', 'ef_85', 'mlat_90', 'ef_90', 'mlat_95', 'ef_95', 'mlat_pb',
#        'ef_pb'],
#       dtype='object')
0.125000000000000000 0.001872797291945115 -0.047176634572597943 0.001689137531867511 -0.028253824360993544 0.001465379364693516 -0.034561257105833527 0.001251546530587345 0.014274520170022967 0.001070995040239787 -0.016463802507212324 0.000877097909170901 -0.002210942920936117 0.000709662949142693 -0.026529951432677838 0.000516662702255840 -0.044778203100720761 0.000381213046375190 -0.079738619008458800 0.000279645060959591 -0.084346429974259743 0.000223464898114376 -0.057110367786189345 0.000203006021001093 -0.021057062150604395 0.000130533259263881 -0.047392677785790573 -0.000035033486303671 -0.018941842820339398 -0.000200649996187475 0.058773899250842580 -0.000400657384512545 0.109485766303830626 -0.000681880883552958 0.166309545856979879 -0.001023813725338822 0.150542924467431588 -0.001296363166104405 0.124135408498753028 -0.001730164395909579 0.113443310718293250 -0.002156920028630399 -0.049212770484387706
0.375000000000000000 0.001842284849388556 -0.031948240743209712 0.001597767707602087 -0.001454747144971432 0.001318487175412740 0.006653188354727316 0.001080837071976789 0.047638944240240871 0.000894999736888564 0.019390071465005203 0.000711108382612916 -0.004386444161460805 0.000518068141575857 -0.040026972159971808 0.000282919879336580 -0.051384655973123632 0.000174038929227114 -0.098274093465479051 0.000102994963554337 -0.151191697107488976 0.000076836467296560 -0.117010908906410735 0.000091361313191097 -0.070587465537470445 0.000032036622634544 -0.081269292851225236 -0.000103149308257621 -0.005827143966940886 -0.000257058700422879 0.040887282902086416 -0.000443876722120283 0.077340079202567150 -0.000711394452413848 0.130132492151290496 -0.000954330380313240 0.109841521616045892 -0.001137448724461356 0.101251104508747178 -0.001490973657959411 0.108917351614980520 -0.001729698858926432 -0.054482999545512840
0.625000000000000000 0.001705782769318541 -0.010593636982108112 0.001369499493984559 0.040654202078002299 0.001055968228834693 0.059950311401544505 0.000796543828151279 0.078898179096471871 0.000594337300340574 0.033594467881103533 0.000447631110617838 -0.005867227186662534 0.000263683724539153 -0.030071113015585918 0.000040913587112894 -0.051773099127152923 -0.000066031178946957 -0.102442378726262551 -0.000152799941119844 -0.122065069301700732 -0.000173789323461589 -0.091569036266767753 -0.000179305810486072 -0.043459098091179170 -0.000255263389183943 -0.059983359138863372 -0.000321277782761553 0.018228409309587162 -0.000424398601399969 0.061771515078568907 -0.000589915294276021 0.105173118477168662 -0.000834280386443505 0.125500997423137528 -0.001022998736558043 0.115564190425451491 -0.001169350417184774 0.089864145378975510 -0.001463783226608269 0.125391832634178912 -0.001792926776292715 -0.046484854069445074
0.875000000000000000 0.001664308714514034 -0.007717814938492283 0.001255429411929565 0.056384533087360494 0.000926716066588261 0.082345974656431856 0.000664359715179013 0.074902786258215115 0.000454618841283972 0.013841490473475009 0.000326849480441303 -0.046446121276375985 0.000152274325101346 -0.062006651394047096 -0.000028088224270543 -0.091445541377711145 -0.000121560767965500 -0.138875135343511619 -0.000180386836775089 -0.180768486449693566 -0.000198433052621606 -0.153708885317509647 -0.000189153537174736 -0.118322137926748339 -0.000233150301254721 -0.136770439346427630 -0.000236408481665360 -0.033897226065020429 -0.000320302801170387 -0.005340134740232292 -0.000477214381790024 0.057366725914710259 -0.000681203890671529 0.095503837887576340 -0.000843051218841828 0.075106775003903836 -0.000972857311637851 0.096851502297270270 -0.001301465809092060 0.126975017755823649 -0.002010212217066151 -0.021815550588715125
1.125000000000000000 0.001799002063227169 -0.002348067881883102 0.001363758088401690 0.059985730095139259 0.001039363239835336 0.081200647142673207 0.000800091762907239 0.092856096208206632 0.000600974909814689 0.031537963007658175 0.000482837236604106 -0.038898846988358229 0.000349066224272100 -0.055253551385894772 0.000207689009268198 -0.105229091945526432 0.000142589490882626 -0.138013397907760765 0.000097787537367564 -0.185727596523453942 0.000081379168495656 -0.179310862934672688 0.000057490284832401 -0.159555893600709459 0.000041403398985656 -0.197637744922869951 0.000078804552402261 -0.101589181696694439 0.000022977389158694 -0.077954456066759645 -0.000105770578404311 0.010157838855369786 -0.000241067802910740 0.032371724741394707 -0.000395603566162865 0.041845573721979182 -0.000461333679340439 0.067364182427861199 -0.000657759107005994 0.109005178376468642 -0.001424657694316529 -0.017984334293268320
1.375000000000000000 0.001791319619756284 -0.011391458215317986 0.001325625995349258 0.035244861052264362 0.000997127045453982 0.064168673664512427 0.000748461054599272 0.062643566386895555 0.000541485058962791 0.011336148663088460 0.000418681550163564 -0.068267355874176927 0.000295468481975551 -0.092505167130773114 0.000186280288689854 -0.147221282687036520 0.000131889118447276 -0.191710374273720369 0.000086025346957954 -0.233344463747808706 0.000062776654478657 -0.218063955571202867 0.000024234314040997 -0.193073986540206355 -0.000059180095549133 -0.213801805983569793 -0.000076779711553599 -0.131267641424888670 -0.000130783737110833 -0.124947943234979555 -0.000256579478238176 -0.033364832393068415 -0.000400577429681715 -0.014084900820931093 -0.000523485905804996 -0.000614230121539196 -0.000646173605173369 0.054337267530791732 -0.000849029087389984 0.074594940313725350 -0.001693838469400891 -0.016933044708471894
1.625000000000000000 0.001976978610748620 -0.025413964874421616 0.001449996035488016 0.002832609351950574 0.001119594513031841 0.018469366669295027 0.000872340865231614 0.028909272236686025 0.000658369906524164 -0.015920773380645667 0.000493260812717318 -0.084603266847815300 0.000371138179559095 -0.099659099980161744 0.000304023103706482 -0.179533166230518293 0.000233839340273399 -0.216328771560081567 0.000151791591647161 -0.235609479201709410 0.000103253667162040 -0.208620722753161181 -0.000038220219007607 -0.193929187751232412 -0.000154733118959535 -0.214853133853629613 -0.000189565348821282 -0.167658794098776431 -0.000260179828885385 -0.152691889501851114 -0.000435739766923539 -0.067480788425349408 -0.000594858150240117 -0.067015011423766965 -0.000743452423973463 -0.027464390086584821 -0.000879175644848527 0.001205443694258945 -0.001053218907938811 0.008782168323540724 -0.001945752782348067 -0.013058822660329105
1.875000000000000000 0.002221394101477295 -0.041379507122165461 0.001735819994522977 -0.004100525036353354 0.001414614748414657 0.006994276983640497 0.001184263562658706 0.038468283624075429 0.000922312795253350 0.006702328564458161 0.000747594538227110 -0.045949983226260933 0.000623182905673363 -0.082825008281283127 0.000544232587536510 -0.167298914837098855 0.000480431261995814 -0.214458331061403107 0.000408127387102091 -0.234830261366996557 0.000353188909321232 -0.192022660207487067 0.000200329232978657 -0.183941086861661163 0.000097160146569796 -0.197728947160271784 0.000015587052138423 -0.171924674947983996 -0.000068124903524260 -0.161582418857116772 -0.000249517024404331 -0.060682161173772439 -0.000442413509378222 -0.059903874617021902 -0.000651483992057200 -0.033922325679759509 -0.000730321903696597 -0.026222632243381803 -0.000850518443358371 -0.033530505479728044 -0.001841410437166516 0.006840174599776342
2.125000000000000000 0.002852796393526638 -0.058610946642688858 0.002319664363087640 -0.036677138371468909 0.001877307921367024 -0.052217031887346735 0.001603403987113407 -0.004164576576127237 0.001314824537572631 -0.020751373680350044 0.001106252161248231 -0.058584075220208039 0.000939074295226080 -0.110536346680694508 0.000813583426405410 -0.185961469019486403 0.000732395892332988 -0.240463167814986584 0.000622191408311919 -0.238397141603616858 0.000530286833119897 -0.192919996862500748 0.000346837960821863 -0.195854327377056964 0.000198306897896808 -0.214209636746884868 0.000060698001044117 -0.195058573122342038 -0.000095727504418318 -0.174255966558366643 -0.000314952254545731 -0.085433738415700955 -0.000590309162275980 -0.072844669296389331 -0.000844743986660036 -0.044658694500860095 -0.000972204997122127 -0.054772379057398027 -0.001080901974598887 -0.062087174567895295 -0.001871316682574676 -0.002283934845864016
2.375000000000000000 0.002920765231859171 -0.070215574412738971 0.002339900263143907 -0.057566027337774411 0.001860144763960602 -0.058869974658301592 0.001558549163102608 -0.036242158984917984 0.001253428617683217 -0.059701670529705812 0.001052603961275317 -0.104798682383881722 0.000850390629229237 -0.171824264132688947 0.000718057704161639 -0.241003191236003361 0.000605714719664546 -0.284898076835337355 0.000470140707108378 -0.273104056171524279 0.000365577606196980 -0.253036692720645662 0.000180237480616909 -0.252510527259496631 0.000003973754882859 -0.232999789527946033 -0.000157320571407270 -0.222353514033586719 -0.000341017147940359 -0.187984506348822022 -0.000572908750735229 -0.115275930238157964 -0.000826042388420356 -0.091957780922174437 -0.001059370422845340 -0.075459183001307009 -0.001246420734807351 -0.076572179257854034 -0.001401971919662763 -0.082358039767975122 -0.002113242517116644 0.011122658552565737
2.625000000000000000 0.003072166584014564 -0.070133437727421727 0.002418401378512097 -0.060847857411942659 0.001938083242374908 -0.085832670381027196 0.001645087257768110 -0.068274832259520843 0.001358392609739600 -0.116522374727813627 0.001187001870946243 -0.178083740107001232 0.000997103203957253 -0.240173890265348189 0.000895526589088976 -0.305091524331320474 0.000786301977241207 -0.336763484445604444 0.000652681589195161 -0.334579391451994446 0.000563011833054429 -0.309550665688220650 0.000402775023133896 -0.295971937424012121 0.000265654984020228 -0.254469365703102079 0.000107800294551070 -0.223170409109845980 -0.000114147259782817 -0.167832873445663278 -0.000379016906654364 -0.112797886274937184 -0.000651494284174785 -0.096602223249737829 -0.000886127656051868 -0.073634166648762323 -0.001084807347289238 -0.073010125022615877 -0.001292035745962013 -0.057696546715093312 -0.001853954514466576 0.015985899596461017
2.875000000000000000 0.003409378114160017 -0.067848720558764869 0.002739115172150270 -0.051815486688650755 0.002275156870342822 -0.093703534211736800 0.001966540659614152 -0.082855623554339120 0.001701892864752386 -0.142693052653038943 0.001574295423958141 -0.205651725873096380 0.001409275291108717 -0.273738822194233122 0.001305876938646102 -0.301167989604569364 0.001196830024013659 -0.334572567028943113 0.001089897228797750 -0.319902564324385408 0.001002450981641990 -0.307649325113472927 0.000899218073570135 -0.299431504579093954 0.000774609730036527 -0.239076536175460957 0.000612151131899441 -0.221082915982755063 0.000401808421899075 -0.156736904912940178 0.000167973082631443 -0.102151752833729015 -0.000111835339400051 -0.076077492139369179 -0.000347277633093189 -0.066123126891164591 -0.000611086036677719 -0.070130041364260570 -0.000918988531681646 -0.052122420998710464 -0.001494467281220137 0.019085737058131925
3.125000000000000000 0.002900122448395863 -0.019646225775967061 0.002236236742163253 0.016414235355454641 0.001801765773472960 0.002475636229490763 0.001520410366201150 0.025540062520734267 0.001299918215699077 0.003372065684781976 0.001158217484235632 -0.036319240022756369 0.001013028306596367 -0.093853800801235662 0.000920186560993601 -0.140408676541873639 0.000837740423658886 -0.163747178792328002 0.000739238705128953 -0.164106562771355269 0.000660778142692369 -0.132691562365441107 0.000536669888190808 -0.115674126389728654 0.000431082416680417 -0.077216919293002922 0.000299993831548046 -0.075539780264887640 0.000145585518673423 -0.046649650567117729 -0.000054817593827864 -0.019180137477791754 -0.000269854872853047 -0.019539319858821434 -0.000458995276269411 -0.014363530357037042 -0.000606183511926347 -0.017656585486419303 -0.000789750246641750 -0.008894335980897540 -0.001511065344970322 0.023610053866263223
3.375000000000000000 0.002771967821240245 -0.009228896494933685 0.002127634138904454 0.043690589618704409 0.001699694634710266 0.042500449438476126 0.001418420773192831 0.060859702261605225 0.001209229215868714 0.037097172679385552 0.001096494116748450 -0.001474242549307093 0.000969028533415777 -0.048626352052326953 0.000882242699889617 -0.074451132594663766 0.000803880541779354 -0.102453151641592091 0.000726576436726538 -0.103641773177317612 0.000657704749693882 -0.083503363766065875 0.000581886019965519 -0.063231010512230609 0.000494691908970893 -0.019453397667268630 0.000367304814431743 -0.030727238021692416 0.000226494031436517 -0.000905064504275631 0.000058986516774962 0.009195890601017267 -0.000141189645957631 0.023530409228209832 -0.000312378049017239 0.006699832781184707 -0.000465783381104040 -0.003028061392762665 -0.000599887432829699 0.010151921687221496 -0.001280698453732909 0.030512865487151281
3.625000000000000000 0.002522567849335585 0.009040913263149241 0.001837847489872816 0.062854906679846376 0.001402124928787583 0.065545329887740630 0.001130454100698969 0.085046254421648412 0.000966528053693889 0.056607793455720007 0.000867216495912930 0.003900880592029453 0.000752155960879347 -0.022929556507660313 0.000674699978220961 -0.034401799235255465 0.000599864260204068 -0.052234022283449442 0.000535355074821503 -0.060075202196281922 0.000470516077429537 -0.043060773605846418 0.000392373691428406 -0.028972493107157250 0.000303423624770220 0.011134195814729252 0.000193358800569819 -0.004232093783512078 0.000060062510396719 0.028821339289599426 -0.000103427159273033 0.028175657956445166 -0.000294374980195967 0.033637539005601021 -0.000468002864833250 0.020734039831872227 -0.000619616728653919 0.002557418766026544 -0.000774672950209576 0.016903223331542799 -0.001305586517205301 0.030991278313492313
3.875000000000000000 0.002043167965934838 0.031997433289735686 0.001389186248046045 0.100863028377219333 0.001038620374864904 0.110336130391217313 0.000797444392354908 0.124949110924330462 0.000651754272914973 0.101286346430065330 0.000581301627707415 0.057100495153485885 0.000499845589011076 0.035931888820801061 0.000438020574438833 0.023609475396611523 0.000383089439338628 0.012372265898474033 0.000331198745875847 -0.001639615853754880 0.000284641108821343 0.022908649864447586 0.000231659836058806 0.034078012389352950 0.000157535099495760 0.072493786719679154 0.000074155494715134 0.047713048225697378 -0.000020607590032232 0.084439699589768241 -0.000150519377038205 0.069746536314503102 -0.000294384649872889 0.056501197973892449 -0.000408152774251397 0.034123614343755104 -0.000573019629873353 0.022028791912616072 -0.000657211360875657 0.040817648767233636 -0.001110027095968494 0.040432626362216145
4.125000000000000000 0.001852557754685255 0.053538056822091097 0.001180607023742122 0.141724525442763177 0.000848749246622223 0.156561695447012816 0.000599580125631330 0.175201046465784327 0.000463063783566950 0.167380679594480608 0.000382516575578592 0.125451737880980296 0.000316658519558452 0.108147189361787868 0.000255027796861765 0.106418989779506590 0.000218128571915107 0.101654767691427242 0.000175325280407867 0.079255067287342856 0.000136321950591793 0.118791005993863885 0.000079279565828993 0.126802589839852792 0.000022320292060982 0.152335226474066249 -0.000059259510582557 0.108336609939698347 -0.000131080862554471 0.131350893966066640 -0.000238308165196829 0.110227830870319843 -0.000384705884345420 0.078011564315376106 -0.000512903254180976 0.065653102109486841 -0.000645848825181496 0.041663731867005879 -0.000688469397396529 0.056953111105959534 -0.001167100727180196 0.044057407439246347
4.375000000000000000 0.001482449408644633 0.068361794071940915 0.000882998196295714 0.190568354916303223 0.000597836535439549 0.220175418523805455 0.000359323870978335 0.253607208673495621 0.000230342359898883 0.269779791757776499 0.000146088038301660 0.242599372251538214 0.000076629897082525 0.219266242284733182 0.000024651267077219 0.221739518543036196 -0.000013908324569044 0.216719130673321325 -0.000046770545449780 0.201054687547744915 -0.000078058866817461 0.238672566057710617 -0.000128154271318764 0.245158935614269963 -0.000165101964201496 0.253647675565406849 -0.000221991683582797 0.197099386097163404 -0.000258757408553177 0.189454298568947965 -0.000322809478381408 0.159015841576783723 -0.000434532497688362 0.115997398266428520 -0.000480514708890377 0.092341770260136458 -0.000546357664856103 0.067322250003793715 -0.000474536297481547 0.073465593583387917 -0.000654969959909748 0.073418531606673165
4.625000000000000000 0.000897572412473378 0.072048235984969664 0.000352390086314095 0.199051937114228944 0.000101488569044602 0.254489527731044551 -0.000091740069618702 0.286715555235213915 -0.000209672149852190 0.317315117129834512 -0.000287582077070362 0.290798718772296738 -0.000354694332144965 0.275203581356047944 -0.000379864996293940 0.279929458141746579 -0.000398641923901832 0.285779384789579705 -0.000415842062354981 0.263086336332389203 -0.000429582815427350 0.296439806067134215 -0.000452748409856375 0.320364143258580925 -0.000483119913743267 0.317311674131808941 -0.000536755113191398 0.251052134859625131 -0.000568295439688219 0.248610378106788876 -0.000609559620721917 0.196756756011061462 -0.000693981274169520 0.148924439891786525 -0.000707921982217809 0.118347309343204213 -0.000739914260155860 0.079446763567139908 -0.000541197186588704 0.083875555018562406 -0.000627398129773681 0.078314529142048242
4.875000000000000000 0.000616038524376570 0.074529492084381019 0.000103548307590161 0.201934446223551972 -0.000113198492351145 0.270935625136028424 -0.000270039343670694 0.300733994795999382 -0.000368582518010571 0.328576899847240311 -0.000426682587997183 0.283819468643797201 -0.000471683343632372 0.295128189108166517 -0.000462962988417256 0.288036669130887713 -0.000463466099755164 0.293038858596653184 -0.000466496078051224 0.277308617457665829 -0.000485346647211596 0.308273185810372219 -0.000491509194294327 0.325647395130316042 -0.000520852395688069 0.332053289453049127 -0.000567893280055620 0.267813982673265005 -0.000595058346438896 0.270656970225653493 -0.000639061573016878 0.217731443020236143 -0.000704294766758847 0.171288981445241906 -0.000691740057394355 0.139089460737316234 -0.000739399820041615 0.090584005096961795 -0.000462053266911328 0.086542878750422048 -0.000335486193964041 0.083751554498587996
5.125000000000000000 0.000697154696583912 0.067617884789123631 0.000155890635589692 0.187668183507716718 -0.000065308587719193 0.237584968057294149 -0.000229106268863809 0.275488187112129690 -0.000328707092976473 0.291672376134856359 -0.000364210109936677 0.253797728322029015 -0.000401266610836271 0.263209727276741079 -0.000384324140706476 0.268237998765114505 -0.000373537137915607 0.268857943908291319 -0.000371746802434683 0.238550767907192152 -0.000373573262962847 0.276926830065319762 -0.000368945186749670 0.287393792847224772 -0.000382457842164876 0.275739012303601483 -0.000401172404030933 0.230860111503443488 -0.000415169836518259 0.249547600504443162 -0.000464980865350294 0.205783031217551343 -0.000521657469207342 0.150033977253121675 -0.000474593395297632 0.128054890861515058 -0.000518497863526881 0.080805705660867311 -0.000245455984264076 0.092131777714009780 -0.000006844963693702 0.078981262670450983
5.375000000000000000 0.000256691692429223 0.060724677224341814 -0.000201180456928337 0.163070217901266051 -0.000362304016727507 0.219597355890416762 -0.000493057713536822 0.248038683289853651 -0.000562354984639203 0.286281828234055680 -0.000578476523828034 0.233015981747365486 -0.000614878912391249 0.251934441157574296 -0.000582503235380556 0.260183228653573073 -0.000553955828992203 0.276250307390851768 -0.000554561257326369 0.269461563011867411 -0.000545527158993555 0.293214993163467774 -0.000518019255247681 0.303076618736002501 -0.000508774261507222 0.297445742693033477 -0.000516444131236867 0.257861828062542930 -0.000513820747052291 0.275150693052329642 -0.000535467398092294 0.235567691625402587 -0.000565179927921139 0.179463094612534929 -0.000516395023841229 0.162813199301711176 -0.000575682022747997 0.097520577268914749 -0.000346722968584924 0.100652056195224313 0.000248068788426929 0.094226642324640481
5.625000000000000000 0.000094596220575192 0.055488653416376148 -0.000308282083219547 0.137792918901102623 -0.000448523462214415 0.184008792382756359 -0.000550108131694695 0.206630526010288390 -0.000582110435233409 0.245342585625212134 -0.000585554653346180 0.201235023764081838 -0.000602817812594440 0.203772293976849400 -0.000559697394355166 0.228154497839852005 -0.000505014570488255 0.256075868938828222 -0.000485268695605219 0.254549043307095491 -0.000460034325960177 0.280216478881193665 -0.000409108964837016 0.278966177892248590 -0.000401917350552441 0.282077880008969994 -0.000399961002706796 0.240624882005299634 -0.000392361519704816 0.258622019864247543 -0.000386535589807903 0.218176145915027070 -0.000371706884480372 0.140113692267081841 -0.000294343845106881 0.142649327880929044 -0.000336768768019257 0.096201318920280540 -0.000111897699091605 0.085359533902345991 0.000339987575515577 0.092708400968086607
5.875000000000000000 0.000053989006326714 0.044896581721840176 -0.000280941774164868 0.102869373148534171 -0.000388612812649800 0.147180694122848593 -0.000467615555921840 0.165033030578540546 -0.000480055577118615 0.195532521791012298 -0.000458994224178865 0.174135175952477433 -0.000465830911193061 0.176266545771110922 -0.000394317880994667 0.177698040688996084 -0.000311195492885828 0.208023086892412945 -0.000280416545018435 0.211355944012634439 -0.000244667726994569 0.227154168726485223 -0.000157631160276919 0.234697772106743585 -0.000122051023614214 0.245549798439149980 -0.000100230679488085 0.218625350022785159 -0.000068113068334170 0.229958789570114119 -0.000043845239091461 0.175884306617112990 0.000016679548406727 0.097842562977225600 0.000163438420427354 0.117942308999105669 0.000129049854220499 0.084936651472987429 0.000380790453056819 0.080280167481132203 0.000526668366894390 0.089677243491903591
6.125000000000000000 0.000482744654440590 0.037204818689413478 0.000150128398735165 0.070317568108631864 0.000039378363115758 0.111185945113014426 0.000007354520025664 0.132869927382090081 0.000012345832742783 0.147817834768874529 0.000013497067644755 0.137635819396355247 0.000013212507370800 0.129388845989038909 0.000111442105052438 0.123671645592355675 0.000213989996549514 0.162537944190483369 0.000248729526964906 0.168804831663021376 0.000298444270265730 0.158695451927547471 0.000408267413803455 0.173635203292590190 0.000461062492998312 0.189143739175387987 0.000485585197239528 0.169344970814190449 0.000515166023563908 0.181065117708816947 0.000545551626811588 0.144491825723098932 0.000635653160155995 0.084013976227138132 0.000769636310124652 0.113268318239171370 0.000839104431133675 0.064024280732419336 0.001067744421259990 0.069730383243780003 0.000718610869460087 0.094516894068508953
6.375000000000000000 0.000792804162316733 0.030006810828704621 0.000436605057452448 0.042084537552939498 0.000326997374379827 0.072022445017433712 0.000303606260699226 0.079697926449290232 0.000315224981665887 0.096309954817245969 0.000313999045005560 0.090746702074641583 0.000285923109446190 0.105234225762202774 0.000369276468053041 0.069629243154662512 0.000448607048160926 0.101729331815208157 0.000488696306778278 0.116514206527950609 0.000521395043192776 0.119221734827269582 0.000640184267757983 0.115494033675126270 0.000674785412532645 0.146036605640436468 0.000703557290396754 0.146558457580813484 0.000748631651766027 0.154951757018129771 0.000750120944181491 0.110619639232515818 0.000834336954393455 0.066245867123529145 0.001008360603905790 0.089617965687690079 0.001076866485717847 0.040139579640752952 0.001262294152680911 0.070221315436208936 0.000876255580430018 0.086348732293335076
6.625000000000000000 0.001129130012210850 0.024259604491348053 0.000777314054587875 -0.001840167755485429 0.000643187735398541 0.018259371467774441 0.000645620881797486 0.002876627241195620 0.000674535221756265 -0.007915880990913095 0.000697464208580287 -0.015285793746013559 0.000667796293091589 0.010831039117209026 0.000719122075055726 -0.020998613605765697 0.000793248453634816 0.014260460731710915 0.000811001085184674 0.030948350757974575 0.000809028028384230 0.031138910615615276 0.000912684299492831 0.009291983660068441 0.000915829071065870 0.054353959512389916 0.000959195056379354 0.047797046638746989 0.000980860763625999 0.081212865069493656 0.000988190763685663 0.058864728902854442 0.001059608967441208 0.019849490025458074 0.001156253736375933 0.056566891435782446 0.001185392874718249 -0.002222692436815647 0.001340771758264304 0.026707120367581171 0.000421947172585763 0.063002654101549635
6.875000000000000000 0.001482590691971888 0.032077797308834879 0.001111439583814749 -0.015281214976613748 0.000908314792384647 -0.015129939637217553 0.000891952235038658 -0.029244982275352310 0.000897169821604169 -0.052386779685129579 0.000910347689951413 -0.067961520994302721 0.000893351507151552 -0.025553878236416569 0.000904644186209435 -0.070112820089603289 0.000974699114423097 -0.033635854497522849 0.000981543086189726 -0.022698037472691879 0.000954677611912553 -0.028148746550168354 0.001057765460309529 -0.086462707422424900 0.001056258847397124 -0.019933425656880274 0.001154196602756984 -0.014325616430819739 0.001179860271509874 0.005946097725707334 0.001201042052681860 -0.008863590331268739 0.001280274993164267 -0.048334353748429260 0.001370756012385464 0.004334384064061637 0.001425078002428168 -0.020305923361964798 0.001562304617422162 0.013032448631004402 0.000344350481533817 0.053663023536253143
7.125000000000000000 0.002013714538184923 0.015678136984578931 0.001595400225858146 -0.041059014897897969 0.001340488071930380 -0.061229063225229953 0.001327120845880149 -0.070109156332408801 0.001317451381204551 -0.101967935365234241 0.001340853521096225 -0.092585403912907219 0.001306506252395275 -0.065343683324933996 0.001298199137291846 -0.119594111149290708 0.001326564173538797 -0.064105199596851750 0.001343462359288551 -0.083898728349646831 0.001298573048112307 -0.096723600174206142 0.001395986624984994 -0.152090624182181722 0.001388494794918461 -0.092818007650445664 0.001519627186193466 -0.089306643706095229 0.001557391818762720 -0.079497446741280273 0.001575010929380192 -0.096622941993920769 0.001666039921782576 -0.135816064664781688 0.001820803216409816 -0.058897983820234603 0.001963396468314443 -0.077285528086283861 0.002076146108203992 -0.029564602002981957 0.000716789817854944 0.040689148976871613
7.375000000000000000 0.002662265708369722 0.006519651942199635 0.002206644049416375 -0.035713628992798799 0.001861885256261561 -0.037762531815483363 0.001812712580734158 -0.067902762642695902 0.001759818234037190 -0.095588359734218753 0.001730712979965297 -0.087941971695117707 0.001670999016807494 -0.074435801396871823 0.001648225758477229 -0.132561109499791080 0.001668671300780910 -0.067894353300998078 0.001656015332770929 -0.083576380723269020 0.001588197787029237 -0.087224068004846181 0.001684345793986494 -0.167301976617147713 0.001662640476156334 -0.101411563154161333 0.001771928290362246 -0.115625964659012342 0.001795459621500194 -0.119340667853659238 0.001816714360806198 -0.138521547747258222 0.001885714945156595 -0.161513814855168220 0.001992330728973510 -0.088630883602811350 0.002094029657181823 -0.102557274744485491 0.002184592802038976 -0.047762255101301700 0.000890468486706799 0.045910357825174719
7.625000000000000000 0.003000417753800034 0.007962862506516399 0.002558365064008829 -0.035192706541737874 0.002147726930480585 -0.043683277671044719 0.002120905158466452 -0.065963610074955437 0.001995595581056823 -0.128221709615196994 0.001919556367815198 -0.110951484652689669 0.001889701031687300 -0.112777568063254438 0.001842506164598701 -0.147766894263093113 0.001868900333652732 -0.094980630005330843 0.001841511679341075 -0.119663759787505111 0.001773854733866979 -0.145510314510765015 0.001844600899463069 -0.210825456141689266 0.001810440099324339 -0.159779183113212431 0.001907205934482973 -0.193548507033176165 0.001875346899937664 -0.179167642253756809 0.001891389729286784 -0.212039525947029295 0.001944879689141471 -0.218606043283287504 0.002074518146124329 -0.137768321161937157 0.002160135854037530 -0.134402634944247673 0.002227135624551612 -0.075527369493158719 0.000959050791289437 0.032282265120291316
7.875000000000000000 0.003293786482507982 0.001340154650975392 0.002789117033372888 -0.041913696075702715 0.002353295612629379 -0.043315146316152714 0.002283694481476959 -0.058808638326995205 0.002042080481492560 -0.117288523605095521 0.001917853455744553 -0.120262622221968249 0.001861067936797297 -0.109829353408430613 0.001839010539941933 -0.159042937826330000 0.001847475216855816 -0.110855691396065839 0.001805705460137245 -0.136518368857177552 0.001701777160376607 -0.158560166021985138 0.001715774354803647 -0.227775987608493019 0.001651516054657207 -0.182585783615751590 0.001722313551668138 -0.210488515187942510 0.001675573136348219 -0.203838294876959036 0.001655750030375855 -0.229159629758738076 0.001646023922506367 -0.214055949176579940 0.001750483943088715 -0.127915713548934162 0.001787204106160165 -0.147254789000665909 0.001758551530353827 -0.080186673861900815 0.000265753236047333 0.034244718751576947
8.125000000000000000 0.003150915919716015 0.002550399816387934 0.002628026768103664 -0.034811831202396296 0.002263213747585554 -0.041540981488747804 0.002186553849441403 -0.056640365448344790 0.001934196353238680 -0.101749328162263480 0.001789469690031667 -0.113678792166146403 0.001685834627621720 -0.112322927524100044 0.001659658784646811 -0.147883446893417508 0.001653938505549040 -0.102078689681926751 0.001575095873297601 -0.120927710090645207 0.001455758240815366 -0.135151866086631961 0.001462424718447605 -0.205761337865988159 0.001387317401240974 -0.164838776517628793 0.001432849201894516 -0.202838234931848355 0.001356393293136195 -0.192247345985653628 0.001291973898738316 -0.201019649802088168 0.001240798333567142 -0.193858515540439147 0.001267455219155000 -0.104607270705920505 0.001232324505105986 -0.127462825484310455 0.001201070428762683 -0.063552047404654796 0.000208946125030684 0.027268236071014681
8.375000000000000000 0.003141876520957826 -0.014861617931567367 0.002659052885239964 -0.034592147251451252 0.002285660133997902 -0.029520222521011927 0.002169366614278264 -0.041942790259612124 0.001896950178948115 -0.068366598722470251 0.001816133020107503 -0.089071053132871988 0.001679728434846062 -0.078340898334321007 0.001648098989799913 -0.102375303944049284 0.001583862390661426 -0.066935890986231941 0.001519084892128039 -0.079951012806642852 0.001381250690542816 -0.070651686799903357 0.001325324464155374 -0.153518970807031113 0.001250296222559362 -0.112857172774736988 0.001291917549719374 -0.163562504018620963 0.001211309011073780 -0.162060977965090058 0.001162686725449725 -0.191978069229162607 0.001114760356633589 -0.176599230894461640 0.001153655686000317 -0.092332052007481902 0.001104231752790721 -0.094677047905900341 0.001053762714298547 -0.047595523999136156 0.000734322778010769 0.005913540330425422
8.625000000000000000 0.002555906406419588 -0.023371497313919330 0.002217062085719463 -0.029830456337681222 0.001899728929214265 -0.025169363431955399 0.001859363323614952 -0.005512712559262310 0.001580857428177191 -0.048395403515117189 0.001568482245342956 -0.065325352323068978 0.001475932445789296 -0.061659093821615649 0.001482419666538039 -0.067380996892215619 0.001463237354961332 -0.018375268662965284 0.001430965973041841 -0.038930362687900205 0.001303030935911956 -0.025281129894688305 0.001278903379236466 -0.101222003179833181 0.001239433067050601 -0.092901616858856798 0.001278914979526030 -0.125077757279238116 0.001211252412546687 -0.139903974380726520 0.001198700391751124 -0.157704785015600563 0.001219739646245293 -0.165768367030354247 0.001283162637763234 -0.080263128505625794 0.001240857865226795 -0.060265175139576618 0.001219502980593023 -0.041307294312140058 0.000947513252371458 0.011695961293682559
8.875000000000000000 0.002775347219639955 -0.026972584288097394 0.002327207861312485 -0.024921114410595736 0.001939255000958825 -0.014854275283016969 0.001816971465739284 0.011619765076667397 0.001497070929621307 -0.007247500206100387 0.001502847165786933 -0.025924641697557392 0.001420740851749901 -0.027528815249741236 0.001488527427888391 -0.041700458991773909 0.001533563353707185 0.002876344969008465 0.001532556454020854 -0.027302992768577509 0.001463581040100757 -0.025408069438662865 0.001481299398293500 -0.085464513414748380 0.001464165070536705 -0.060938690631387134 0.001488951068545697 -0.096168630195116039 0.001455181757255086 -0.123901070571358837 0.001427810952588370 -0.146810126491858151 0.001485167872967728 -0.142576047452554699 0.001562039282315522 -0.071261687619621636 0.001622631753640452 -0.043581602803133869 0.001540952861840196 -0.029784834941690545 0.001154082695076583 -0.007666664231469294
9.125000000000000000 0.001408673072858761 -0.024737591393500784 0.001013371514901508 -0.026620495280782454 0.000807710414267885 -0.021825738963093307 0.000696608674384553 -0.030941277400994539 0.000510237530885636 -0.044509937178052746 0.000500959763945726 -0.059567303976999990 0.000434211531306662 -0.050502479319208288 0.000468313853458796 -0.074690309257905263 0.000459115183844325 -0.051962082774258060 0.000437909641959008 -0.063431174181541400 0.000427984113411784 -0.067464724240608342 0.000498686874140011 -0.130546689134011129 0.000522711799483053 -0.096428952675539331 0.000566378429120459 -0.120930765040857702 0.000589323916013264 -0.118256674141908769 0.000578657925663048 -0.125755287123564763 0.000636787518470566 -0.122786546512663713 0.000748093447655329 -0.063174879612615129 0.000852355903497054 -0.071208271875928819 0.000935413026210205 -0.046197881437161234 -0.000284202035545935 -0.001925158106793221
9.375000000000000000 0.001295311594805066 -0.036889504744361631 0.000926684260561715 -0.034647434152557700 0.000722057401366674 -0.023982692521837566 0.000596528858092848 -0.041534967988986773 0.000394590133249942 -0.040593646454953579 0.000420978297696610 -0.060777273196266107 0.000358630933682852 -0.049717913130260888 0.000406015614413507 -0.072348007640746961 0.000384565284057134 -0.046285077078835904 0.000378417726331628 -0.058935882808586762 0.000355684018155102 -0.045160964680809046 0.000404591695296485 -0.114025372209848569 0.000431128384061080 -0.074503540023365317 0.000493761354307293 -0.116708523880336243 0.000529179928810070 -0.113722777510157663 0.000520721825159263 -0.125690624750796620 0.000590374367995878 -0.121448056590834616 0.000691427883590491 -0.062224894028808708 0.000724948580158606 -0.058446091547980653 0.000792169457629929 -0.047834531347222917 -0.000267122368715374 -0.017867586278419403
9.625000000000000000 0.000986793364604150 -0.055936376704244256 0.000679456393724017 -0.048683802899580408 0.000493328234442277 -0.040182961406257212 0.000406191362117812 -0.046185749667628485 0.000252820116641857 -0.053419007819082091 0.000312824361959532 -0.073803094058364729 0.000318981587043954 -0.075646020141402814 0.000399613801486093 -0.076152181579944161 0.000411103968290171 -0.046637163241195587 0.000408244451365630 -0.052180039544923618 0.000401929166867052 -0.044634875071521106 0.000463661638282950 -0.097790969094449648 0.000503111308686821 -0.074888878453792565 0.000560618969644737 -0.116603581020021149 0.000579721777502513 -0.117494338218495462 0.000586471616582028 -0.121077474829919873 0.000679734269129711 -0.124974242273709193 0.000773703233368639 -0.068838279985630357 0.000749209861139161 -0.054045986950466147 0.000788722522313230 -0.061883292261937624 -0.000380580967885164 -0.027237272962297499
9.875000000000000000 0.001389050345744335 -0.067817471884038291 0.001006650845200989 -0.052947611995415589 0.000769392028127664 -0.047127844025165622 0.000652691088986625 -0.049808274535173322 0.000500967367585162 -0.045245939262944720 0.000558240770369502 -0.061026646633614734 0.000582079459841159 -0.068239620761728612 0.000678275019032374 -0.081569538685240126 0.000710739206185083 -0.051934956214608120 0.000731634269080996 -0.066786383407499678 0.000766050514304132 -0.071357857662809027 0.000847363668225015 -0.112985503351225466 0.000914430830184740 -0.084447269686804424 0.000960475176913040 -0.120615395079349805 0.000983037569256930 -0.124149161704032382 0.000960212181700915 -0.139515931708823621 0.001057743781488385 -0.130488784597570240 0.001182051327145285 -0.086850884870098857 0.001213680315785452 -0.065538496044576053 0.001195684597279240 -0.075096659659446563 0.000075841092629790 -0.042352407321794364
10.125000000000000000 0.001974288777657134 -0.073172592779984322 0.001533519078981459 -0.046773008756935908 0.001313437744085914 -0.027843264395988932 0.001192044532734716 -0.040628275794937281 0.001040346156013390 -0.037940317767751280 0.001100865477173001 -0.039639927762392967 0.001115962508599469 -0.062845839325389813 0.001236751888051031 -0.061683123890942479 0.001251243759990700 -0.044444859748028129 0.001261516266279692 -0.068541724957114109 0.001305546032863900 -0.062881330723350851 0.001358869250697670 -0.087086552742076814 0.001422662942551434 -0.070488224196817911 0.001422836493181714 -0.103242416853181140 0.001424260213717311 -0.110430568156872924 0.001376378092545813 -0.121746395296170665 0.001452785769407992 -0.104785244683470988 0.001538049293254678 -0.073234279637798869 0.001519765777301391 -0.060768752458452667 0.001413100411311651 -0.076698578034305812 0.000072067239087020 -0.038363932651557915
10.375000000000000000 0.002276433065056822 -0.073517595620820053 0.001846549924880922 -0.035957032767586598 0.001658359405326329 -0.020407551095404160 0.001541514465679544 -0.027142893609520290 0.001417657236176110 -0.039370536564968216 0.001464256101643460 -0.045108217228420004 0.001518687895171714 -0.064857545056505664 0.001652301572437086 -0.059534200565370947 0.001653287723019227 -0.053560604191237690 0.001692800954291700 -0.066081990103746061 0.001775367191269663 -0.057184571178487929 0.001817551901827389 -0.095381666095835288 0.001899686244777214 -0.074386791619723933 0.001788291593221160 -0.110975394361602558 0.001793369526911578 -0.107477129976509822 0.001774465987131340 -0.112772516300476591 0.001893583462586169 -0.102636212799502274 0.001949665297811879 -0.085091816771955653 0.001957766002518460 -0.062040486706509843 0.001863950526262104 -0.082423756889107774 0.000764020532745501 -0.052472793926022644
10.625000000000000000 0.002325178462790738 -0.076697835995589658 0.001977798761413874 -0.051385103076716461 0.001908712184169104 -0.042144278151413347 0.001818506945786060 -0.047075001089826478 0.001744994044890171 -0.065323515715839345 0.001778663020437971 -0.060837797956661541 0.001871199707283104 -0.074570270671067238 0.002032507247793169 -0.076896393107965602 0.002054190918177078 -0.075641703526799428 0.002171969385694427 -0.078354990500894214 0.002279087529031294 -0.079531267912691855 0.002296413781831992 -0.108562599652024638 0.002332650175115691 -0.082374041161742947 0.002203983416361263 -0.116224126901815786 0.002228381410281006 -0.109224851615816493 0.002229204710128412 -0.112305421233189595 0.002327569115618163 -0.110263976889949086 0.002402182790500781 -0.081253507060284447 0.002441549661134578 -0.062223438928774480 0.002376107539513297 -0.088266820159883075 0.001511397357057671 -0.098834651483126576
10.875000000000000000 0.002941668571102111 -0.108278987605692600 0.002613629355181656 -0.079492404253426283 0.002572035592758984 -0.077062042042028114 0.002473645166878318 -0.099196115304194005 0.002499539215850752 -0.094946702812858455 0.002602289432664227 -0.092282695100500439 0.002678976464166341 -0.106341590724997534 0.002907625095287666 -0.126833560990408156 0.002935239366526291 -0.117448477122185160 0.003070678578703217 -0.131748910185159773 0.003172149469950597 -0.106379393844210773 0.003134202402020028 -0.156896640157521833 0.003168123929256901 -0.120999010032314697 0.003047899731638268 -0.145484391172096966 0.003160148331197516 -0.141083825893547316 0.003175859326029976 -0.142096083997687833 0.003296244696308554 -0.131776694228372293 0.003386250581664035 -0.111295413954888511 0.003416661871886816 -0.089109312802892762 0.003357598515383094 -0.113920746427780953 0.001712604109561937 -0.109162347122353606
11.125000000000000000 0.003054512261757408 -0.116116091144874811 0.002776769853427394 -0.085232524495020057 0.002756951383067117 -0.091063638648417572 0.002698109654634009 -0.110778898613156526 0.002809775109461788 -0.121974529792317585 0.002945312788635307 -0.114093912857131691 0.003039721130962316 -0.138738698914547598 0.003259711556589078 -0.147406988360004459 0.003345273372680385 -0.142203980765356092 0.003477937507523792 -0.163775912244170374 0.003619797664335806 -0.133843795739930799 0.003581788580526832 -0.168493920301597877 0.003645551064768945 -0.132635381631504373 0.003506694860005592 -0.147908420560770554 0.003629123128479682 -0.136781274297776673 0.003643846246668755 -0.127391723089775200 0.003750253814573762 -0.136503149245331162 0.003819063289251058 -0.119808460912552137 0.003846766261143664 -0.092529857880073771 0.003796486640334236 -0.123457300142651438 0.002255052291815758 -0.129846428987648699
11.375000000000000000 0.003573364897484673 -0.125455826419688665 0.003329331751674323 -0.096035310649890140 0.003276394204532804 -0.105023230241400867 0.003228847018422973 -0.118526242808000629 0.003340767008278474 -0.132578631476606784 0.003511228612823118 -0.124910002878321408 0.003641541123588453 -0.143297011468735330 0.003863556643153640 -0.145900541424971941 0.003959919341645446 -0.147485421166227704 0.004147949199132230 -0.164234134655934810 0.004315382979431290 -0.136240101260976493 0.004282793994766956 -0.165677871229582580 0.004307276808127960 -0.139936838454909063 0.004165938648366753 -0.150774976652392839 0.004312789169584721 -0.129701784567105710 0.004366973135715219 -0.134059828479343612 0.004503753970520071 -0.137252001015876229 0.004599452773907403 -0.123314823785901626 0.004673925953858501 -0.104667299150599455 0.004692796768881608 -0.143188831239020570 0.003409556979968106 -0.127456173544265611
11.625000000000000000 0.003418684649528319 -0.120737149325478688 0.003274624043746319 -0.114293512822994839 0.003247839753095040 -0.120830003757858434 0.003267261776823133 -0.138900546558416771 0.003360267764278442 -0.150455450690198306 0.003493318354249474 -0.136056726078454177 0.003614784535216410 -0.152119788012930912 0.003777321956492788 -0.168296151070227801 0.003893142769080374 -0.160267894450954490 0.004082979845083697 -0.167360312302656605 0.004207362079326155 -0.148047278898320034 0.004153730424071959 -0.162872320467146448 0.004124730328934653 -0.138038421135471684 0.004030624122862737 -0.164356589495596755 0.004153708756662203 -0.138086047030022502 0.004176570599297811 -0.131831619679132178 0.004288726610775230 -0.147614443582295363 0.004362217849936955 -0.146254665306159659 0.004382896918195449 -0.129104132440669261 0.004373898812459955 -0.164133558412749181 0.003815772024807307 -0.126060812856049309
11.875000000000000000 0.003198858081366394 -0.121357209423018794 0.003079587898206287 -0.122387326460432086 0.003028768797710112 -0.124443306329171888 0.003027034068740496 -0.150177448430266258 0.003111195136274562 -0.144487263700719681 0.003189734612754546 -0.142093352925882516 0.003320307677677985 -0.150106149508224845 0.003468917984915076 -0.162579537727288476 0.003556046019449863 -0.154075861449880031 0.003734850143211786 -0.157893780094851249 0.003839129141792015 -0.127309152813429333 0.003731995642773679 -0.144399353254351714 0.003694858688035080 -0.113425421367038870 0.003614933241192651 -0.157424413176396771 0.003681120914727951 -0.121052817789568376 0.003699949106625685 -0.126439528299804677 0.003759759398291946 -0.143627554667790147 0.003842459569575177 -0.148145912416854070 0.003911520950276508 -0.151224857002563134 0.003979906056637390 -0.191805689539015972 0.003862740533769711 -0.150143219870611744
12.125000000000000000 0.002858427574613786 -0.120252733919538557 0.002796676821863151 -0.117537015027037728 0.002823337638659220 -0.131117059143858017 0.002898496450078811 -0.151305289432506179 0.003035109003086701 -0.134021537716294742 0.003144060955611185 -0.124494633806632352 0.003293199105654300 -0.121409267927863690 0.003424953065546420 -0.141848958805215863 0.003501918622253232 -0.125926610360151708 0.003649761340273777 -0.115297647458808106 0.003740828438090712 -0.077530380148013278 0.003589706546580802 -0.100555788094499207 0.003497845555195048 -0.069265657364523836 0.003415878242485100 -0.101970502660978957 0.003448579967615866 -0.071364799974440743 0.003417066819536307 -0.095289117773702414 0.003469724994442772 -0.128730902040866069 0.003566583284525543 -0.143024945485834970 0.003605488951175091 -0.165910285658118661 0.003691844978720738 -0.199281318943701241 0.004065243575031447 -0.176364644740973908
12.375000000000000000 0.002474433082119400 -0.122337284293261156 0.002501328079347262 -0.113193120223617716 0.002526732682831572 -0.132774492666843630 0.002661062053653229 -0.159217152676446677 0.002842097709557906 -0.166995349341978350 0.003011040473635733 -0.153489569361847211 0.003186644708271122 -0.143710175128264228 0.003323826504069276 -0.155967912966993111 0.003404715473309713 -0.132472503345282655 0.003535876481593454 -0.120412978560017925 0.003623878445846584 -0.082860393753710432 0.003473494857857664 -0.095673340391551343 0.003412210786936475 -0.086156622212297376 0.003341219276415864 -0.111366832207463448 0.003387802418813735 -0.073110059463268706 0.003392552539961482 -0.096249735262621733 0.003415760241549550 -0.121255339772274442 0.003491576624325927 -0.137273780060970907 0.003521679393169082 -0.172031483710617522 0.003596299081359102 -0.201129537874367131 0.004339194242439035 -0.173869810262708174
12.625000000000000000 0.001999060515149734 -0.112604273017721565 0.002187219056902264 -0.119841121654016544 0.002324705761806254 -0.139998136785582095 0.002597058650656928 -0.145320442264709665 0.002818237375867344 -0.154496499071410220 0.003028211971200877 -0.141655834805067687 0.003211855598479528 -0.130548993244029937 0.003359789276486231 -0.124303025539761108 0.003439364490675993 -0.097448358358766765 0.003562347379263481 -0.088680374167210974 0.003623958146008315 -0.034950103987052818 0.003481391971690970 -0.044793958216981435 0.003442195742867034 -0.032292593096258981 0.003376771708975942 -0.057309306475745912 0.003401011957535348 -0.038409583089051048 0.003402998475574348 -0.046584806229151822 0.003421294878351105 -0.079269300718045346 0.003485231739525614 -0.116002055663423212 0.003545258338588884 -0.144520690718881878 0.003603831963215961 -0.196162749227927480 0.004365691974290279 -0.162876203295054811
12.875000000000000000 0.001491122694866562 -0.108746428587925409 0.001795351230481078 -0.122022180843435885 0.002052210446338954 -0.141397195004915988 0.002410910036200310 -0.140630907540502392 0.002667490491882034 -0.150541821561515521 0.002905405009965156 -0.135810012625666415 0.003082875339939499 -0.120945025902988001 0.003222269063665425 -0.115255416269746738 0.003300207016519971 -0.082295976071518159 0.003434010105542732 -0.061860809489298646 0.003495368682317358 -0.027723457850704219 0.003393494097441029 -0.030280153300793086 0.003372853536084176 -0.010987726923567510 0.003312716041831526 -0.028470609828004256 0.003341710031567281 -0.017460925722849158 0.003340408995561670 -0.017484900542853853 0.003358999622891220 -0.049757528726817726 0.003449068003398512 -0.099297372322413438 0.003509593656146753 -0.131306320671639415 0.003536632730450175 -0.173250673573835501 0.004666100238119606 -0.154034298030030020
13.125000000000000000 0.001256115071104072 -0.107897590257923226 0.001606956824469982 -0.121170360158066773 0.001905434925614154 -0.148217028910224896 0.002303722391522323 -0.146565718353077745 0.002584160145474605 -0.173924209101494698 0.002842563342348539 -0.148572864566424989 0.003004665467157250 -0.119064535487947445 0.003152938288900508 -0.124587739504089925 0.003249995005724649 -0.078725942598914633 0.003374945608747807 -0.062860595177560513 0.003449053092716198 -0.025084085822069887 0.003342473333378777 -0.013108370336118693 0.003296035998470893 0.004955455326654679 0.003211765691706569 -0.016828316663474726 0.003234526900843904 -0.021464407759040731 0.003238797432734536 -0.026823603249161478 0.003233882873603197 -0.056594090754381862 0.003337817273782273 -0.101320125785810691 0.003456233586358030 -0.142701668180291757 0.003375948729532539 -0.167449200364328921 0.004208076207369873 -0.152904649168109585
13.375000000000000000 0.001106225382273833 -0.097728535085383955 0.001480149988390091 -0.124991033148937475 0.001827370341974711 -0.140059243194416372 0.002238523000392213 -0.140853570358732416 0.002458727343390610 -0.162836153472763256 0.002681656361009683 -0.165618897735434256 0.002871250528643375 -0.134791206209637388 0.003011250403462533 -0.138681887703909601 0.003115018199030487 -0.085969367909173935 0.003256009614781891 -0.085063854582954679 0.003307894347096525 -0.038280088367513156 0.003186748254832246 -0.034371257593640236 0.003131627373780551 -0.017916919368244241 0.003029461815279002 -0.031927089837921981 0.002991926106786543 -0.035132624753810911 0.002985513652804695 -0.042446091764604413 0.002977274440557136 -0.076481754462062151 0.003068052590853845 -0.117773142881883883 0.003109776793306245 -0.144519380498972005 0.002977109342841498 -0.186650217534329060 0.003864802150539495 -0.159693839071113508
13.625000000000000000 0.001151147555777128 -0.101739294967700594 0.001547443076858193 -0.126905367947069470 0.001885031519067484 -0.146638368242543976 0.002282228396120158 -0.141563449203343988 0.002509497976398006 -0.167740363172412033 0.002720102153287246 -0.165415426422785589 0.002873375365765242 -0.135165351632266562 0.003004281955422363 -0.141575657830016716 0.003101451920679163 -0.088176787436069992 0.003223802104054377 -0.095652741251728277 0.003279921956276995 -0.060469422590556897 0.003168327149313600 -0.048242942504445920 0.003126615449293550 -0.032583052914045126 0.003027623245930933 -0.049920903307239452 0.002974494797174458 -0.047336081750042648 0.002970374265535873 -0.058603717824245664 0.002927411312559233 -0.081203835307501471 0.003026506834886926 -0.122542726850784378 0.003126428801490569 -0.150417345302652078 0.002962300042705062 -0.186383772031875034 0.003956961678307763 -0.160846786185494556
13.875000000000000000 0.001241694192149642 -0.085593486795350185 0.001605278491837600 -0.108446717763153094 0.001905781162734819 -0.130345025005241782 0.002247978350675756 -0.131825008784762637 0.002429371873255131 -0.157332742691480565 0.002633244539788299 -0.159266228242045754 0.002735581451148635 -0.133698464179109855 0.002841802507545360 -0.158306503287403366 0.002927066318983192 -0.110244287860627385 0.003026635266158044 -0.107005026752548388 0.003065367888178187 -0.081338461780610175 0.002965611062629046 -0.077463429421598395 0.002948119051634053 -0.066488015430548747 0.002883337753667261 -0.077004716474744592 0.002857156297146225 -0.080376061203647611 0.002861230524764505 -0.087758481766489024 0.002827569705070485 -0.103680664845311424 0.002939755868472570 -0.134559957478878001 0.003072646426980236 -0.153695959511264774 0.002872051967876427 -0.180504874205777821 0.003711536776293520 -0.146237348106755760
14.125000000000000000 0.000874441831282398 -0.082030607749624937 0.001289533562144657 -0.107556104895061927 0.001613015142354250 -0.131161284502580883 0.001944903839705646 -0.126504474390546046 0.002142992107162543 -0.163789556354331067 0.002366212451541440 -0.173451303418718089 0.002476746713230562 -0.151079086506480081 0.002565372481478892 -0.162493884598500643 0.002640961862733252 -0.118725230757969091 0.002733820367212899 -0.108704176310508313 0.002763203223119001 -0.084529453698798954 0.002676406786574490 -0.089807756952800397 0.002633434590542150 -0.067459119311362684 0.002565772859993871 -0.094088764314480530 0.002566777248509954 -0.103933661170351577 0.002603052234519878 -0.104252836335889887 0.002596142949188551 -0.109756863776040423 0.002684354375534153 -0.126069842298959400 0.002777524788026635 -0.140169595322722190 0.002583735867794879 -0.166445125013598400 0.003284868765858672 -0.155175780328185658
14.375000000000000000 0.000692764045897657 -0.090378522330862132 0.001127970083762794 -0.111978325748309931 0.001431014543484183 -0.145420313859073030 0.001721903010275461 -0.141994033138356818 0.001917780986112358 -0.189359073125542898 0.002134762701495837 -0.197625177579857703 0.002240585858922584 -0.175493506838328456 0.002312687268982849 -0.198994281274112811 0.002379007179714298 -0.153765500699977992 0.002467928830336722 -0.142213501433566925 0.002492240053712003 -0.120346637234291190 0.002423323933645236 -0.128385924639334431 0.002375989878853199 -0.099931287418978013 0.002316193164118122 -0.120685975706622359 0.002321372418674598 -0.131779899807617062 0.002355824079659304 -0.108119862593427637 0.002357999080241100 -0.127370994887568117 0.002455025421874074 -0.124645846206655683 0.002534505018622883 -0.135109668457596727 0.002360724486750073 -0.161281339020235004 0.002841929669212622 -0.163505251675127944
14.625000000000000000 0.000269222028234269 -0.094527787719277639 0.000762204765752783 -0.117144426983792085 0.001112491214178830 -0.148879425694326856 0.001421959961139040 -0.147375982262150040 0.001620917199888428 -0.195276568819238272 0.001837964051956969 -0.202779968490045037 0.001940599762411378 -0.177335814907656791 0.002009189833878801 -0.202091705012654554 0.002097518415882040 -0.158542139842481333 0.002153954183645340 -0.137966220323048394 0.002178694636801378 -0.123370327148699332 0.002127005195560818 -0.132702733981979265 0.002085234883599170 -0.113527997828527516 0.002083862316775716 -0.123412340605007581 0.002099761361796149 -0.131997357152631889 0.002148603009420242 -0.107743190217636037 0.002152385484871746 -0.115028141342444074 0.002260926191750591 -0.100062800372882191 0.002321224389279584 -0.108251712043033285 0.002175431366085502 -0.139825182117512936 0.002584643350300026 -0.154217052521977899
14.875000000000000000 -0.000254861607598265 -0.090266942397510305 0.000240921381649336 -0.108046135579191308 0.000612955208617911 -0.143412758123606127 0.000942696000411054 -0.137860260894059339 0.001164183517143303 -0.186567373879993087 0.001419432054075983 -0.189227076623340151 0.001540188158537119 -0.172852392729330784 0.001615950294158802 -0.196984138558985722 0.001697536667887529 -0.147937208427158157 0.001747002910696174 -0.126801513600238253 0.001778513427690211 -0.112776081612800130 0.001745015634344610 -0.111854526311468236 0.001728492945853799 -0.099882611036128915 0.001734093937893821 -0.096153100591786611 0.001762051509128369 -0.114045268839081934 0.001807218579416427 -0.080806322831940530 0.001854327212849483 -0.086815108416772535 0.001968062229930500 -0.073747766187155450 0.002060181678912944 -0.085001260497157519 0.001983906415191062 -0.119090026477813457 0.002590946151462615 -0.145379010650187546
15.125000000000000000 -0.000419624167775768 -0.077187429698302196 0.000083144391544275 -0.100598239220963059 0.000511110608470033 -0.127427861021512046 0.000887606455922225 -0.126763701235788950 0.001130373880384787 -0.163797714717343418 0.001427678883722707 -0.186324903165348638 0.001541477264754006 -0.158882977789137597 0.001623697624785490 -0.165792326249886685 0.001681531965706952 -0.113698871867357817 0.001711228188203953 -0.095972886333826571 0.001757080012000957 -0.087861420639811560 0.001774299812913275 -0.082535797028937541 0.001814183445672231 -0.060295992539700319 0.001803563718359033 -0.080971583330493493 0.001816104177594689 -0.109692302409027206 0.001868383792832083 -0.100065737761959636 0.001901306781252580 -0.093115426061036746 0.002035156291958316 -0.112036341006476498 0.002153358943082718 -0.122489025226073064 0.001897225997899930 -0.147808815222359974 0.002545578910993764 -0.151053448989705796
15.375000000000000000 -0.000550158321288662 -0.081053873614337954 -0.000029647153300298 -0.100745138963673805 0.000338663513879662 -0.131594929989340942 0.000656920983299168 -0.127010811820930825 0.000861694247492781 -0.186525608425959777 0.001102511949362893 -0.206248765914210208 0.001194829658245726 -0.182519965008474894 0.001241846259015152 -0.201307741469435419 0.001277233044541448 -0.147131747135933577 0.001310363509978332 -0.137892255345840042 0.001338158542701160 -0.132679993297383392 0.001365822681627370 -0.129331585385965953 0.001409024573405652 -0.105707563875737653 0.001392040483627768 -0.120182878960643683 0.001402105192370268 -0.145084100470003308 0.001460952240281772 -0.097172730753982361 0.001470740822024304 -0.103203307295041569 0.001574239633973148 -0.098396084301794431 0.001628411075237564 -0.097453387927730242 0.001355375138910032 -0.132418325403195758 0.001635873707483504 -0.145343203274108823
15.625000000000000000 -0.000601724322957203 -0.080106644984881764 -0.000049796070337439 -0.104971041960251282 0.000341804797383863 -0.137440554250740060 0.000639337431509450 -0.132300701203120957 0.000839017881777852 -0.191595324956340102 0.001038451994884524 -0.207535565681069178 0.001116013141298172 -0.188258140621277742 0.001165512918868820 -0.215036828096247384 0.001186690162830016 -0.161971487284317345 0.001198242504850059 -0.145326640454381095 0.001209478040240552 -0.146355380392252543 0.001241634319846454 -0.151130680575957826 0.001259084758555767 -0.127611260448275393 0.001240523906262381 -0.131437008801312316 0.001255131062251303 -0.157298235825459848 0.001312247733444086 -0.110049010652152779 0.001355431355186126 -0.100547830689953793 0.001465951294934695 -0.078565597115693109 0.001520029241146536 -0.062754462759587695 0.001250433239488727 -0.108065497067831806 0.001521722397807983 -0.136644268376980571
15.875000000000000000 -0.001123312589366815 -0.076090955417469353 -0.000605847012745329 -0.086083547637333141 -0.000222323496907421 -0.121663207561767822 0.000052839799018369 -0.114772990402752517 0.000253058920669243 -0.175729294547549736 0.000456906462298692 -0.181948599144234002 0.000552379408067136 -0.173160321131978379 0.000606427509281254 -0.204725661898118722 0.000637217573023311 -0.147644381320038015 0.000666351953997494 -0.127859617499157224 0.000691604652059171 -0.135382526771825940 0.000713354444948745 -0.127237145971846821 0.000709065302430730 -0.115533130394782454 0.000699727452841351 -0.103377492247871808 0.000729292342883691 -0.129777945139182865 0.000785176924880656 -0.078756103320835824 0.000850665307708294 -0.063837516036117925 0.000951348271258840 -0.035012205415304767 0.001012765759214792 -0.033913817071226947 0.000818115057750398 -0.074313662595695246 0.001239921759602548 -0.126026836455149643
16.125000000000000000 -0.001514117447809327 -0.065327784489164778 -0.001010622726023786 -0.067987230657474973 -0.000681779576249427 -0.111301266086668835 -0.000433448619760895 -0.108342654870297914 -0.000234877400655204 -0.160805985547489316 -0.000044430990451423 -0.162344844274792094 0.000042027722897154 -0.166152517975014208 0.000079648251663976 -0.169860852860672012 0.000112170290690395 -0.118014166959469036 0.000114497141927249 -0.105276339984856721 0.000121653504236441 -0.099438532395491455 0.000134081983897902 -0.094029806822299847 0.000093405228990839 -0.100893411906260708 0.000053372336089477 -0.078692689558065479 0.000076632217884571 -0.105573832305542722 0.000116459108992285 -0.064836777993179537 0.000152712584814756 -0.067439381765993789 0.000236403972707546 -0.043261920147949620 0.000319260427024907 -0.035464015293975283 0.000188714950031443 -0.082728369715283551 0.000776565373722134 -0.113034485679880156
16.375000000000000000 -0.002088462185267647 -0.056009526019322291 -0.001554667364332036 -0.058195869602977367 -0.001229235009307364 -0.089960835091301691 -0.000998962164373505 -0.092594705727818818 -0.000793752704148407 -0.141774386588092050 -0.000605081271447535 -0.151386511871772572 -0.000510614270644365 -0.162550018437970983 -0.000482885877343998 -0.137902673129201736 -0.000465409406260104 -0.088715904557839245 -0.000474719731913609 -0.067003269653020059 -0.000484389235350454 -0.051317843971942709 -0.000489249934170361 -0.064323687060414247 -0.000527790109015955 -0.058839610742648374 -0.000542104041706294 -0.047072732338084379 -0.000536111053437964 -0.073617719849414148 -0.000562535989432959 -0.042594657782686653 -0.000532554133067131 -0.057645088008384214 -0.000457513733344598 -0.027821570308029821 -0.000433448086389753 -0.030803059654994067 -0.000484766267950773 -0.076284199700903915 0.000169720803478433 -0.104487982891173767
16.625000000000000000 -0.002525353191229330 -0.052837663538121526 -0.001951031499662777 -0.042445237986130910 -0.001655140788213351 -0.077975275700314525 -0.001427013236150483 -0.081816421201656331 -0.001213445682906738 -0.127619166700340236 -0.001033422205344762 -0.114624335578196943 -0.000956952642804656 -0.126997862840225767 -0.000935120465855737 -0.111028792061961659 -0.000919430970024955 -0.071673763129176851 -0.000938127227404134 -0.040151778477557562 -0.000956765027963235 -0.024292872939654278 -0.000980991101126689 -0.027737210633046207 -0.001020471552143975 -0.030210448538244412 -0.001027880360210446 -0.021196037746329929 -0.000990681181828393 -0.052159896590479052 -0.001019984925117214 -0.032474993625534944 -0.000988027108707782 -0.044810973448805122 -0.000934209015965910 -0.026615936881305792 -0.000886653221774719 -0.036990892294712786 -0.000897402786343771 -0.067352538444731838 -0.000230104510020737 -0.096939519319730966
16.875000000000000000 -0.003122758518448790 -0.040922921316005341 -0.002580835492624290 -0.029115299132302319 -0.002287352914372839 -0.064135774191131104 -0.002063342227475284 -0.075603381537392947 -0.001844039566372955 -0.112124826309878745 -0.001683825396681523 -0.102800080001145711 -0.001598887451752745 -0.111763914852391247 -0.001584088082223493 -0.088802238878674569 -0.001574254135440438 -0.060645115657474470 -0.001589109897568198 -0.035700951261503730 -0.001610727873035744 -0.032013581491295268 -0.001624376970999244 -0.045229642649878249 -0.001658693743345084 -0.034859338241673837 -0.001659905946265684 -0.019007891133962784 -0.001613470010920237 -0.057233531212602086 -0.001635262825952741 -0.046786032664848251 -0.001571168709271788 -0.056191528381789806 -0.001509969346652677 -0.043873117573736659 -0.001473123688682807 -0.041852908366492268 -0.001434704814771858 -0.066664424361012192 -0.000729866173020675 -0.074105545568069878
17.125000000000000000 -0.003449328075267202 -0.043698272623417078 -0.002888815773063695 -0.033074653736563216 -0.002583391029732083 -0.064005457156752474 -0.002336611370394817 -0.067918668808965521 -0.002124438450128718 -0.095487601201665856 -0.001966145165455438 -0.072191224589773895 -0.001876643973930537 -0.077151774043885887 -0.001860195285682696 -0.049869486779569511 -0.001857384157151816 -0.025438266521907945 -0.001867680769234043 -0.010859243129997111 -0.001877675299879218 -0.018915759180216422 -0.001890247640691091 -0.048328312044024574 -0.001894808496529638 -0.034573355130100944 -0.001883327158125794 -0.039473102169211731 -0.001815601459469632 -0.071047246681499268 -0.001824949511399483 -0.063430086931491131 -0.001739986660538607 -0.080759599309818658 -0.001663980675339453 -0.063898752352097035 -0.001588627384686548 -0.069721673745374996 -0.001469987501891056 -0.080513767083295260 -0.001052541130941150 -0.057401697177364451
17.375000000000000000 -0.003572097289706126 -0.038775937775126709 -0.003041140805737540 -0.024279821256098826 -0.002750972449813916 -0.053739765132134999 -0.002519920444545616 -0.052716319499405341 -0.002337475963645722 -0.075163756401809945 -0.002208885360799333 -0.038500542595901271 -0.002142360544760653 -0.035014420807068028 -0.002122200668197111 -0.018554540941671496 -0.002117452061278596 0.005281758837246697 -0.002126526235596951 0.008062994858454952 -0.002131479842290728 -0.024168578915520038 -0.002133740858428167 -0.058143309970448233 -0.002100057728944411 -0.065523723394017228 -0.002054106493028963 -0.078604629921733477 -0.001978983179528982 -0.113172258710707282 -0.001963070703647226 -0.089287871398183311 -0.001851988331738197 -0.117565726206834892 -0.001756622807149971 -0.088124657513041244 -0.001671340775024692 -0.088336484413405719 -0.001485774866156678 -0.090630544282726017 -0.001275215767296417 -0.034835415482019190
17.625000000000000000 -0.003655007963125057 -0.029018725571680778 -0.003153148463528243 -0.027961182988560151 -0.002879827919602929 -0.051284669136688214 -0.002659189276149803 -0.044937489378238479 -0.002498548815095071 -0.045380439213424793 -0.002381180470604813 -0.021128424851670310 -0.002338664140491500 -0.006332847765585216 -0.002318712889538152 0.010820758665783402 -0.002319496105336211 0.029004469459644567 -0.002337924349004017 0.010514526728997029 -0.002351514765216153 -0.023814282263066467 -0.002363106226483696 -0.049334092431644765 -0.002312025045968074 -0.079487969024854069 -0.002262515675396763 -0.107470342778645020 -0.002175898030988657 -0.139308945637872494 -0.002143116114098043 -0.132103398004944445 -0.002014875609893565 -0.147128079948742330 -0.001916057916413326 -0.119219073203913006 -0.001802623464307920 -0.115715055613297119 -0.001604866827898467 -0.101090020145034709 -0.001312366005169113 -0.018016506819757829
17.875000000000000000 -0.003917573506142561 -0.028202633457648184 -0.003497691270438408 -0.033908884397903849 -0.003266940309285309 -0.058698261689549669 -0.003097383106195435 -0.069929568552032598 -0.002952013743132597 -0.054470749762886655 -0.002838686147620666 -0.049662656974688468 -0.002803948785078482 -0.026842066241979295 -0.002789242468159685 -0.013416487901363546 -0.002787697345417703 0.000560816592340142 -0.002795420023926947 -0.030699152468188627 -0.002801850127709942 -0.066330138857711524 -0.002813606044846839 -0.098535997117594767 -0.002750560365007222 -0.130020936750370963 -0.002690299575413526 -0.164978894018022348 -0.002597648359276882 -0.196624197341122881 -0.002557176850932132 -0.192935133326973457 -0.002428781057681235 -0.203497432894618496 -0.002328097727608274 -0.182437990093115038 -0.002222211196144666 -0.166601128933668685 -0.002000674007449618 -0.137585358809818481 -0.001891794314554846 -0.018481973660358520
18.125000000000000000 -0.003800634413459152 -0.030125623713403278 -0.003424858140402553 -0.049154638917979755 -0.003233686125564988 -0.080053104839212755 -0.003091672596747099 -0.100123420620557652 -0.002987588063143671 -0.074044663202279495 -0.002921179935525143 -0.082695431343387443 -0.002907658103159713 -0.046596962184027001 -0.002910356242466646 -0.038586138393368510 -0.002919978205376862 -0.032129263865491739 -0.002938633613315042 -0.071799891501596880 -0.002953980914305416 -0.115738409220926527 -0.002968617956173093 -0.166515956189752179 -0.002914156986819564 -0.196569709761222455 -0.002858774597196809 -0.239333656423955626 -0.002780502652178134 -0.263351870809778177 -0.002744226694540177 -0.274654463029199269 -0.002636517746066739 -0.271270541241697916 -0.002546809784328221 -0.236031014999189270 -0.002467571391592558 -0.217272733236854504 -0.002263281013892577 -0.165177749476316055 -0.002264576756587461 -0.014213451345333059
18.375000000000000000 -0.003757859219633563 -0.033686554132761025 -0.003443163387157658 -0.058048981349179012 -0.003281633014621517 -0.083109476415381162 -0.003170441818047074 -0.102008908286182420 -0.003080022828016954 -0.081375291388253668 -0.003023714862745471 -0.092192286320650629 -0.003011864299788849 -0.055033540437569153 -0.003007128175303385 -0.057419157554465569 -0.003023038668315822 -0.064498056671729434 -0.003045158801902001 -0.111164879905811309 -0.003065529796852290 -0.160720013092017888 -0.003080733381315639 -0.221903918388953098 -0.003016474737916293 -0.253386658093518125 -0.002947660197376702 -0.313409550754266242 -0.002865394701879977 -0.327742936117154215 -0.002827560881555461 -0.336091107140034651 -0.002706045356554260 -0.317186150456975735 -0.002627117471706803 -0.266725965905407758 -0.002575314599364701 -0.243023200191057165 -0.002393622668416703 -0.180202161559860435 -0.002641262054182096 -0.021201245193454388
18.625000000000000000 -0.003749032118747996 -0.034144868901686845 -0.003497034327720521 -0.062337605489163256 -0.003363374932435994 -0.092724911229506907 -0.003283542213270813 -0.105725710849320434 -0.003217512244174587 -0.087631719636908648 -0.003177485536306965 -0.098556232414116693 -0.003171894305515563 -0.068240696619796551 -0.003158566202044603 -0.090542881170478554 -0.003165897629159072 -0.101091684315633340 -0.003172728977021442 -0.147968203458182485 -0.003188284060416397 -0.211225537428377574 -0.003195191892188237 -0.274643788569263470 -0.003136341777605119 -0.327459626128519254 -0.003067249519762892 -0.370465629655346573 -0.002985831998644854 -0.383111773828362534 -0.002931571146542549 -0.377392228088820836 -0.002812308474784378 -0.353200714503510149 -0.002751635556519422 -0.306954906532701410 -0.002689375026713742 -0.259903329504435454 -0.002506844577348509 -0.194524183514717064 -0.002711916900552145 -0.018663561050747592
18.875000000000000000 -0.003770229428076451 -0.036910442903896022 -0.003579938805179077 -0.084914344185094748 -0.003457960606619878 -0.108349238941761877 -0.003392150526008427 -0.121110702221222111 -0.003340725380068411 -0.107167486805012424 -0.003313375406184708 -0.124519447405663869 -0.003298326623211236 -0.096897811266977094 -0.003290080253233854 -0.123782671405065645 -0.003295909095643429 -0.133099091794646296 -0.003291466493167534 -0.186547352885819168 -0.003302478202484637 -0.257786721928224882 -0.003303912090739308 -0.323316058397307315 -0.003242178289706888 -0.384273051104552787 -0.003169369724182079 -0.429461366408528278 -0.003087055454004640 -0.444109131543427627 -0.003018747354614002 -0.427163372480158343 -0.002899074486416234 -0.409987087033192088 -0.002825826086127323 -0.356314820906995067 -0.002748515818451968 -0.292196503629451432 -0.002572177897796020 -0.219117677579486747 -0.002827347774918966 -0.020237724341913815
19.125000000000000000 -0.003463358528393801 -0.041980268009109055 -0.003326789562578608 -0.100271366777329132 -0.003233019044954736 -0.124959124055181600 -0.003194587460677852 -0.126168070837846424 -0.003180058446040683 -0.112565537397714660 -0.003159263969173848 -0.125992952254345647 -0.003159620008004455 -0.107147452618111649 -0.003163700917061384 -0.138870124359915859 -0.003181306316877321 -0.159672851077715172 -0.003183350032159784 -0.210729624830129580 -0.003195291465406520 -0.282503001366939122 -0.003188796585445600 -0.349699268305924182 -0.003119937266172790 -0.434002859895012361 -0.003047384235542053 -0.481265610187524062 -0.002963958213306952 -0.495715432451998839 -0.002895689143030842 -0.472221976780561992 -0.002790058662681979 -0.452574718440203694 -0.002731484807689268 -0.401112359195323398 -0.002646357060378193 -0.333047449169492360 -0.002483775302862632 -0.241347619740576114 -0.002803674316757370 -0.036351141374290866
19.375000000000000000 -0.003129149494571393 -0.048824796596028848 -0.003068450535271217 -0.121922987342318379 -0.003016454182783655 -0.158541723091056047 -0.003018785483897193 -0.155465618576193204 -0.003037578474334793 -0.151456055240633269 -0.003048406680800088 -0.166580164160718164 -0.003076827737001797 -0.159706207500123154 -0.003100843801787339 -0.199153559765481658 -0.003129032400568269 -0.226187505174802850 -0.003126529340342936 -0.292157596773865380 -0.003137377996973067 -0.373469122204892034 -0.003116961923528044 -0.424150702742360497 -0.003065118409278475 -0.503592439448737883 -0.002996925184089457 -0.544233001062555677 -0.002922923057706874 -0.553540566743976226 -0.002860027443680169 -0.535850533659024686 -0.002770583820278267 -0.509230431487448731 -0.002734820969663454 -0.455417160087413231 -0.002688077446658878 -0.372611213590376078 -0.002555891149385454 -0.252868083384164999 -0.002813852478464011 -0.051530705223966591
19.625000000000000000 -0.002841840721322071 -0.057016260063155681 -0.002852387283632792 -0.148008654183773708 -0.002831839540887402 -0.189999666310618071 -0.002849632640323297 -0.195648296334176464 -0.002895896646801894 -0.179003823448955129 -0.002936748626244746 -0.205505847215163795 -0.002990355111245699 -0.201929126399894743 -0.003036023318460305 -0.233586143061124213 -0.003079149626952659 -0.272289326269066267 -0.003105180148786380 -0.342545240767528347 -0.003133464101249960 -0.417062846126312170 -0.003125805664245550 -0.467110476002718933 -0.003080015083250744 -0.543770406951065488 -0.003039470218750194 -0.567531097305787657 -0.002983798472806845 -0.580881346688322586 -0.002946961312398615 -0.584188863123664137 -0.002884385995194833 -0.550016376974643562 -0.002854839494765748 -0.510972621351823642 -0.002823162399111006 -0.416946880460327796 -0.002760216265867668 -0.271888016382105635 -0.002947641830483964 -0.061595566759265058
19.875000000000000000 -0.002608589491257242 -0.058635124004731608 -0.002673431531409759 -0.151896141550397629 -0.002661620162658175 -0.190065066584949399 -0.002697775038101736 -0.207558806403720736 -0.002762735904483972 -0.196285523729096495 -0.002826581447002397 -0.217286245662705768 -0.002888158145037005 -0.218273109646332591 -0.002955526048985220 -0.256543217387861011 -0.003015322131615868 -0.293187653535904869 -0.003041318675989480 -0.357712750731247475 -0.003076777570531428 -0.436219047897806300 -0.003067731895980644 -0.488810707507151387 -0.003043637932042276 -0.556338407820812453 -0.003017717049133934 -0.577789452836296680 -0.002959093035762902 -0.592856728919204268 -0.002934614476233876 -0.590104355735781572 -0.002889837802133138 -0.565387109014051092 -0.002861067383388937 -0.537859458961350789 -0.002861105106972253 -0.432096883778189444 -0.002819775840209619 -0.277427212850659188 -0.002953261176012586 -0.076475213642876058
20.125000000000000000 -0.002525046107673997 -0.061041748917499923 -0.002572507675582004 -0.154649354955035317 -0.002572492058448013 -0.189229947758222744 -0.002605081300070783 -0.187793739869720838 -0.002677215904896746 -0.184192593920747105 -0.002755313347864231 -0.194598835678738369 -0.002825570629754258 -0.193964187690084916 -0.002899233633613035 -0.240663200977043301 -0.002968100130076254 -0.275728984738060789 -0.003000851105976685 -0.340385260524687705 -0.003055098772724944 -0.409190376721073890 -0.003034629358308222 -0.448572803036054790 -0.003022703829304152 -0.521503025936912334 -0.003002014931194769 -0.550787425526971131 -0.002952265747415664 -0.566607928992379439 -0.002924960116848421 -0.569382398042058369 -0.002859236322893002 -0.564536907323927695 -0.002826455054333474 -0.545055627867923831 -0.002811686124303689 -0.432448811876974870 -0.002795656793179985 -0.269976913647425487 -0.002887038322775633 -0.086231302237012350
20.375000000000000000 -0.002426183574490651 -0.058443283610013615 -0.002500054905447460 -0.139766964085398487 -0.002515010109731508 -0.165156183354518038 -0.002559048457366830 -0.163385859490653734 -0.002640233916493444 -0.162749656291214212 -0.002717890018109292 -0.163660115196602229 -0.002798928783744647 -0.174837636142792435 -0.002883476028396894 -0.218634149086313845 -0.002964312682729133 -0.248385195062905573 -0.003018802513458371 -0.307323210929735191 -0.003085862151614007 -0.368743166276232881 -0.003077504546913635 -0.401565579490456293 -0.003062500544390986 -0.468689822956093571 -0.003039546398015034 -0.503032038129633707 -0.002999859458051244 -0.537147177379517005 -0.002969981530695384 -0.540343880503606711 -0.002898439633842142 -0.560896896790646249 -0.002852236879176587 -0.556093395897488740 -0.002796115107398072 -0.435750892244613330 -0.002814232461505590 -0.264840179105392814 -0.002924294844344344 -0.094361264093729025
20.625000000000000000 -0.002203245186932557 -0.058878652423922213 -0.002268795532275929 -0.132537766152205000 -0.002295641394117046 -0.153012055155239857 -0.002351796512253781 -0.153107926416557322 -0.002453667417242919 -0.150191439153833234 -0.002555201169921664 -0.141603330139379063 -0.002654869328346052 -0.160815003156671826 -0.002750014181515380 -0.211629328712934411 -0.002830389998753742 -0.227062777552155703 -0.002903097415369953 -0.277856313979374547 -0.002974639680683044 -0.320416095481722230 -0.002972861496436186 -0.350924647279311663 -0.002969817662359820 -0.413108183388583072 -0.002954424977978571 -0.443809841628763246 -0.002940875407650210 -0.483532300280865524 -0.002921567321937699 -0.506761344881621834 -0.002861390180493026 -0.546730713241938671 -0.002796449313395269 -0.548740027335056890 -0.002726002303843255 -0.434323204090055204 -0.002766256077549465 -0.250963078140606255 -0.002716680043824554 -0.098068937488688876
20.875000000000000000 -0.001727834796059850 -0.066454516710678327 -0.001816143428864196 -0.133019678281771969 -0.001867330769095717 -0.148595870979496530 -0.001936564680289011 -0.149094339636201861 -0.002056327949191244 -0.148659433988835993 -0.002174523346856565 -0.125312470555916017 -0.002300134420262498 -0.139857343879755736 -0.002422929896329862 -0.191593093846330859 -0.002526383448931689 -0.204448749640823796 -0.002631504637499721 -0.247258484715314086 -0.002733172460510747 -0.287270020805113213 -0.002766972293634963 -0.317229226920572871 -0.002772008542641302 -0.362251220957625908 -0.002783928292436370 -0.411303233809202973 -0.002785358475328845 -0.452801774197749418 -0.002760525204223821 -0.490922329076126873 -0.002711459941811819 -0.539966035987705317 -0.002640360895254001 -0.548431038386686498 -0.002578346806135339 -0.440569104256932687 -0.002621178837974690 -0.247839798671478456 -0.002726643176338260 -0.104506850927053752
21.125000000000000000 -0.001526550565923883 -0.063136065793547122 -0.001574668456331964 -0.122600232822331789 -0.001605528075845454 -0.131408139334873358 -0.001663181399841696 -0.153305488292089259 -0.001764282830587525 -0.128213794707159628 -0.001904803073881910 -0.122871761846484295 -0.002043051890338763 -0.113045379020513773 -0.002172617222632373 -0.162261072605124262 -0.002286393545845926 -0.154206833728508519 -0.002450137582251681 -0.201659465916321418 -0.002590165337613118 -0.202410634843619514 -0.002629115577144694 -0.231691592978194111 -0.002681654589218390 -0.278805313687256640 -0.002716275646044174 -0.330069497220790820 -0.002733723843855486 -0.388367103887237830 -0.002716848230136647 -0.444942357761083152 -0.002631948771379628 -0.524022080037378934 -0.002503492960193267 -0.537980059318056703 -0.002425773952951747 -0.426874733927385952 -0.002520974457793299 -0.224972779732863531 -0.002465252341560398 -0.114258400402378779
21.375000000000000000 -0.001107650746984345 -0.064467399443869325 -0.001172614061491592 -0.093870112144820314 -0.001235339427679139 -0.089584400673972608 -0.001324168892906083 -0.108460064438982942 -0.001426930427562144 -0.115232289630479309 -0.001552854644970161 -0.084952818118394099 -0.001678518023849192 -0.079256415532877530 -0.001807144823606880 -0.147574221753024093 -0.001931498695111250 -0.115908124156097858 -0.002102703353167772 -0.123783069706905433 -0.002279966710137906 -0.105657617280212140 -0.002394057005045167 -0.134545985693987541 -0.002489537126649497 -0.164555437707677832 -0.002568864998720164 -0.237416850578457239 -0.002638711070478827 -0.289394193761794816 -0.002659416590867975 -0.353532251425156929 -0.002610536082040617 -0.458589833019518889 -0.002507395397362420 -0.480751227154044780 -0.002430331388935733 -0.389211581258575301 -0.002484801038520366 -0.207331404459278501 -0.002563218507631814 -0.122485982003861404
21.625000000000000000 -0.000909048378874308 -0.074786610741825757 -0.000929880293410596 -0.065759980535743806 -0.001036939298162758 -0.038791570509294084 -0.001157837819183049 -0.039756955856876393 -0.001273398937532577 -0.052673446078049212 -0.001417716000875352 -0.013617068373243779 -0.001553494553559554 -0.005376885805197866 -0.001686839696506908 -0.045812957138351644 -0.001818603511764873 -0.024840463440959332 -0.002014385796725966 -0.000029153568840521 -0.002210562329574221 0.026071739662826686 -0.002389773525639921 -0.002360844598695947 -0.002545003577618427 -0.051926209731674867 -0.002647665619594263 -0.107565964240274453 -0.002775141280525765 -0.164757459892388963 -0.002797793082587793 -0.251996123103125802 -0.002787899923857964 -0.351823886130499641 -0.002733859345917060 -0.359524534463987189 -0.002678947406144687 -0.300715338329406667 -0.002783230975112969 -0.154243537915208034 -0.002854832960036250 -0.110359229867430020
21.875000000000000000 -0.000152217709804250 -0.071017681650279538 -0.000268930458916731 -0.025605584455613777 -0.000427652388557981 0.012003525455654949 -0.000570801563633717 0.000708308725347488 -0.000723090208632517 -0.004285811255668492 -0.000902497356590776 0.064317527063192451 -0.001079721388014600 0.033261600749987887 -0.001254260498083286 0.033651350971503513 -0.001418342940344400 0.045934429866566276 -0.001638653443436784 0.077190899548773936 -0.001845943833452727 0.087433166288825623 -0.002091824591363667 0.055933131393761486 -0.002286091612089852 0.027941813899736462 -0.002447815822843010 -0.028749804101244766 -0.002600109296056788 -0.094478104024311893 -0.002694468013414906 -0.173524319432980467 -0.002759535484247809 -0.255124103873032693 -0.002753003457742197 -0.251784052994768581 -0.002776324096280307 -0.233346011933008246 -0.002981616383733824 -0.107523254460570900 -0.002903203081213898 -0.084634975526784145
22.125000000000000000 0.000465315727570054 -0.077436804517804464 0.000352466977501276 -0.028341679743393501 0.000172565476542827 0.001854185732873778 0.000005661902578160 -0.004941891777406306 -0.000133481508053917 -0.009995883913965284 -0.000316795358463417 0.061354138501424502 -0.000491698284348860 0.047247291156647747 -0.000684303722739378 0.059757355209192765 -0.000848180324813119 0.061913883267890969 -0.001066639571590247 0.095752891738131396 -0.001296384667612471 0.112157683981249812 -0.001554824710149582 0.097520409419071641 -0.001792574642565563 0.055724697251322931 -0.001990438703685302 0.003743659828497079 -0.002130755675174059 -0.027242616262114924 -0.002257411406159903 -0.076970797934262980 -0.002330604443571844 -0.134074890209989528 -0.002392822311107511 -0.114808302167850138 -0.002561247466255676 -0.103194370755918571 -0.002832833140069249 -0.047491203269319139 -0.002770693873796185 -0.087095512394848015
22.375000000000000000 0.001150778931292923 -0.077632848323342371 0.000951312090765395 -0.027603763153325210 0.000711655568074835 -0.025799935121159658 0.000501403433668886 -0.012679737235126588 0.000329539936308009 -0.027895345757189174 0.000119212024695710 0.038891723811178676 -0.000070651428384024 0.025339536073211964 -0.000303798302895542 0.060927616117349967 -0.000488636785286787 0.056186940704982383 -0.000724155939983036 0.133548506639338010 -0.001012991409727131 0.104000034184663373 -0.001301470847671306 0.091701732381831200 -0.001541296011832778 0.065486434446395639 -0.001779895498681484 0.024023016707577779 -0.001908026298085193 -0.002353065066006751 -0.002023515895199083 -0.032962893835322964 -0.002131003321617719 -0.062976271910078888 -0.002285288252954285 -0.040526459322405173 -0.002532624618714003 -0.043671904910157308 -0.002859155585941386 -0.027206010223593133 -0.003187419441055641 -0.067248301696477164
22.625000000000000000 0.001467273521650436 -0.070078169625430731 0.001274742633406144 -0.025879825309527437 0.001036884813533621 -0.024919646497744662 0.000819786474976256 -0.006636867361587586 0.000647868637912591 -0.002193234206539447 0.000439095789994063 0.033792560804307994 0.000282886173541925 0.016798395672046228 0.000071760984655455 0.079585052962219738 -0.000095220642425771 0.078272036355666333 -0.000329440402230524 0.136427709096038713 -0.000619522925751028 0.106517626591805400 -0.000887346207188193 0.114375268973663041 -0.001173538947758832 0.077116374723729647 -0.001398094519165492 0.054551246309743832 -0.001496031243620886 0.071518851799775962 -0.001624323763452673 0.069651126432895658 -0.001742785080579325 0.081135938979716507 -0.001966527565750675 0.098218457494670217 -0.002273678053859134 0.073209000991878978 -0.002737445176052938 0.048426683329214348 -0.003088656545992392 -0.051650661540351646
22.875000000000000000 0.001832274277184655 -0.071933305675419335 0.001635451370551154 -0.044833938304259767 0.001404544496042621 -0.060816666503190467 0.001210616507667124 -0.054885100049815706 0.001055213178828596 -0.056767763102638778 0.000869938048329803 -0.055025923429631578 0.000749168371899457 -0.069269429607844046 0.000561640922686520 -0.006972977566196914 0.000431151853431496 0.017519174599228433 0.000200391177588622 0.056004795113610423 -0.000058348141119481 0.039763035266156106 -0.000300368024755090 0.030299172787834030 -0.000521157872379286 0.050024771218455243 -0.000743005385023674 0.031513582843122293 -0.000834533768024413 0.067398305116326412 -0.001071788401509813 0.079989291017546149 -0.001213907614605593 0.111692561734187554 -0.001485685082752156 0.149760705682173784 -0.001827826187078374 0.099148020279668334 -0.002370846890509709 0.050603320110581385 -0.002936855679366826 -0.043269831023708599
23.125000000000000000 0.001944083948777078 -0.064496082028481228 0.001803655792610741 -0.052176597981961809 0.001605178143274834 -0.083104423856729379 0.001414504533371642 -0.064416637373462080 0.001262849649760713 -0.084946653424953084 0.001102304397392708 -0.083965316471102044 0.001018356744699267 -0.081603149655862781 0.000870628444242028 -0.053866230357084217 0.000757262718937809 -0.018060632215553901 0.000526727411614650 0.054163796992034739 0.000286311119759612 0.047854813799172988 0.000082250112005192 0.031168044020936498 -0.000097821523988598 0.026369284065377592 -0.000296217643663587 0.021356030907650824 -0.000394211549458451 0.091182749252181880 -0.000621098582868102 0.143811748623009994 -0.000784713481613642 0.186682888854135337 -0.001148179721520476 0.217741639660410713 -0.001509455519676157 0.177582814441575282 -0.002108005410651693 0.116320366584146045 -0.003009996055017463 -0.033945035600806611
23.375000000000000000 0.002080121974060811 -0.070399973485848699 0.001949379518980572 -0.070782301032228018 0.001733355978626133 -0.097961785206240229 0.001522020638901123 -0.066430653634967474 0.001346795138493778 -0.086198112278276187 0.001156074684547014 -0.088560112816986100 0.001053148889946097 -0.111258482601557962 0.000928076323237303 -0.090059871411917652 0.000817408727829923 -0.053071367720881044 0.000617650883075805 -0.011199366801421673 0.000416555460617045 -0.022163250613163890 0.000266625557812494 -0.044125074294824290 0.000123611869414587 -0.036112913794014857 -0.000089591785106536 -0.025974324905127716 -0.000239330117479058 0.049184007447436791 -0.000466163061157561 0.083271291176787374 -0.000663037295491568 0.162519444630689236 -0.000999162757702948 0.176735415043133892 -0.001368676595730829 0.163351786367817581 -0.001969781228194233 0.112779037113363595 -0.002964380034052409 -0.029972923655216178
23.625000000000000000 0.001951697589497195 -0.064048987215758704 0.001830583167431953 -0.064671022487627794 0.001644811244329677 -0.064838454939313644 0.001445246966354475 -0.031812873956692030 0.001287815252550013 -0.041384655430223197 0.001111548500846649 -0.071582954582302835 0.001013909375560048 -0.078371216586549330 0.000886789820736128 -0.076523208820733962 0.000774929393850623 -0.053813581602491181 0.000617247233377857 -0.056736533451232779 0.000502742028817407 -0.044945747583192565 0.000372850320788288 -0.032368300803297945 0.000235197947562678 -0.020192167979778294 0.000024428788622415 -0.018568885539276873 -0.000122630529643063 0.063699357911918067 -0.000379377577278586 0.121043376198538236 -0.000610401917396549 0.180521269148570002 -0.000959802896346718 0.201385511950081059 -0.001305293338524838 0.162519353480432283 -0.001867792635209962 0.118299977380684623 -0.002366793493535945 -0.043101687095690497
23.875000000000000000 0.001864522642748160 -0.063071434111008323 0.001736782546192625 -0.053877417127819988 0.001539744593711988 -0.057727490156642663 0.001339808947113162 -0.028272986787770262 0.001176975386551134 -0.052310914939926977 0.000993077628338202 -0.067387932698072653 0.000855747356381643 -0.072526508742195656 0.000701928843160628 -0.079792747135347619 0.000581410896622754 -0.096312627205472498 0.000459914796388903 -0.102518237740647458 0.000406714229821206 -0.065156847195826234 0.000355708308428703 -0.038398147354758640 0.000253357429863884 -0.016173277707815455 0.000037220853944571 0.004273820398908553 -0.000141124680034974 0.070556316107789327 -0.000409517737680365 0.111318028511928666 -0.000719906732136383 0.169731671362478631 -0.001054376776625633 0.178940240127551303 -0.001379485405843301 0.145907657041353583 -0.001918090562304425 0.098138996388672697 -0.002282504256632338 -0.047739076235981510
