# Index(['mlt', 'mlat_eb', 'ef_eb', 'mlat_05', 'ef_05', 'mlat_10', 'ef_10',
#        'mlat_15', 'ef_15', 'mlat_20', 'ef_20', 'mlat_25', 'ef_25', 'mlat_30',
#        'ef_30', 'mlat_35', 'ef_35', 'mlat_40', 'ef_40', 'mlat_45', 'ef_45',
#        'mlat_50', 'ef_50', 'mlat_55', 'ef_55', 'mlat_60', 'ef_60', 'mlat_65',
#        'ef_65', 'mlat_70', 'ef_70', 'mlat_75', 'ef_75', 'mlat_80', 'ef_80',
#        'mlat_85', 'ef_85', 'mlat_90', 'ef_90', 'mlat_95', 'ef_95', 'mlat_pb',
#        'ef_pb'],
#       dtype='object')
0.125000000000000000 -0.006653373404081546 0.250207918255619832 -0.005831661811631356 0.377203187297332931 -0.005232645115863184 0.512309576081647844 -0.004745273687935324 0.558600172705701281 -0.004352590096128324 0.663912032238969774 -0.003991050672539800 0.709297409283595637 -0.003687251703986643 0.819430680098849451 -0.003375901800002576 0.895892648948989567 -0.003110026021117490 0.949888481390390060 -0.002915440332561418 0.938705394111184255 -0.002749882650745784 0.938590983972785065 -0.002634821460928888 0.930084468332098901 -0.002463488640782721 0.889660614813216233 -0.002201580683951764 0.801260417132496072 -0.001895033669965564 0.722304036140378969 -0.001506472122992738 0.647383820104195595 -0.001052529233129925 0.543542923107686038 -0.000480141148567952 0.487036131425905960 0.000076046814850728 0.444257671795608211 0.000758035473284571 0.381342903720161608 0.001861066607126810 0.280687370748830600
0.375000000000000000 -0.006567407037159940 0.247185077187365487 -0.005730193199837175 0.365387999346793335 -0.005085894637168002 0.466043493157506761 -0.004579313833409347 0.509889646179364053 -0.004156337565611848 0.614177595437038981 -0.003769710431863568 0.675952623752410053 -0.003428966433603536 0.788388618305754019 -0.003041214679410535 0.858151492957331730 -0.002763509289884838 0.942820952799532930 -0.002548401538339440 0.974255892762932563 -0.002371687761777630 0.973999681771714032 -0.002253074549036047 0.984100262536041659 -0.002082814987835344 0.967451604515881747 -0.001860699639076865 0.861687634023863946 -0.001611482762556305 0.792372639796173894 -0.001283226807818704 0.719486708785750939 -0.000859590377134650 0.627980523391632461 -0.000426825635376247 0.567319548903819970 0.000009795834099009 0.504709256320321931 0.000550026930705405 0.417722431154833651 0.001497948772588882 0.291195238487950037
0.625000000000000000 -0.006216056179874296 0.236559408233688012 -0.005363529343187796 0.349783059116422712 -0.004731895507090572 0.451017230854007911 -0.004223776209065103 0.498781908839466825 -0.003791755971394319 0.601507885322804747 -0.003430040988135600 0.661511284796698296 -0.003074166127028496 0.762462144362563876 -0.002673876501825803 0.820428154688023326 -0.002383073635232810 0.891878905757769402 -0.002139961683957664 0.917056249596776674 -0.001941146114694408 0.922395801247315128 -0.001762400575273290 0.920276564604389558 -0.001541282029959663 0.912218879190298537 -0.001304652287601203 0.819466961638949498 -0.001088577362968645 0.761066832513277669 -0.000795030277479706 0.703235420046879889 -0.000424593092979790 0.639109007698401399 -0.000034749431922157 0.590007825421953069 0.000282017019892226 0.563496370087092524 0.000647379485762170 0.452239988317841013 0.001362191867460707 0.293415266802902919
0.875000000000000000 -0.006215138663242832 0.232399317634126135 -0.005330163068163584 0.345335378816168159 -0.004681787057152303 0.448587715254067931 -0.004155595959093896 0.518354375643250265 -0.003705221104445679 0.609979189097955343 -0.003335479794986997 0.698466213092378552 -0.002955332483745691 0.783311105470234303 -0.002567304943786506 0.822575094926579653 -0.002264993481985296 0.921767818091127289 -0.002019955297386866 0.945445779968756117 -0.001805759668340103 0.964694792771570553 -0.001609595722418238 0.962924288391159511 -0.001407922749421063 0.965941155448511890 -0.001223528948494628 0.888700134266016351 -0.001052758570283578 0.846192319561983042 -0.000798022527554616 0.780483788836614512 -0.000481446424855274 0.705246319595801197 -0.000162379869002232 0.666834124522390770 0.000068449753685017 0.602569188900671904 0.000426359884550216 0.473231371916143007 0.001169346792203464 0.291460013055744593
1.125000000000000000 -0.006451273600390959 0.228360841497776385 -0.005543844048224431 0.349157503211329878 -0.004912019678111832 0.470664810666725664 -0.004399013053804876 0.526178359159103382 -0.003955351925346076 0.626173409164979877 -0.003600905380963337 0.716805163655695354 -0.003250762886492874 0.795425522428485521 -0.002886848931120868 0.857683598677481007 -0.002596420299624597 0.948061434018438121 -0.002369250944668786 1.000913266851551242 -0.002171928276262480 1.026535080124751920 -0.001977104342810558 1.017117025169302691 -0.001800463623610868 1.030105464666377868 -0.001621036281595934 0.960377507200872893 -0.001453879687517775 0.904531657416757451 -0.001198633023554831 0.840096563314569500 -0.000944351246266922 0.772241767220589348 -0.000645007849697767 0.717849967347446105 -0.000553748399379743 0.637056792704841168 -0.000335082523848370 0.500809413121492630 0.000405206962150345 0.298066877741529901
1.375000000000000000 -0.006410758387762058 0.230568120968616036 -0.005505990910165215 0.363798687913735763 -0.004847374834918745 0.487429133366526768 -0.004313631734735476 0.568534384172067697 -0.003860101824596474 0.680369695026207477 -0.003491607076146547 0.774556315590232303 -0.003133479172421941 0.840073038259267157 -0.002799568842148080 0.898964854616576492 -0.002528817596876109 1.007481989433696601 -0.002307290416618155 1.063957834103213207 -0.002105891807521395 1.094558140419563008 -0.001886503454684441 1.070200487520609700 -0.001652698247663280 1.061748173943303009 -0.001414200972566709 0.999964079279677232 -0.001192116898017928 0.952476069519024637 -0.000932498916890033 0.874736410900641248 -0.000667744377720306 0.799832914631784631 -0.000434165625083238 0.756100082163001619 -0.000355110913644970 0.641233853123063136 -0.000168801729698267 0.524785417781626906 0.000499096120251669 0.280085182668435795
1.625000000000000000 -0.006438550622555512 0.234347302924887368 -0.005438950445343347 0.387917396174275453 -0.004773332921437410 0.537332586806487544 -0.004228270065494451 0.627163138916009832 -0.003782659392409427 0.732761506304998700 -0.003384912898322300 0.828304953708659308 -0.003034870737599987 0.877832557138495284 -0.002744288586869856 0.948331769829810045 -0.002471684752286909 1.024599317538785082 -0.002212218891055798 1.065125506960792556 -0.001988478539421007 1.061904388899691298 -0.001677026968817282 1.037530646149453784 -0.001372642370369795 1.021217956332531651 -0.001070425060878081 0.987967845412331735 -0.000785802632724595 0.961730201918559735 -0.000460290287206024 0.899957872699298722 -0.000203636970926586 0.837950417521961533 0.000031090806468365 0.799735327222865999 0.000025783656890122 0.689919422744984523 0.000129192961409784 0.548705866123197605 0.000848414126323239 0.264247791504972018
1.875000000000000000 -0.006832570306408729 0.239394788382163659 -0.005802077570245924 0.386296247147297045 -0.005119326148766892 0.529166455675763592 -0.004569112091090428 0.623816879349246789 -0.004062690899144097 0.731071142530992368 -0.003656529974129906 0.818409205707379184 -0.003319876322990374 0.881327237607043346 -0.003019708844204485 0.966629688165317691 -0.002755251631448556 1.057484721034590569 -0.002499574703446196 1.080825453251705870 -0.002265429215876627 1.056252117793082368 -0.001948330704886997 1.046773736757401041 -0.001662730148798814 1.037780237545793405 -0.001363997705970149 1.033036828498597792 -0.001076933636916837 0.998147207994313779 -0.000758855006643621 0.923217047811476177 -0.000482866709941851 0.875305919281473277 -0.000270808470742520 0.841212485596097959 -0.000371680266414074 0.699280597675054683 -0.000359811160644503 0.564920376506644395 0.000741458612848923 0.251966800964463833
2.125000000000000000 -0.007207475445903113 0.254131267567978214 -0.006094130693737701 0.408629327238394513 -0.005297896788904462 0.580688307528922198 -0.004719110517049238 0.674642599057259207 -0.004194134178143359 0.807676297433274293 -0.003768289831453163 0.873514036145323192 -0.003427475203053322 0.960821696306885631 -0.003119140876966070 1.058257592176925499 -0.002848505083809915 1.120247579265388316 -0.002573730683658766 1.142334437323298646 -0.002303940377385961 1.105306386229225390 -0.001963349650004344 1.095816989169834832 -0.001628462020067064 1.091263464545895401 -0.001284136257468660 1.070866098240926823 -0.000925722652722029 1.032985197592661164 -0.000561517862949190 0.954471905858697123 -0.000235428543295549 0.892015521980366488 0.000031024823707931 0.861725959136588560 0.000014676371828216 0.724151335595840995 -0.000004167914360145 0.587410159936331611 0.001107815089671114 0.245073073841848205
2.375000000000000000 -0.006989546389078511 0.261767761659165765 -0.005821947975393740 0.408929686908113488 -0.004975301716007045 0.576983335317385215 -0.004368199267285751 0.690070169238806930 -0.003829308441718930 0.823530168584541533 -0.003390194463483259 0.905784954716005619 -0.003008054638321756 1.001607880147171947 -0.002682702166107394 1.097011324876702831 -0.002382495072947599 1.145528845268892981 -0.002073202876706006 1.143106895053039640 -0.001783297498807898 1.125291482096422602 -0.001398640515240407 1.125223696612143831 -0.001020660380794443 1.097424779265970374 -0.000654741226746742 1.092946508409817330 -0.000286255260440061 1.047351853854654680 0.000105701096395001 0.982797642407708283 0.000418457110114584 0.924954131357841214 0.000662083513768383 0.901009195577369359 0.000700677289669846 0.742918484583890537 0.000735338728590570 0.603420667702544100 0.001659462392167256 0.235497363247837405
2.625000000000000000 -0.007084649176838183 0.242492768272823900 -0.005876997724604305 0.400310205288900656 -0.005050954288568932 0.567140185540336406 -0.004455698451007766 0.681606707794649269 -0.003931119089002378 0.824286054987842798 -0.003518648123928200 0.931643997253488565 -0.003149276891741497 1.036184648123287255 -0.002847696733627771 1.136656800585015947 -0.002549629701879921 1.174605273392710370 -0.002245086501717779 1.155948224660995338 -0.001970497184525697 1.134587074436637533 -0.001612452497158265 1.142628873031143355 -0.001275190590589043 1.109870668083425382 -0.000935218821411543 1.085814990523940482 -0.000564553769242535 1.039660267525833293 -0.000175102123688404 0.971269736499020708 0.000142789161836534 0.936906503666541268 0.000384099762968939 0.887003401216894138 0.000446342843013235 0.739541506484125644 0.000473578312042212 0.576915674999665562 0.001343446150896630 0.235725337218974679
2.875000000000000000 -0.007312760498601648 0.226624437113296967 -0.006092538844083099 0.369385099107356729 -0.005283206254769076 0.542979992283226021 -0.004686220733292897 0.644337193724459856 -0.004171763938256860 0.784215355936284553 -0.003783794883656570 0.888687073072557010 -0.003432318305438024 1.012869205113101856 -0.003123035678441939 1.070945482087547029 -0.002822879540274583 1.125260049642721860 -0.002540946172611124 1.119651235373558595 -0.002266109399726843 1.123941957615528953 -0.001971016265587809 1.143621159889048888 -0.001670029367251186 1.077332224896535351 -0.001357566826843459 1.054958212060628009 -0.001008234682168563 1.003310166082710397 -0.000639734818335156 0.923932465362634181 -0.000311397816365632 0.899342042827250943 -0.000030796669417137 0.852545843656284719 0.000156302248665122 0.716515711663891053 0.000257860933802907 0.558020297736630977 0.000961017046474865 0.223972642160178453
3.125000000000000000 -0.006925052377938369 0.217789471725051753 -0.005873534659048345 0.359749547364639100 -0.005182255574463252 0.520615496646045672 -0.004658749497153904 0.611595986012911208 -0.004225357325432353 0.721468681275783119 -0.003863338324226997 0.811219758668232704 -0.003552798472213246 0.929109670343700400 -0.003292437807692778 1.017283854759542194 -0.003049063955470229 1.045715141086642985 -0.002789659635092763 1.079343066094309300 -0.002552942943942442 1.043917397644193112 -0.002269602473353606 1.059410370211672170 -0.002021907478745388 1.034317580948084681 -0.001763505526827137 1.013254274360622986 -0.001502906811623595 0.963156336026139592 -0.001212647616818903 0.900309782737499731 -0.000968723173325775 0.867376965759635299 -0.000723786961474525 0.794022456273609900 -0.000609761352608479 0.659523299873844282 -0.000504472149068439 0.501910676144981083 0.000383850461753725 0.226457154600119587
3.375000000000000000 -0.006938444428818943 0.204921623109214329 -0.005953251645471748 0.331592246579396288 -0.005308978340110677 0.482359703480653990 -0.004808415994021582 0.584044268999329153 -0.004394076203604632 0.690803160751785494 -0.004070512183493930 0.781816888571504331 -0.003786125812215703 0.908438113756316223 -0.003546335628769434 0.971758116996372934 -0.003315430934421893 1.008514627619861770 -0.003089590253358106 1.045052237777309267 -0.002865047644717811 1.027835420711054493 -0.002633545844769943 1.048362962745467364 -0.002419878839732097 1.014648035930165726 -0.002186554262605261 0.990431064824201401 -0.001954414171104121 0.934810810699338024 -0.001699608059276611 0.877103184626922050 -0.001461013282820978 0.841542153367928258 -0.001208171617986581 0.763868513914645608 -0.001046206234253487 0.641507895761887048 -0.000967809402706083 0.482958144150086421 -0.000148660571662277 0.225425049055441418
3.625000000000000000 -0.006729438905224360 0.195170868417355897 -0.005774817286167696 0.314618569169549833 -0.005160386112240327 0.479730601959823033 -0.004708228175496521 0.586018026593280617 -0.004366962605646049 0.707289208339428543 -0.004073622219634100 0.808850611891418270 -0.003803414955124236 0.920247297416345811 -0.003590431062196372 0.991158988325110957 -0.003378869205810898 1.020589105770676630 -0.003173290360169528 1.066584545216745283 -0.002966796086843523 1.040938219086960270 -0.002746616712241670 1.063375800989093456 -0.002542504774754587 1.020960974411618372 -0.002339655513822610 1.001396392628746135 -0.002123044330715680 0.940366180382771644 -0.001883266277035562 0.890143598726335861 -0.001665589887848886 0.848838534928067157 -0.001399928005083828 0.748891534799256187 -0.001197031090470735 0.637883078071862508 -0.001046773167926707 0.461988812603883636 -0.000404593041818415 0.219671837464364916
3.875000000000000000 -0.006320608970948666 0.179532212603041752 -0.005501855069210126 0.287667645368145375 -0.005002088601254307 0.443584114698486021 -0.004606825644085285 0.543810619138099915 -0.004312213307614272 0.674214282904112450 -0.004071969890834064 0.779509557396889097 -0.003848758906404177 0.880163847418887979 -0.003663388664388131 0.955698418693858298 -0.003492761105100644 0.993501552516455888 -0.003321804195362880 1.040988546319182584 -0.003165813179439814 1.017890169409225276 -0.002992002704398791 1.042585880654411268 -0.002835385297580980 0.998155862112343750 -0.002688740575064398 0.981452839763379270 -0.002534359131071989 0.906030704242639873 -0.002355071466738222 0.861842485216463672 -0.002177836139944209 0.833823156965835310 -0.001979982305530889 0.716831045392933852 -0.001753649727405940 0.598210371590083723 -0.001642548726628199 0.423501686240274511 -0.000986457828436534 0.218890475363214210
4.125000000000000000 -0.006381886709414811 0.173820762585175703 -0.005628478006224497 0.262977220864613725 -0.005160252044413193 0.416890821484132368 -0.004779950153589526 0.517140784112067320 -0.004513183491795006 0.648638828945132029 -0.004296800016927130 0.752476267748599881 -0.004114122643405372 0.853589365546853052 -0.003956113794954184 0.915044924258131553 -0.003817066388406089 0.952842925325441792 -0.003673812236042874 1.023392250932278147 -0.003551059957194817 0.993121295470615562 -0.003409381679229410 1.009364156644857680 -0.003292167164322731 0.960556270813373803 -0.003172829983275906 0.954739829890365876 -0.003055267370323844 0.880623632842375992 -0.002922445716875987 0.828582550091715442 -0.002775956641714736 0.793898074952838817 -0.002572945137284310 0.673291423201431760 -0.002346772741032448 0.572140840805645090 -0.002251871614537888 0.399458865426259635 -0.001477981055917938 0.220028215994846371
4.375000000000000000 -0.006255094203117094 0.183929101756476698 -0.005587613054780144 0.246538835603623940 -0.005181782348839613 0.396417159942808850 -0.004850343069477027 0.486413086734909517 -0.004614380126437968 0.604716530913556150 -0.004428218218055983 0.700717834492916358 -0.004268947763217948 0.798424344819492315 -0.004139708745921064 0.847868678023594557 -0.004021598651246896 0.888039829114521173 -0.003905206815861821 0.973249930750467063 -0.003804311561337761 0.951918369001373832 -0.003692271489863762 0.969584128574351056 -0.003631745455271976 0.926803580179780595 -0.003563259140886984 0.941499997143760536 -0.003502778164599249 0.871473549428008587 -0.003422306226875358 0.823145502068934776 -0.003333546518113940 0.776975712616269854 -0.003208382119203711 0.664321771637706893 -0.003057047734697375 0.557989454408593155 -0.003054855533874792 0.380443846313482270 -0.002552954803268224 0.214797154649731148
4.625000000000000000 -0.006000190227636134 0.189854584411126986 -0.005493784551974464 0.249072008394242095 -0.005172049065947586 0.383583443862661355 -0.004911249282480602 0.483241887732772823 -0.004715594605590077 0.589501410896353550 -0.004576820350671930 0.683934467033139204 -0.004448777571468032 0.789574858684672809 -0.004373721227532462 0.840080119404134407 -0.004292630125566078 0.870658661944049950 -0.004219835575215527 0.953364085813181328 -0.004162496860187603 0.924563244466371947 -0.004103148875353269 0.936838400996358733 -0.004082689684940348 0.914243330299907009 -0.004047662508099408 0.935851535535434875 -0.004036319025282726 0.846232003001817668 -0.004028692317093427 0.809843014241043546 -0.003989674863228754 0.745584544231093216 -0.003913768782361577 0.636080229953068899 -0.003823963580641291 0.543844842363949366 -0.003954492924304778 0.367457367722478612 -0.003497230856197648 0.218162233930762672
4.875000000000000000 -0.005898903405932174 0.177480777898748582 -0.005452550830134505 0.224309498867830887 -0.005176901641643364 0.340812895869227361 -0.004983461595902751 0.453194586853591208 -0.004842512411318581 0.572440950714334318 -0.004755766132318408 0.678886464423795744 -0.004679482226966874 0.752561814201510915 -0.004644278994247521 0.794717874921950673 -0.004598752302595225 0.833964673639364662 -0.004568827458294671 0.900959057998695467 -0.004537499590097843 0.881353060144631661 -0.004522139422045536 0.885101965868677953 -0.004520225481960645 0.852900338336121444 -0.004514347346282424 0.879334869000656494 -0.004539674264528398 0.794014090538135653 -0.004553482298955917 0.758919053671484711 -0.004552592884634401 0.679526405411177703 -0.004515295781037735 0.587103495374335482 -0.004462407533303537 0.502137564832892180 -0.004686011022238513 0.342728911130922409 -0.004130981652788294 0.209130851173375487
5.125000000000000000 -0.006313144821589467 0.181423559524538619 -0.005852383891136933 0.233580555901663350 -0.005558256886878790 0.352761545868546189 -0.005373384046037696 0.460346091905029509 -0.005248970304786478 0.593131006496627200 -0.005192612149773256 0.699074712114569286 -0.005128518701679499 0.769887028827622943 -0.005107324455517770 0.790074721005249003 -0.005091460141534771 0.836021316816980997 -0.005093695164101586 0.893087176524749227 -0.005083085523256741 0.878215201301214887 -0.005091362678600227 0.883258874768507174 -0.005114102836780520 0.845537878712690927 -0.005137588136306451 0.878368800073892175 -0.005185197698626295 0.793662601018532476 -0.005202284365249476 0.743341376430995182 -0.005225905437602161 0.671752776513276029 -0.005242540535081701 0.575498321124418233 -0.005171322008833700 0.494809698821263910 -0.005434459001597983 0.331091333617653305 -0.004929002348369924 0.218126483301152613
5.375000000000000000 -0.006399024936660816 0.189757151047358602 -0.005975142583596952 0.230272883684627672 -0.005712257347161231 0.337232188345590378 -0.005530774895578751 0.452982904623995153 -0.005425844182863151 0.566226878741518780 -0.005399444888588341 0.671794440576824248 -0.005339266801009081 0.740747791485788065 -0.005329976319201500 0.765079318567482458 -0.005338995278497930 0.817747783943441720 -0.005346183463263083 0.857622366020967863 -0.005358953648762627 0.857784254623973452 -0.005405594275943436 0.860048280357862072 -0.005461297255679126 0.801084035444030729 -0.005499961586788940 0.838562016991222792 -0.005561911342131911 0.740862128061277048 -0.005590635433136606 0.689833402625562031 -0.005642692634741096 0.629585856445635916 -0.005698437356942705 0.544897957885095541 -0.005661016727784369 0.483504150963100787 -0.005927966123819046 0.321031134235429283 -0.005929567977833396 0.201281882184278144
5.625000000000000000 -0.006768134339129535 0.197415861015458077 -0.006332268921783879 0.243337768456683173 -0.006032803493518862 0.343123933950170268 -0.005851102210052873 0.450027860121322676 -0.005787352405189514 0.574327403870672160 -0.005777195498296081 0.661521301779065429 -0.005740233326473749 0.739784245319199951 -0.005754402930163119 0.768197850631002876 -0.005798666548923626 0.816652921091488793 -0.005826797436877976 0.844311072738701873 -0.005863575891544945 0.845316632812388336 -0.005944183795619838 0.854000818739102385 -0.006017975885259697 0.800442574561298192 -0.006079467653909365 0.844827379721263427 -0.006171319269849491 0.742284740776919083 -0.006231597799965774 0.689034269739913441 -0.006311064006781961 0.627917326017158328 -0.006404895084754923 0.538542645107677020 -0.006369636960974289 0.473109708472577106 -0.006634484952116077 0.323931000826828797 -0.006466171757493759 0.197330138322794557
5.875000000000000000 -0.007475028958428075 0.213198770659761228 -0.007094778881601473 0.272827564606022976 -0.006764496154454937 0.352933131520903720 -0.006574382704916947 0.456455248991536278 -0.006527404903444797 0.578337822988065131 -0.006529930431197718 0.636580411876828567 -0.006523317834195734 0.721002958365233315 -0.006570312823106972 0.741519042555176755 -0.006647624766616909 0.785837638184469278 -0.006705783959247054 0.822367192995023588 -0.006766811511682635 0.839468671827800161 -0.006886720186868873 0.842937089259905292 -0.007008274993762408 0.783593833297619891 -0.007097633254423606 0.800231838567025733 -0.007223511183756542 0.709749440575790924 -0.007301749450860384 0.666645592105461371 -0.007403976901725873 0.610667389434887520 -0.007533379640360187 0.530492769004682896 -0.007510552370132355 0.462054354444909610 -0.007827525235052282 0.333486273468810546 -0.007437382126746872 0.210917803907439388
6.125000000000000000 -0.008576605692629462 0.224382630711168041 -0.008113866884529438 0.290681164770229428 -0.007740778920652170 0.353340185878409763 -0.007564139456770394 0.463551165207424620 -0.007519009298794317 0.560960793216903841 -0.007501788586096885 0.612312287240486586 -0.007492752840161896 0.693692272672900900 -0.007562225935039711 0.720632171760113405 -0.007657326957274038 0.741461902569711895 -0.007718617292625331 0.799967284732362449 -0.007793614741535455 0.815607046172932448 -0.007917507721486335 0.817526921435773213 -0.008047859986260730 0.760677171087121629 -0.008137897423306149 0.776551858264548089 -0.008279597929625248 0.695242205709014516 -0.008379716998859640 0.651713449754712015 -0.008519482952168669 0.591968682643947863 -0.008633477170881450 0.514497396557162423 -0.008710487778971657 0.460330158249279475 -0.009025261614707476 0.336011158206981242 -0.008763291004177760 0.217315697878027930
6.375000000000000000 -0.009335779489268080 0.222796848809049236 -0.008790103921594320 0.297495069448376670 -0.008445925620951573 0.340055867587176097 -0.008253323121709306 0.452896223591807479 -0.008216714110044343 0.532005522431481914 -0.008200100135869939 0.571397965886846881 -0.008188886000913874 0.632805031456928235 -0.008259769596819884 0.676978858224780322 -0.008366713922093892 0.704462637752420795 -0.008447905632277963 0.737392717780184337 -0.008516777367912924 0.745935966379192794 -0.008664624993880272 0.770038979145457492 -0.008796345889223097 0.719189736849950467 -0.008908320253038756 0.730122952177310047 -0.009100552674228294 0.669180696753532867 -0.009222797952556655 0.638923358480632864 -0.009387669413056795 0.582030524643583957 -0.009597271314529757 0.509236435505649010 -0.009769554992758308 0.456539911578508872 -0.010115463832702452 0.318437112181522375 -0.009945427136973307 0.211936773554743579
6.625000000000000000 -0.010050818507952954 0.227240554880085016 -0.009449620055130930 0.309746810298190234 -0.009089931538666194 0.351443643246258708 -0.008881144659320094 0.479191375544890164 -0.008860553488718613 0.559087538932514949 -0.008856000934716607 0.587581480223632546 -0.008866472166249533 0.647803829409560938 -0.008934262292611324 0.688760953083300320 -0.009054081859516446 0.697514519916472508 -0.009114400070047818 0.724265987620165252 -0.009154825209913706 0.732369361046226963 -0.009294852054297002 0.765337805957359674 -0.009386718088793072 0.725955165681375858 -0.009498096700681800 0.718636395525199978 -0.009689069048366946 0.656582960094883594 -0.009821095087557902 0.613595442741498354 -0.009993623610050368 0.572685606993826646 -0.010167373335890224 0.495507616860728028 -0.010352653513293257 0.465949013996725225 -0.010674024108931974 0.339040549657306733 -0.010011640877743092 0.214038693265301422
6.875000000000000000 -0.010977215767089000 0.224254359582998358 -0.010268616647875595 0.316462874609852340 -0.009795328796116796 0.351569707154232691 -0.009544088379645689 0.481013593122058547 -0.009512731632405361 0.573934027832192939 -0.009495427234422177 0.619111676370109665 -0.009526992050848357 0.637925892736499245 -0.009568483227535918 0.706033520843199813 -0.009689449374239096 0.707209960103168056 -0.009743834939660424 0.737756769269218404 -0.009770956880393578 0.765661050821504707 -0.009902115979653002 0.814722587486557126 -0.009976906861931529 0.752637551832215479 -0.010082534166556155 0.730902620296967176 -0.010249375451800677 0.687214354882354717 -0.010362615040265996 0.640242098117668856 -0.010533020449691453 0.619379343070811994 -0.010718258252596379 0.522670653584615952 -0.010901391734705687 0.485841660838055744 -0.011211001702928157 0.355482003142023051 -0.010319027696344836 0.226851494710037599
7.125000000000000000 -0.011963807324350595 0.252947461295595089 -0.011190558156518777 0.357665396446669837 -0.010658288781040278 0.407165179216321005 -0.010381062916105976 0.521588221278188824 -0.010313465857907241 0.624853590139742843 -0.010284104533575587 0.649141429574793483 -0.010312835396175639 0.675736524447098863 -0.010363915419826245 0.764427370119580285 -0.010474686990277093 0.759763188910402176 -0.010555298476894660 0.818179198400296959 -0.010576298307628162 0.842015823376102701 -0.010718345255967867 0.902650662255181646 -0.010809142660089687 0.842337472073317994 -0.010952863502971829 0.808225560567480961 -0.011123161205864585 0.774289688526205278 -0.011225448843485414 0.718486854574263756 -0.011380360871580782 0.694230853026729822 -0.011589056658672716 0.584098049996395807 -0.011763695702448796 0.540800801531194697 -0.012079675147320643 0.396068639594530536 -0.011281764682771084 0.255674542028531626
7.375000000000000000 -0.012785635251182603 0.258954746593710539 -0.011940152788655841 0.333057218817143896 -0.011281816939056215 0.387399712753043801 -0.011009252770766973 0.513678355661745911 -0.010933999514456784 0.597783151801016377 -0.010897581168533201 0.636210258015359797 -0.010922461276897140 0.660962526060585587 -0.010980356950523970 0.747551296581204117 -0.011076576877015883 0.739342670872298879 -0.011130127989413983 0.807059240584360738 -0.011157643872620774 0.827990646674591546 -0.011307004906165248 0.900553105045204916 -0.011401202178321435 0.849103002825825848 -0.011553968726760356 0.808563424053368562 -0.011719431941995099 0.787662245738041666 -0.011843062469126444 0.755776186807112671 -0.011994265297678710 0.734587946421022431 -0.012187691888916186 0.613518677060558182 -0.012391768519053645 0.566472958470562560 -0.012692654051071655 0.411132905080282662 -0.011822037432827127 0.252613665589518033
7.625000000000000000 -0.013328814205031073 0.258996875846240759 -0.012548309002156441 0.334120885511059507 -0.011852809591353122 0.394127708876833405 -0.011623169710641965 0.512714413181130646 -0.011481390304176159 0.610448089249807535 -0.011432176584285820 0.638257407315186098 -0.011513309162907459 0.654302734420674548 -0.011572921160189252 0.737215868462852253 -0.011680401224570565 0.718495602742299178 -0.011734190270239945 0.780243274983838053 -0.011777313861248943 0.836075742262295751 -0.011908491719435366 0.891098560255699890 -0.012001526197221089 0.867750017330067402 -0.012162624800872254 0.840141281537250761 -0.012311541229570525 0.809485138819452943 -0.012468830920944515 0.790915284561417797 -0.012624571854459147 0.754545884411390366 -0.012812032008074091 0.623873453096793207 -0.013026284853771865 0.583180459015020802 -0.013349830659348564 0.430876540955118958 -0.012283532303958114 0.288069636811348173
7.875000000000000000 -0.013874939060886863 0.274413300247862701 -0.013149515382311766 0.347008203084989586 -0.012485868830914857 0.409642921601049648 -0.012282260043500401 0.508121046943445842 -0.012052342135184165 0.584228288895657810 -0.011979355808036565 0.635003249398355618 -0.012072455351219797 0.634668190610037208 -0.012131592679628597 0.703846691624290699 -0.012206133610340734 0.683319816399652447 -0.012260140986129925 0.769436017717638365 -0.012291064013753723 0.816677664257196789 -0.012386401111314248 0.878789885762835232 -0.012468122954190900 0.849810584073254716 -0.012623752659442163 0.830131229067080922 -0.012769272033009664 0.804544351295049753 -0.012962952004476213 0.790731015720948727 -0.013135056897416550 0.757634360447397071 -0.013331062311033001 0.636048786121127918 -0.013573445666039644 0.598270259371640134 -0.013932410324283372 0.447619378449096716 -0.013035340656425009 0.308661955671259924
8.125000000000000000 -0.013870326595919224 0.288381365519867372 -0.013206456311810786 0.358781162216414484 -0.012699525342272668 0.414461256193427163 -0.012500448301646259 0.514195887687470488 -0.012347495948701295 0.566254976506342267 -0.012295185601874589 0.637838423727167037 -0.012348470871686199 0.633675078441229944 -0.012429825948082363 0.696835420249760640 -0.012513407684896631 0.671109001162105367 -0.012529935312609005 0.753291567791859795 -0.012549302032747600 0.797913895332693968 -0.012642348538391699 0.862122730528436687 -0.012703965299263853 0.835921023002806352 -0.012849752884558837 0.834571978763846811 -0.012991929913830452 0.798922627125870255 -0.013181214880238433 0.781929866532663609 -0.013362988565671492 0.740535800109110132 -0.013589282673173440 0.613694848645985225 -0.013819324953013079 0.584969422042663112 -0.014232497753321574 0.439940748112189584 -0.013989505386777309 0.336348295890373739
8.375000000000000000 -0.013908708673216048 0.304610695873934079 -0.013336554882441244 0.360302210500233477 -0.012922729542997188 0.412320572895819637 -0.012720853001811340 0.496674037655723655 -0.012639543144686290 0.536082004841418880 -0.012669426304384217 0.592611967245374793 -0.012695874075357508 0.578278766016236290 -0.012795865287958475 0.632224410399796044 -0.012876527076148262 0.621695580730131869 -0.012925086090428837 0.679380758444891542 -0.012929036271764787 0.722149259612095862 -0.013020013297124076 0.810724669178018886 -0.013100709889097575 0.787248154791689192 -0.013254915445436478 0.798402832176781763 -0.013412202708346525 0.764596647420452746 -0.013630745146508659 0.765810513358835321 -0.013885970005031214 0.708668114650019443 -0.014158725047982122 0.598296532356710098 -0.014463318616705504 0.566903285794409073 -0.014993900934470266 0.435301980988060000 -0.014751947481209801 0.356772409111509758
8.625000000000000000 -0.013440233920054983 0.326278218242334772 -0.013103705606152833 0.364743451486052028 -0.012748649569226419 0.411854692847728077 -0.012660441072521135 0.463070135411846551 -0.012609877918393395 0.504779753079291349 -0.012745433955557798 0.555513261611875642 -0.012832489768791314 0.548995672688131542 -0.012970707706632657 0.583809955875968289 -0.013077761748595850 0.564387580843249581 -0.013164181540133896 0.632243746959669783 -0.013233151280348255 0.679518061812147578 -0.013381376145562285 0.759261741183486549 -0.013511298936141817 0.760103988300652178 -0.013688018184103534 0.758678112532524929 -0.013838083217305697 0.735380627907226581 -0.014093737520029835 0.718571053627762080 -0.014436402002122799 0.694836249440763720 -0.014748983830104815 0.569248176466350397 -0.015038589202284364 0.548923142667426922 -0.015639865711979322 0.450763872107286911 -0.015697690974931740 0.386172598222821961
8.875000000000000000 -0.013536262278277386 0.332856473930894958 -0.013283874392588740 0.359932242475957231 -0.012886641416027954 0.380293062678343008 -0.012808122125656692 0.433408630250309901 -0.012765353520108404 0.457689597540682003 -0.012959062886554551 0.515592744346008769 -0.013101611057798208 0.490765608198313774 -0.013273973026077669 0.554056263009815364 -0.013384630913791615 0.548106508359911704 -0.013566271801079950 0.632619761446505779 -0.013760975173704896 0.671033484967101912 -0.013980604560573293 0.728899893998263937 -0.014180682238443744 0.730075454842679439 -0.014367731748970906 0.734753290891802746 -0.014538824644004796 0.722406617839126519 -0.014819239754709166 0.714638794250189946 -0.015215857502245744 0.681852996082294438 -0.015590693058422348 0.555257701660099801 -0.015962072660183721 0.537092399972585621 -0.016594094323251537 0.442726634968927113 -0.016586862456988170 0.413303406218626157
9.125000000000000000 -0.012282957002148577 0.329011208713173686 -0.011834306013821469 0.368337385650978899 -0.011569306603763952 0.407757761752443326 -0.011482345945231306 0.486529129910588776 -0.011469370954742675 0.525636443804932685 -0.011619833404079809 0.588674822531406683 -0.011762288450747234 0.585988104335202431 -0.011924229171176762 0.645182590591760974 -0.012022602314526988 0.628498986240237811 -0.012109369571048606 0.683445128451311668 -0.012236170828096863 0.713833017110671930 -0.012438627427076193 0.753602452153634195 -0.012604230472798536 0.741127132017533552 -0.012790810762566026 0.734178143693477891 -0.012973573009366494 0.711963135369512279 -0.013214518941320117 0.701137915162724834 -0.013521621763739132 0.679486234953039725 -0.013874514392394089 0.575963047177503018 -0.014300948914050393 0.552644378367112110 -0.014914679094900086 0.444737036176078626 -0.014373283214161372 0.370705247894596246
9.375000000000000000 -0.011827038456701784 0.347356213908104228 -0.011472907324407158 0.385578821019102791 -0.011278169713794813 0.421141159675402055 -0.011241311464992191 0.496893609303785955 -0.011255462003024292 0.523642045501638065 -0.011481254865553356 0.584589589721553615 -0.011670736546501081 0.580232928169421069 -0.011861592575095538 0.636266008332669886 -0.011961632780339761 0.623724124547482606 -0.012072764668855117 0.660658295610354163 -0.012219867511498901 0.689220367308349791 -0.012451559610190758 0.743187699573137128 -0.012660693998849505 0.715374487375138535 -0.012872046628696837 0.724516991518672437 -0.013078253581656726 0.696390704999867993 -0.013334344021485315 0.689353208815962737 -0.013666219458277579 0.661770864360140765 -0.014032693955116710 0.565390092972955283 -0.014459894659752415 0.543531812793326075 -0.015089543071413853 0.447406865340894244 -0.014523045007912955 0.392250659185649830
9.625000000000000000 -0.011103672099254175 0.366590562585369817 -0.010904897350510543 0.398082262197179626 -0.010756889847736099 0.433181442005020179 -0.010816233465652468 0.490524510279434112 -0.010864416041421103 0.512919935526164661 -0.011172021801036283 0.569911831798111002 -0.011428650278481821 0.573778421317893250 -0.011670124992974353 0.611225423434945458 -0.011798061619999758 0.592121679065978346 -0.011952831870263450 0.626700224095048553 -0.012147152306051045 0.663145240596391239 -0.012410719170650376 0.698595390080521073 -0.012651185197054162 0.685457626380172047 -0.012878667381647472 0.699558291361705997 -0.013082248213831285 0.668660685155213930 -0.013365420765394055 0.651552937983895908 -0.013725853361224631 0.640549172906500264 -0.014101445452887927 0.543007622855156247 -0.014486144928238709 0.524955625019518868 -0.015163094574755549 0.458170764842552813 -0.014577734314572006 0.417912976543684977
9.875000000000000000 -0.010806877168236553 0.376238648282255339 -0.010653757882326623 0.401076581148336941 -0.010533233989737182 0.428611272918725417 -0.010644955504577834 0.482492651834812825 -0.010738604056749142 0.488288652883733243 -0.011091773065874031 0.547255817446876680 -0.011367491823456654 0.550609466154828864 -0.011647292513990239 0.597397673867542611 -0.011804556426064946 0.579550877439142242 -0.011987248303162071 0.622829553203842701 -0.012240439711473402 0.657444314069499436 -0.012537481344671733 0.677644823423168452 -0.012825150853495016 0.665073426708425508 -0.013061475886844932 0.680818954037483048 -0.013277654181510943 0.652695547689426392 -0.013554071979728393 0.646266678824437890 -0.013937640739785359 0.636310409592736326 -0.014327906730528724 0.542469475200850981 -0.014740448565887286 0.520933431005606629 -0.015406502489072478 0.459730896806395450 -0.015022665161509734 0.429931384187849652
10.125000000000000000 -0.010814360725707321 0.382540080560410833 -0.010653532211318760 0.394525382659186352 -0.010590953007226055 0.421811710001072260 -0.010728998476531321 0.468801060639269851 -0.010833739233644803 0.478988804598593831 -0.011219592133118895 0.521918210125389637 -0.011502558312933626 0.553753339035259140 -0.011820235397090800 0.575696919814575270 -0.011984755016490611 0.568830783101365589 -0.012184442652626967 0.603802250191664780 -0.012470680290890386 0.629002613091899088 -0.012755529198478431 0.636686877996131106 -0.013060622583835425 0.645254367505531778 -0.013305045391979324 0.654477714927648058 -0.013537451796344618 0.641619583612496380 -0.013805734712429478 0.630714428856363862 -0.014174328496060025 0.618690736089006932 -0.014570808546486383 0.536262057990601004 -0.015000959454923376 0.510507783860298603 -0.015633488031523830 0.461725210705591471 -0.015390603858402345 0.434216933755193102
10.375000000000000000 -0.010591762316038080 0.386265754473088196 -0.010475422652734332 0.382203327706042928 -0.010477700914322759 0.404125892839215350 -0.010637592843439618 0.450777328424858514 -0.010802976491383459 0.456363329191747269 -0.011230351063905191 0.508873142710536408 -0.011547758904385762 0.537604913399529760 -0.011880271092932743 0.545500974015564633 -0.012045610167105635 0.539240703090823836 -0.012248285800962395 0.569637709788288649 -0.012562472925462613 0.600930216112514848 -0.012828748289435494 0.612500165719404910 -0.013144179465060636 0.612321921087279897 -0.013277446234284625 0.637745465071623663 -0.013521607173467754 0.611051632370123943 -0.013839880442619204 0.611335570960260366 -0.014268395077409624 0.610905581949076515 -0.014725783996046930 0.534221400503241961 -0.015265205787708078 0.501443752147697541 -0.015944315143807175 0.466026929283601232 -0.016037104136455271 0.448274634413761919
10.625000000000000000 -0.010118044184617810 0.395048772830309758 -0.010137108604877373 0.402280940644239415 -0.010347726021451885 0.404475328108553134 -0.010513486003003968 0.451644483740971214 -0.010728307064925833 0.463637352390756263 -0.011095179478414017 0.496981461090049204 -0.011465138291115461 0.515333292189576797 -0.011834761968666585 0.536637521348784174 -0.012015173070503623 0.531990899138078177 -0.012282918482263013 0.546860393653319288 -0.012617085670314533 0.577485617441002463 -0.012848693735005115 0.585065392233464432 -0.013086436536787293 0.573723415527232272 -0.013192035576031354 0.602009790651191423 -0.013448170954943522 0.584650111906020564 -0.013770298878764662 0.576306383048630577 -0.014172900852456899 0.585858564643006785 -0.014637409945077432 0.519724298083746539 -0.015221256315284561 0.492930848362641172 -0.015994013704827212 0.465237213768602165 -0.016105259086780756 0.463851966873925659
10.875000000000000000 -0.009867157282682610 0.402544060036342910 -0.009898891778946617 0.405272239179708949 -0.010175669884890432 0.405818313336265057 -0.010370795600298162 0.450210609925883853 -0.010681131786292103 0.455746476906586040 -0.011055455476441980 0.490828858168285365 -0.011419012069581467 0.511257708262006005 -0.011840829044325525 0.524953572071156671 -0.012011795234795734 0.524665872471454686 -0.012295353548225633 0.547544109977481708 -0.012635841034386773 0.553764797244782114 -0.012813683069303130 0.579335295525568394 -0.013028072176357279 0.550325001367447775 -0.013132878523549859 0.581408787030690211 -0.013436600400143325 0.574869611300505845 -0.013789860080031687 0.563515233950218075 -0.014210458151612676 0.571620517482145707 -0.014669647094801612 0.514418706511002299 -0.015234189752118500 0.480644386480193919 -0.016007679480276753 0.464313304049988496 -0.016243959050957855 0.470196963303349702
11.125000000000000000 -0.009255986163090747 0.401043797445877148 -0.009355192168914291 0.397672378159265094 -0.009650750822878919 0.399941754215333123 -0.009883162597376849 0.438408970280480703 -0.010301952067237058 0.453269590296147551 -0.010728921042904429 0.475956082134551817 -0.011075794273615476 0.505769409334332565 -0.011512946806429142 0.522994986926928918 -0.011746094464153707 0.520045446230351094 -0.012040720129661073 0.536637506658830699 -0.012408791816119230 0.534030688490458982 -0.012556965258300846 0.546195795659383809 -0.012798947286191119 0.525729454729416457 -0.012860140669231079 0.543197756806407361 -0.013158910245595849 0.538298391018396383 -0.013476203500305159 0.519049507562836410 -0.013911942927831510 0.540772339235210953 -0.014374383801949371 0.487418052028036453 -0.014932605677504554 0.462283243430060775 -0.015730717019703293 0.455483221301905661 -0.016267714725843145 0.473266188474870397
11.375000000000000000 -0.009122089750124875 0.382935597785409310 -0.009204827398211509 0.374512524707811656 -0.009460659426398135 0.383104539531341437 -0.009751491237086600 0.409265600594782175 -0.010120743724355423 0.428052266937909986 -0.010561718431924242 0.449242612290802257 -0.010953018057134011 0.472307790175047593 -0.011361230042126342 0.491929661190858181 -0.011575989239526768 0.494344838757980187 -0.011922949566291079 0.496777008502272410 -0.012304682322697456 0.497099084812188452 -0.012451287376917856 0.493756403013379308 -0.012687314985627937 0.488613216845624310 -0.012769395712437482 0.494000338610356693 -0.013093553116480085 0.484275471044595340 -0.013448507801530441 0.471562406340933382 -0.013854252096531652 0.495927510467404076 -0.014276136395985873 0.448399129710117916 -0.014822060421214733 0.429134072319186710 -0.015649460948546537 0.435970305261102753 -0.016413037591039188 0.435263869318408270
11.625000000000000000 -0.008322182009302591 0.364961092304569801 -0.008478980299215575 0.374523889465711246 -0.008824002896198842 0.378617576811218548 -0.009200400592807150 0.408351148914610385 -0.009514116122969138 0.425705423783249270 -0.009910252359816515 0.450837908469498283 -0.010336729400134545 0.477562194186708810 -0.010702335361075359 0.501019309691049131 -0.010939303386524908 0.491635813229887308 -0.011295314205514672 0.487490639089914524 -0.011654593697129527 0.486281706051028606 -0.011785207521380138 0.474733985036684014 -0.011989074005143228 0.460401823462955440 -0.012063099599949181 0.472322291070406686 -0.012366816600827384 0.458496869190085754 -0.012676543952644691 0.436188591510062729 -0.013017648251595780 0.473951716434061976 -0.013427164630757394 0.435866248589730998 -0.013851820477713269 0.416978689044904982 -0.014568155338385506 0.425692337755146089 -0.015696781160289039 0.411759251220064570
11.875000000000000000 -0.007684778958955505 0.338261544341798059 -0.007838716991813433 0.349925160401515944 -0.008175019493521531 0.355147254273711410 -0.008542616070755639 0.378403423694993080 -0.008847128159202721 0.385935078515782126 -0.009178540433098735 0.415361651150689237 -0.009586881940409500 0.424514997824805229 -0.009931852475564971 0.451147689534595386 -0.010142119327030293 0.440646486682987004 -0.010472260114185002 0.436510742703688059 -0.010763952406330490 0.417501572889096506 -0.010813699300875661 0.406045946756293075 -0.010965616964721347 0.387862207688824456 -0.011023224596770170 0.413589720343455092 -0.011267201831921547 0.391763060826712362 -0.011546386021849450 0.386405865118244929 -0.011798250761896707 0.418735810282893250 -0.012180278713424105 0.399686641537966569 -0.012626021912894797 0.392397693377763035 -0.013368373065036727 0.410961046244296524 -0.014420615405330574 0.393693335054505544
12.125000000000000000 -0.007003842865175851 0.321434386270257555 -0.007173576089810333 0.323096240741214957 -0.007633187737006655 0.348231010841767163 -0.008066625308096731 0.358685844400330578 -0.008406730764857605 0.354987003045215355 -0.008728735741271648 0.374094277168896316 -0.009100225058502047 0.375736323932286509 -0.009399888889575337 0.395867230001812453 -0.009604627807476111 0.371525774950533849 -0.009853335881272480 0.340319799546892565 -0.010067045103954507 0.323986007788583330 -0.010043353179738868 0.317065605952756346 -0.010106942395800712 0.297823279441383260 -0.010108443175262919 0.323153135390595092 -0.010294173978411701 0.297994478529072904 -0.010456572655197373 0.312972034798837340 -0.010645519013096377 0.362373707687389690 -0.010993319802523202 0.364233023300241932 -0.011300068610871216 0.365552252260455846 -0.012006472712421570 0.397091024052777741 -0.013377212521840751 0.386401752374054774
12.375000000000000000 -0.006515767431174263 0.308645440716139863 -0.006725804451361275 0.308318587748131923 -0.007191641195700561 0.331317967249671608 -0.007640791117730926 0.340150639053783177 -0.007990401806344543 0.353388476627369330 -0.008296169138299690 0.371827546202471160 -0.008694689013447604 0.365388090641546592 -0.009014419378660007 0.365011895407028220 -0.009192571184269846 0.345954678812460004 -0.009422237408664404 0.322418671460106221 -0.009616384451988454 0.306511828814923226 -0.009573011990234621 0.293471926739891087 -0.009638997367746160 0.280560375795127936 -0.009619528613690243 0.290650522389297450 -0.009798058671217186 0.273474677559427504 -0.009913790321923429 0.293414492025179385 -0.010032290649156375 0.329393049661857007 -0.010309603807752057 0.331309057877016866 -0.010548111449815449 0.340140438680240909 -0.011169915435388731 0.378614114988293504 -0.012537127514152960 0.368503970920933122
12.625000000000000000 -0.006097918137543520 0.290556729259131008 -0.006419261281392325 0.308378976349720613 -0.006987181933250905 0.329350051780926745 -0.007529633234516836 0.328658028040823447 -0.007864307517502597 0.336015571049206152 -0.008168429002135240 0.352298331844771828 -0.008525290707215581 0.346784040992702769 -0.008845802180164678 0.345514655692589157 -0.008999158606737102 0.311794868565545169 -0.009191767751627352 0.294867564857788089 -0.009356300259822472 0.252232784892501616 -0.009296565213243929 0.242204180497533922 -0.009329611409798193 0.221472124874098703 -0.009290166505138519 0.229629868820227179 -0.009396566718177934 0.214125936031978131 -0.009466205674315170 0.216421788123042774 -0.009554911530866517 0.254084628811262370 -0.009739754995399740 0.280157258496967154 -0.009976573738038140 0.291115342427229307 -0.010520500701107962 0.357957007208415945 -0.011609069478346319 0.347236024494965045
12.875000000000000000 -0.005656691705879407 0.286837081756263879 -0.006082331423888985 0.297647872386417545 -0.006725356079425704 0.311687522659482130 -0.007304077074231342 0.314878554061083671 -0.007670072673367848 0.327477068594194842 -0.007964649331766344 0.330898938415817856 -0.008301075901657828 0.330596411515259370 -0.008596900820443192 0.327374031115264641 -0.008769556469654887 0.297063247706103983 -0.008961968568227620 0.272903397012824012 -0.009113641551659687 0.246585250746022999 -0.009064759063650603 0.228136914789797363 -0.009102920629181797 0.198617724514668970 -0.009048768610685261 0.200705793161760293 -0.009146154525743598 0.201314059864039469 -0.009220151467347346 0.178704765169126395 -0.009269855919344105 0.211775559472087205 -0.009437046214974544 0.238895457587606275 -0.009656824936160440 0.259348942287528361 -0.010058512469909447 0.325579659566153423 -0.011134727621280219 0.331806220434762711
13.125000000000000000 -0.005414149747836732 0.280861370540002098 -0.005905939427540754 0.289933165258086378 -0.006592316455587070 0.298431926715864493 -0.007166874690649880 0.297824912801652686 -0.007549154457067801 0.320236007770712094 -0.007865200518501678 0.320998494578947580 -0.008147248843141259 0.318346767395888131 -0.008450266766618138 0.329000902074968959 -0.008637763182475921 0.287231899144282765 -0.008817505222055233 0.271944748528561986 -0.008999657381293992 0.242390767198876866 -0.008935023088296426 0.213693008708425003 -0.008935871869733223 0.175899006973475047 -0.008850551951752163 0.175768874552204885 -0.008940674841330522 0.186534111964396287 -0.008999194500587749 0.158153352897099475 -0.009017771247478341 0.185692279749813061 -0.009161026813105377 0.213879126356074672 -0.009375469858117881 0.245317767092001315 -0.009633762254834848 0.303592284226464115 -0.010782736121231696 0.324666106911255747
13.375000000000000000 -0.005279942008711594 0.258199660278616794 -0.005770920259807461 0.274033515433751151 -0.006493059458803990 0.275692140385849882 -0.007068672004357617 0.281769960467008751 -0.007399521477157576 0.301258952028303051 -0.007737542666196716 0.325806033640111126 -0.008073681708955923 0.323976325138771337 -0.008349715853905692 0.335882308303123378 -0.008547105276143522 0.294164197590067289 -0.008743931409217887 0.292944828623175835 -0.008894098172316631 0.258197232515175790 -0.008808630362371566 0.228601654479163002 -0.008810946638842953 0.199839308854844577 -0.008718062673679831 0.187681737228251405 -0.008761156436896319 0.195242023908676288 -0.008807036619316254 0.170769231280909151 -0.008832488458645815 0.201737983427509093 -0.008939872517152022 0.225436914651267750 -0.009076237844106244 0.238412259465713705 -0.009257727353459446 0.305568244320795879 -0.010498151662075581 0.322707987548532804
13.625000000000000000 -0.005222254634740220 0.252960908649129790 -0.005731210636267029 0.263971925863259016 -0.006456616568556024 0.275822599776515465 -0.006999847488446047 0.277403418156860759 -0.007329554453555191 0.298376760403621044 -0.007628903423382641 0.312804468827298954 -0.007922159457556387 0.311319798908767487 -0.008195115738487611 0.336024336059255524 -0.008376222268460680 0.287979947609516840 -0.008551813863915535 0.297424308210370580 -0.008681191842312641 0.271976744357950051 -0.008595143981179382 0.238575084925535197 -0.008583407523573328 0.218412493613679176 -0.008493375830435464 0.214242355290629460 -0.008518814167184592 0.212491792997726997 -0.008553549333766366 0.195016139823749601 -0.008563125426554141 0.213778238800431702 -0.008691309652063871 0.241269346230020054 -0.008868621566987608 0.247758312715661483 -0.009060644496910946 0.303791310869607312 -0.010050564377788306 0.312227269758989068
13.875000000000000000 -0.005277340594569946 0.248450914198239642 -0.005796007926102567 0.252241781000966669 -0.006470393642487946 0.261108589285232340 -0.006959110231547650 0.276484470115859582 -0.007294671378382783 0.306176893689321716 -0.007568648404114300 0.307623029518645563 -0.007816243714381976 0.320618022139762038 -0.008054061136409142 0.353628013052324719 -0.008203761176259171 0.305900559969197294 -0.008312518909692760 0.307201244809718166 -0.008409856801902538 0.299491848596860788 -0.008333019555349990 0.279233480092063335 -0.008330613761293515 0.265728084836481471 -0.008257574980552186 0.259969932056153374 -0.008296735042931592 0.255841129233187470 -0.008340380901207931 0.250221716085836487 -0.008358592743679547 0.246651679658491468 -0.008509079323681584 0.264706794492356901 -0.008712761135416592 0.259126959032231707 -0.008837194774191344 0.297185261578952364 -0.009798674256083923 0.301965280790669310
14.125000000000000000 -0.005178354618799299 0.242063640589702894 -0.005740596895890859 0.239950068310560677 -0.006389619980524707 0.251903223818739086 -0.006856008617852189 0.264137927503725889 -0.007194134016193054 0.313501318159015607 -0.007460847565758605 0.320282552473284077 -0.007693215677725915 0.329005463714303836 -0.007878529425460369 0.357138828012422471 -0.008014233664751897 0.320077139320614712 -0.008121991838151453 0.326302222741668591 -0.008207622849938907 0.326407478152779928 -0.008142381121158384 0.321883948041303602 -0.008114930127361445 0.302993195200542853 -0.008047497824160301 0.308464058709495115 -0.008101356596991275 0.307246201690214382 -0.008168564320311062 0.294667877342532469 -0.008197717755941424 0.281765030596530408 -0.008372058988524290 0.286786769377770423 -0.008552991488713435 0.267384847780872736 -0.008659361449682190 0.291971678288109271 -0.009523482575538580 0.315617228202857036
14.375000000000000000 -0.005264936832622245 0.250990614201957840 -0.005847598495944937 0.246149528016923053 -0.006470459221442687 0.264049187184476120 -0.006886798423525413 0.277706421679338677 -0.007198096928595441 0.323214555416235727 -0.007430861530007778 0.329189667880510517 -0.007625388556630498 0.336705791041117031 -0.007780677294195488 0.378179164787460997 -0.007896275327137660 0.348135344592419571 -0.007983347038783385 0.370663182340582154 -0.008046089516346959 0.359630889516120655 -0.007998000300922051 0.371315958269526458 -0.007957898578554857 0.348875708933365392 -0.007883284451225155 0.351792848143549386 -0.007929041907342314 0.349972779367841436 -0.008010929171570797 0.338639680339855365 -0.008071944545997070 0.333601479368431264 -0.008234764354016894 0.328725222299813380 -0.008411050753936118 0.291367496699821593 -0.008510476273276110 0.302224020320144615 -0.009072554397431791 0.322610112533840643
14.625000000000000000 -0.005390497125412090 0.254532658260123279 -0.005951292794502447 0.248389472673934408 -0.006549739554401914 0.270720972662445436 -0.006942952565083134 0.282335032806168007 -0.007218280326325369 0.337667435356567569 -0.007415754462147158 0.336312025896295441 -0.007593654612431763 0.353352552054363778 -0.007735060579038547 0.403528184614696250 -0.007838568327978288 0.373093415900700387 -0.007892328046553817 0.391746697165752777 -0.007947581480257484 0.388109346996107440 -0.007911958006142686 0.402831941835462559 -0.007877070172751948 0.397332155915548046 -0.007846709860470901 0.387233129737351134 -0.007912740960246330 0.399160926323007759 -0.007999220765178366 0.375976666764221479 -0.008055955512221291 0.358882473708120209 -0.008201664519721498 0.347614814542424988 -0.008362141600235752 0.308882009365081756 -0.008459318669094931 0.307555264485460556 -0.008995956892853261 0.318889530461865245
14.875000000000000000 -0.005179235076182967 0.252108820525222155 -0.005733938736841651 0.249592154544646089 -0.006315229618322970 0.270451497684662479 -0.006692452084758735 0.280542299800310424 -0.006971859745263956 0.341337412888539693 -0.007205269130577940 0.338618141649285720 -0.007370688057410894 0.364059297812449334 -0.007493438039550088 0.414947174491390458 -0.007587077178281699 0.385340938926389542 -0.007630991407844093 0.408762499653099354 -0.007693079996108043 0.415692591722454818 -0.007675462824228049 0.432831020869758221 -0.007673422407757003 0.428993431645103340 -0.007663233204861310 0.408316960662485295 -0.007734637150280404 0.438277706229956987 -0.007822417298265960 0.406585190413881969 -0.007912713708978185 0.383109794431666872 -0.008116814349302654 0.373620957901260375 -0.008295316227612034 0.335841251958720721 -0.008418384816816074 0.323938295595324444 -0.008943374306652556 0.314819142822409359
15.125000000000000000 -0.003894612085087118 0.252966097121598565 -0.004602265193508765 0.238860065057583670 -0.005359797190687886 0.251326769638171188 -0.005909453144635658 0.281046979628155336 -0.006284696559052445 0.324925489255684707 -0.006668118526431847 0.334311641099033829 -0.006908502304452116 0.349789443089615126 -0.007111901246942582 0.375527211162214825 -0.007219350367591722 0.319294386391041574 -0.007240596762775785 0.318165472245670988 -0.007311093589375888 0.344100688054127524 -0.007339275019329577 0.320108484575340857 -0.007370724775950354 0.290419047005144704 -0.007347539152708558 0.289663934836971670 -0.007359673887874695 0.292670704453553920 -0.007374847740293853 0.278087019809653169 -0.007396194778573860 0.249778833440945369 -0.007525393159129558 0.254093866448554417 -0.007706460993338184 0.234406959290314632 -0.007646515215647052 0.266236424203974920 -0.008288404112366143 0.322589735783073928
15.375000000000000000 -0.004138868601622524 0.260752915128429408 -0.004858795925952535 0.250512586237914114 -0.005497877820070986 0.263238859682901005 -0.005947856507260756 0.286804224084797388 -0.006253943240252944 0.333589774707096498 -0.006563061235322681 0.342270259082614325 -0.006744574817893308 0.371344666768617160 -0.006915090145394886 0.412922661246160283 -0.007014425107459036 0.374512427891653066 -0.007048262341441958 0.414533020785179507 -0.007135271844682619 0.416160016898330209 -0.007184537437432149 0.415200278316721683 -0.007221084830230829 0.389113763503476984 -0.007204254849940337 0.379373987257814127 -0.007231866223272678 0.383501768210263549 -0.007308893902283331 0.357605382895479051 -0.007371701321307974 0.337151739132258543 -0.007500116742819498 0.328887824477772983 -0.007690350801582036 0.277517181597515372 -0.007612608707403388 0.282164578725651538 -0.007863616664551258 0.328543505824247073
15.625000000000000000 -0.004877157763613848 0.266361104414222116 -0.005554828872305183 0.252859281244681600 -0.006138663806506381 0.273893271440956820 -0.006521151806611491 0.296819756225539744 -0.006786518752229915 0.351099349240602709 -0.007013866877935757 0.343397090075335643 -0.007155977780172483 0.390363685112401548 -0.007286352088976237 0.454285282263985513 -0.007340348702706680 0.414850031452464796 -0.007353741522626609 0.458415365327886570 -0.007423834296630290 0.468011222094322110 -0.007480998588049743 0.484228232442019235 -0.007505300547116686 0.475456857151391743 -0.007489600316826959 0.459454746274132797 -0.007558081468294350 0.479869889960832630 -0.007668545751296520 0.437825593866605522 -0.007767373486621321 0.402353087071667503 -0.007917793812232369 0.387035935433459599 -0.008139128015906823 0.320058643307946200 -0.008055342456513077 0.302838479509365821 -0.008210155925828680 0.331254291444438964
15.875000000000000000 -0.004825279220074635 0.264184600059719332 -0.005444284013901489 0.246991465031374757 -0.005968186491630926 0.261323698505469770 -0.006274869226648438 0.277360073490862891 -0.006523952787988230 0.345751762601411106 -0.006728969640287432 0.331441862631901285 -0.006853335761800299 0.383372401707265720 -0.006945851416105915 0.449032924388595323 -0.006982495312741100 0.421265335029771426 -0.006992998235848000 0.464648949447075910 -0.007071995345857366 0.499964713033161867 -0.007120124036013733 0.520909376252401413 -0.007144098624230130 0.524432269374164761 -0.007160458103548861 0.495744464703591847 -0.007257847132072468 0.543144038305970023 -0.007386087866408679 0.500095464948243529 -0.007508800582122618 0.456762447072377953 -0.007747796439951908 0.428741696733786093 -0.007961265474562515 0.371711878850753186 -0.007939355468922205 0.329125433605610418 -0.008187543259924856 0.326768936030803592
16.125000000000000000 -0.004880841622759551 0.259969647364210632 -0.005463024053348218 0.249146380803121237 -0.005912666298001155 0.265209206580490242 -0.006168365369933267 0.286050400488366607 -0.006370624368101681 0.347403271452307427 -0.006547430986228521 0.350043623542495130 -0.006658660830136653 0.390564058963106475 -0.006720074984076094 0.443793928314226926 -0.006738415302008636 0.431226467928180923 -0.006721183304539327 0.484567738962129235 -0.006779940500563457 0.506644309785232894 -0.006829986852671498 0.549679771524240635 -0.006825698363561404 0.582236456186183915 -0.006808777344577369 0.547626464988869799 -0.006892581916640689 0.593683146275958307 -0.007002922594336151 0.574870008750773431 -0.007156909856426958 0.542234448598376773 -0.007381489866357525 0.519922437360195389 -0.007595757465166988 0.436329160023148310 -0.007716312798957842 0.385571527688164495 -0.008124334367367409 0.320099390095925085
16.375000000000000000 -0.004663592722513710 0.254384325932058675 -0.005257464256663916 0.250319094087467053 -0.005668983309000774 0.260793598933191539 -0.005888622966696957 0.296666004709673414 -0.006065136935710136 0.350402555320403208 -0.006209679305331310 0.355410048766119646 -0.006285973486161865 0.389756130836713899 -0.006311927392366829 0.430087613366539445 -0.006309987707150226 0.434167092023272305 -0.006277993786893064 0.482849081897903876 -0.006302954020165417 0.505665542617914077 -0.006339149195048925 0.557369272849862596 -0.006337152253086405 0.602056306542394060 -0.006352818291945700 0.585218515759201363 -0.006441852175526642 0.626574940573136341 -0.006523091486844947 0.624685217461677045 -0.006698854246715441 0.582736959069369176 -0.006903197820354741 0.553021028089604072 -0.007065342203661925 0.469695833544000241 -0.007310401289353538 0.420066288411058586 -0.007699328624184447 0.320379182977551136
16.625000000000000000 -0.004504225280186610 0.253143325640360350 -0.005146275642783362 0.241954775044775389 -0.005509204819836681 0.255394970496786000 -0.005707897725304186 0.288221295698997237 -0.005871310141668682 0.350985664297423894 -0.005972903029116774 0.330438952135015951 -0.005997892655848211 0.384200235080483954 -0.006009794880458106 0.423195340177744239 -0.005993738405918967 0.440441524469658618 -0.005952172705920123 0.480030184472512389 -0.005958203002399090 0.502092322527557311 -0.005969480162128879 0.556671088167846939 -0.005964320812398457 0.612409204669890905 -0.005976523130830650 0.598365876784043738 -0.006075579327123793 0.636196027328848612 -0.006158776489867020 0.650461118472171695 -0.006356123588399740 0.594336117317859403 -0.006554070771729583 0.566020914741650394 -0.006743279516206064 0.499130595206625505 -0.007022459470003893 0.436720951284464753 -0.007608269180927180 0.313927185596656722
16.875000000000000000 -0.004365594534393735 0.246207067007102459 -0.004955628066878973 0.237048297156683990 -0.005265534684423305 0.254343954340558398 -0.005424622808222082 0.297675749432525227 -0.005567982568815446 0.354456228906254611 -0.005630733664132258 0.342594421248117287 -0.005638048519659223 0.405532174839741300 -0.005609423921431087 0.435354705462417890 -0.005579215203761370 0.464692784198040221 -0.005534838411687450 0.527981195498344547 -0.005522730111101874 0.547419610087875319 -0.005527775305321865 0.612607829423934214 -0.005516873955084919 0.654965304683926330 -0.005518987909982104 0.634392071954974712 -0.005611504336026580 0.677683576295221135 -0.005698024642405194 0.702395250812103078 -0.005922420528877615 0.647316238049789883 -0.006100818358480278 0.605646191189205818 -0.006269798032516112 0.527266946887412047 -0.006509910250612557 0.457863005898082986 -0.007155160572420897 0.301535147766329947
17.125000000000000000 -0.004260075789128651 0.242698560070271879 -0.004822161933818688 0.244841763576252619 -0.005097029000805563 0.272672520722211154 -0.005232751412768354 0.301276023939793580 -0.005333366931186418 0.354732571368598149 -0.005359653262634464 0.349988139124024766 -0.005346427568262260 0.400797892613620310 -0.005292883501043908 0.444326719620503130 -0.005251711943344308 0.486599045372689720 -0.005207766764786729 0.562663955518505787 -0.005187964294251119 0.589772894139341419 -0.005172759274889027 0.657084695302884270 -0.005156829572055953 0.699537140657514489 -0.005161828945460792 0.692524509869489768 -0.005259803315732010 0.725025753461270517 -0.005340495538353078 0.728788984923716354 -0.005563585539192392 0.690872184151745783 -0.005721342455078856 0.644219839378626480 -0.005906290234168537 0.566376015403793343 -0.006204830106246076 0.487435026301835495 -0.006568953672782598 0.297491291988604856
17.375000000000000000 -0.004166035291837359 0.241791353235052076 -0.004648904208422885 0.260939502239344923 -0.004884051913329682 0.299988779499898051 -0.004986185089863924 0.329945729547837574 -0.005041763945265885 0.390201791728085223 -0.005030021021054339 0.369700066359210433 -0.004996518658683868 0.423611903532281675 -0.004934874564518892 0.478100151267152995 -0.004876573520727323 0.527227950698080261 -0.004820427928729971 0.613702041148326383 -0.004798370497962627 0.651207804025769166 -0.004763741163230040 0.702580962787578867 -0.004767063149689526 0.756760326962837571 -0.004779573957880800 0.753340942267113123 -0.004861032271013455 0.777902737096788366 -0.004936633261650715 0.756046494942213987 -0.005135373186623831 0.724463106406899593 -0.005269646523957563 0.673185226218979915 -0.005425692467485610 0.599647014525778510 -0.005758095043348323 0.510787171526657535 -0.005877058607237320 0.280722044276300098
17.625000000000000000 -0.003816027300108816 0.229839689864508950 -0.004237410881376560 0.275624305128455205 -0.004432466786363247 0.323462632966146746 -0.004524882326276785 0.357306168707125449 -0.004561714679275226 0.403204160700649239 -0.004534820559823945 0.396776426952780314 -0.004489452411332713 0.450503246230713084 -0.004420817749964699 0.501505961485659624 -0.004346706863912374 0.556572782182248038 -0.004277960787661976 0.639691085176905538 -0.004234978824554747 0.708671081057194230 -0.004182329014392017 0.738657539143848685 -0.004192900280677694 0.795483401621467801 -0.004214885191871006 0.801503552186243695 -0.004287929988814085 0.808344020102842009 -0.004341342808029364 0.776888547839337584 -0.004495709324725180 0.732248715197001077 -0.004594239882350273 0.687327702186086742 -0.004719618874620357 0.625988356860844641 -0.005020317050567796 0.520416437197684045 -0.005082264573310357 0.261636640960836220
17.875000000000000000 -0.003358975779118045 0.231310245280333809 -0.003684920269630458 0.309620463521959322 -0.003835936099702402 0.375804788386810307 -0.003890211865044156 0.442636774027947377 -0.003916077249634982 0.477533712498586393 -0.003902398378687910 0.491607367943059703 -0.003844765325867641 0.536665233055295232 -0.003765430811725515 0.592606771989058423 -0.003691478088763180 0.651326949701391711 -0.003628584836523002 0.744699157125633504 -0.003584567708388457 0.814278318136997692 -0.003514007159755837 0.829669790737381563 -0.003510675019767039 0.874968958485633164 -0.003529228195842347 0.881059057393372091 -0.003557919714465875 0.870232557558501152 -0.003586537877780739 0.850040510394171833 -0.003697554928446362 0.794234914869243580 -0.003761370059056661 0.752501790938146953 -0.003839859718962292 0.677977937780472106 -0.004091807036293734 0.553463800082830915 -0.003939130549539540 0.261842453316476431
18.125000000000000000 -0.003416915813921447 0.235799881191121219 -0.003634233560633354 0.343942033499874955 -0.003725097239324005 0.436448795737557294 -0.003741071923531119 0.516982772322436834 -0.003718266499113123 0.555139932339926423 -0.003651404124050833 0.576380651276589107 -0.003562837443692975 0.618301392206403344 -0.003460160095037640 0.667630521907788932 -0.003360112530184153 0.740509336507115479 -0.003266176963908441 0.837041759831126164 -0.003183389942932473 0.894199346841323517 -0.003088660247132427 0.916019948292110531 -0.003056049826072951 0.960535538283934232 -0.003025197939342199 0.967132277080709701 -0.003007357332651293 0.935329113220474850 -0.002995916045534316 0.925563858722984745 -0.003053803063279281 0.862315182448888273 -0.003032398448206803 0.816104493873288761 -0.003039168818841867 0.732113792467419366 -0.003222685230122863 0.586723178403044332 -0.002903881388787220 0.260888587752772849
18.375000000000000000 -0.003388132369794568 0.236852261677649750 -0.003464157479071170 0.371902964454881524 -0.003493085331907696 0.481699819993554323 -0.003467233721387634 0.568782420880688089 -0.003419325754351682 0.614221341016712663 -0.003320273563648603 0.629398949139170716 -0.003198858131391011 0.678196678983333912 -0.003079332639600621 0.742840458622366362 -0.002958451409069081 0.814261080090035394 -0.002843611732148405 0.907443158401078032 -0.002737208909434231 0.975422861136937991 -0.002612524774463318 0.992813666390494065 -0.002556015017331039 1.038912747104915324 -0.002516526191251918 1.051318818906588515 -0.002478063614550051 1.013460808341349439 -0.002440540538566091 0.983241669949850960 -0.002454177639692331 0.915004074038154869 -0.002395564271381182 0.858892935045874828 -0.002351193768330726 0.770181672083602220 -0.002465420666084954 0.608766153966809775 -0.001867017799183068 0.265974938209786071
18.625000000000000000 -0.003328798955007375 0.231597376065045768 -0.003282269421510672 0.383435584656821205 -0.003257140643174582 0.515711618862779053 -0.003194783347077482 0.606334897107431159 -0.003118278688715267 0.655653984031902892 -0.002991349534868055 0.676625097059116221 -0.002850927718438386 0.729592443591494999 -0.002724001424598158 0.795025570703574158 -0.002590084791188654 0.877570264328117133 -0.002468290585560578 0.958647813948417915 -0.002342097932812672 1.038785648776827886 -0.002206134445973558 1.063239503034005606 -0.002130964574834704 1.114026117838959440 -0.002069843672279166 1.117450544815844937 -0.002003856108205469 1.072585396556004600 -0.001959078368338634 1.028358957165488308 -0.001925467217010556 0.954798276799587842 -0.001839462602012076 0.903765938832363669 -0.001783422054850609 0.792892846501967563 -0.001836988424062258 0.616664922397462512 -0.001094318426845754 0.252977048400610638
18.875000000000000000 -0.003301477332166350 0.232083936457290529 -0.003101230671430334 0.420814652451512838 -0.003027860522659353 0.564369259298791337 -0.002925515701938437 0.656106181679490308 -0.002814674794232094 0.709729607497550652 -0.002672250390040621 0.737801641250719342 -0.002517697221289339 0.774905832196729372 -0.002360984008825934 0.852155379049845729 -0.002209443053493224 0.926606606770636665 -0.002074993156276868 1.014133157099423865 -0.001930893687437621 1.101159970000554544 -0.001788306430421335 1.124078709930982134 -0.001684175241101224 1.169452963542779056 -0.001597089559277561 1.185891270122854779 -0.001501304797539213 1.134562838343196933 -0.001413969040047633 1.076685176068494565 -0.001308509957817999 1.014560749748757873 -0.001174087486303394 0.964948776972540112 -0.001074949055820771 0.833762827493435887 -0.001069722461039272 0.651185796295319252 0.000048413523766213 0.251547944834160042
19.125000000000000000 -0.003463382931373607 0.229518081805455715 -0.003154599771549351 0.446483793646504035 -0.003024965267498536 0.598061433387323982 -0.002883226092252542 0.685381667090979474 -0.002721189123520533 0.743302113658589447 -0.002550923659998614 0.765419414344298721 -0.002359015406934463 0.798764223811878282 -0.002180345736471103 0.867780514890445831 -0.001992608859114119 0.946799716048008277 -0.001820567051649211 1.007595960465586860 -0.001650345924701582 1.100063521159800439 -0.001478421623851286 1.124181622837515659 -0.001352592633336086 1.183781127779007125 -0.001225800450789247 1.207459250157159047 -0.001083896616343782 1.150682178376698062 -0.000931383896101705 1.072921967600895199 -0.000747538604582450 1.018655864214435880 -0.000549203248856841 0.984718972369399204 -0.000390135644088643 0.857112802897058157 -0.000341305009025350 0.667669029129719482 0.000773159573826814 0.251647215446928918
19.375000000000000000 -0.003682837614636342 0.232141273950516203 -0.003264425378684774 0.470771268136103760 -0.003086398102681593 0.636523361007508837 -0.002896005437110465 0.733270607386268480 -0.002701980022109465 0.797535815936380343 -0.002502981720046326 0.821613683601857825 -0.002287024574811930 0.860328805513877026 -0.002082378487944796 0.920905837306453146 -0.001867747004094474 0.986301124055451228 -0.001660473390289140 1.050608296600652469 -0.001457720196602304 1.136485158849484423 -0.001265297097861131 1.158821763530325066 -0.001100022235063029 1.194029975776656594 -0.000930703947885703 1.223480748628964720 -0.000728895744559788 1.168088546703546893 -0.000517054362368632 1.100048465805043119 -0.000265970956183258 1.048681421145563508 -0.000005366642893737 1.012454436145638015 0.000220610950907225 0.897695905001013483 0.000364000379842444 0.685659658348639844 0.001413747184939824 0.258372304060059399
19.625000000000000000 -0.003859019375579904 0.229670765111981201 -0.003375648292347929 0.486149704573220209 -0.003154257026796765 0.661534957848094907 -0.002935782084922090 0.765149337164787058 -0.002713552573043575 0.820409822383094012 -0.002489405752133629 0.868029111176273571 -0.002246327787144353 0.900348145539876743 -0.002019127208298055 0.953357738204076210 -0.001777307918618349 1.011963939314390659 -0.001533779742017793 1.067178061335430250 -0.001299693859803027 1.146862047911862970 -0.001087610166334819 1.173943561994662543 -0.000887819586770566 1.189697092570150661 -0.000669160076429060 1.208502009690205048 -0.000404911958425545 1.155746591733641360 -0.000138999834995027 1.111384443915792941 0.000164493547425027 1.066338769313957435 0.000469609120104837 1.040243035133459504 0.000732860662541491 0.920409169026620400 0.000963266776816019 0.701214476405533693 0.001899733921082465 0.264454516464961820
19.875000000000000000 -0.004110390164320560 0.233792182949741328 -0.003548609866999205 0.501327808355310434 -0.003301973579362033 0.680416456815296056 -0.003056848475573195 0.800858855227782440 -0.002822879608679387 0.868246037487358069 -0.002583137114412419 0.919423552180319570 -0.002325590412977406 0.947567883063529015 -0.002077289101987582 0.998013762530723825 -0.001819494849931159 1.044371177740309520 -0.001562017487112024 1.088615222055924647 -0.001302533325784423 1.156397931687450642 -0.001072896997837065 1.174315158787091029 -0.000828665820492319 1.176489854079209030 -0.000566251056703290 1.187197235278696139 -0.000250210755574053 1.134182544915809387 0.000069891246838882 1.091805378853688335 0.000413978219252621 1.067173632676938988 0.000749807948394095 1.039794892815640193 0.001069162409618057 0.923928733412932801 0.001341749058603713 0.715568014615366121 0.002320827368350410 0.274242702735647603
20.125000000000000000 -0.004190318080522902 0.230439977621486491 -0.003629484400311092 0.501601421772566614 -0.003364960807709334 0.681405562366299455 -0.003118427187800211 0.780872104010883028 -0.002870443937230789 0.856419238917253800 -0.002605529857747905 0.901360621104183579 -0.002332829921820186 0.924979698293999619 -0.002063649868717681 0.978343531252834020 -0.001784687228895983 1.013009034100880834 -0.001499116682426843 1.043362332424444094 -0.001207972866956930 1.092026010708717854 -0.000957319063391718 1.097286302918513812 -0.000685235593295722 1.101142707423208300 -0.000389485129533564 1.112521278927127710 -0.000040195436424071 1.058502057962427134 0.000325438605825762 1.016742002064740635 0.000700708344423899 1.011696673946162583 0.001062746453344166 0.993453847826430536 0.001428546506991771 0.886614494786170160 0.001764399425648630 0.697903773327278376 0.002693659933284021 0.279317702586533378
20.375000000000000000 -0.004340401628232631 0.233316559192933065 -0.003735265449936668 0.489178060292138839 -0.003440321633469934 0.670938614773804676 -0.003179947774988403 0.775640247931815296 -0.002910857771165187 0.860910986960506386 -0.002643525324441988 0.904104143271077576 -0.002358116697205509 0.932462205965750579 -0.002068515317930638 0.989675566792332040 -0.001772598119522707 1.002839506163405225 -0.001459717602056378 1.021712218811016815 -0.001146651593531668 1.068422417978466266 -0.000871723168829922 1.062576180397260650 -0.000590981599684191 1.049466485842049934 -0.000280233534254068 1.068487665155785304 0.000096864420587159 1.015199707697041820 0.000489444715778493 0.969464824302172956 0.000892775117881437 0.983629077697272036 0.001287594796426516 0.964409777331483475 0.001679935225375278 0.859192629441945854 0.002107233523319919 0.689252417053337729 0.003040014043741577 0.288294317531142597
20.625000000000000000 -0.004550639582528701 0.245652534696759434 -0.003967863855485095 0.490481594110133867 -0.003669712411824109 0.666507304137609280 -0.003401096256336317 0.775977177859575873 -0.003126566292602734 0.870704756318011919 -0.002861988751882117 0.906048282584317244 -0.002574761201215094 0.930861652163203379 -0.002279261253189147 0.979113990124190203 -0.001982463876280900 0.980471048142329549 -0.001647208803772254 0.994991010675844945 -0.001322853903736536 1.004395176632161713 -0.001032828129230547 0.995977636948808365 -0.000712044634135603 0.967802084851993705 -0.000363555171972979 0.977919518004960242 0.000063053385402000 0.920697101526426365 0.000509381512080132 0.903677356573104995 0.000959311708663376 0.924505469379646949 0.001381215141253292 0.916445150634839223 0.001818566844627729 0.818231764483473123 0.002319152851786099 0.671444694998448610 0.003245807154831571 0.288736152694952786
20.875000000000000000 -0.004946476557655042 0.256592038193265037 -0.004346500082402601 0.498612073412082579 -0.004027471273992273 0.670799537651538547 -0.003744341344729992 0.782851168466653036 -0.003465838699993976 0.885389328507832474 -0.003195167334253601 0.917791214515104814 -0.002904776073456604 0.937018623338703782 -0.002593640032237161 0.985406480224438885 -0.002271768190085985 0.971643366271319309 -0.001901209613611402 0.981985570926909079 -0.001554130801426950 0.975041051247307111 -0.001224730477563990 0.956749260387221301 -0.000876818347273954 0.912270324044903935 -0.000490711469594307 0.911321937766241708 -0.000014788140682013 0.862319734031075646 0.000480315753439746 0.851591258659596173 0.000976699477890779 0.897562351873106068 0.001439588626398250 0.891337699619388801 0.001930366483804713 0.816032059141503341 0.002483052110519137 0.667022694646937975 0.003455101813315748 0.298708999100308237
21.125000000000000000 -0.005292373976242198 0.269272318921954190 -0.004727595272621409 0.510240244130815146 -0.004436350096924091 0.698711228791123462 -0.004190804161013940 0.830660138780679458 -0.003940137168473539 0.938508525694393025 -0.003672208437121975 0.987805909100881618 -0.003380403571956551 0.998025835503394410 -0.003066479233857788 1.046466891325433801 -0.002753699881933727 1.008705399388820423 -0.002357411911488854 1.005818328644624726 -0.001980101558512405 0.956627853216614810 -0.001631126313461049 0.899731057860328032 -0.001216861794745268 0.840044200340673064 -0.000772885672878723 0.804749149948053799 -0.000227016919811930 0.752735419736412670 0.000314144809161423 0.770402401543996751 0.000829700769235520 0.836359423096471377 0.001283964216715536 0.840943025816535905 0.001842569785195413 0.757006419620652959 0.002497627675761957 0.650151880446536379 0.003600541398583462 0.317690537401948359
21.375000000000000000 -0.005694791269495791 0.286542142515803788 -0.005085300715814933 0.513229434765112180 -0.004763023239286223 0.691109691078124810 -0.004493658440344507 0.841041250190500134 -0.004251140826375393 0.967469156758432480 -0.003985892352040320 1.003116117062274215 -0.003718514041242567 1.017441675054321371 -0.003409073883174250 1.071299441131832841 -0.003083478271583145 1.029522451020479012 -0.002668281801737058 0.996984552740822094 -0.002258579032611378 0.920455531835972396 -0.001850477175322140 0.860550892431016790 -0.001409033856981656 0.808879138955018950 -0.000944543975518822 0.759237295855962002 -0.000370518872060744 0.713595268994376308 0.000233815835104169 0.726580225365526133 0.000798001161813229 0.801062293625256716 0.001308340445697074 0.808140763552328112 0.001920659221410911 0.747773322558344167 0.002589628254831251 0.640950844404084563 0.003871294987038051 0.321721949090667592
21.625000000000000000 -0.005879047073566099 0.292306378908265774 -0.005253104039590398 0.490959897357564123 -0.004879067129201188 0.662245018176779943 -0.004581973196763700 0.808715967405965075 -0.004315698250372989 0.942975061087339972 -0.004043582171955423 0.982305902570887235 -0.003770603574552204 0.979569355301342148 -0.003457563319222959 1.022905794391736789 -0.003116612122134952 0.976560157097550507 -0.002667350664085969 0.906049110993516926 -0.002232069970706899 0.821117445327874895 -0.001745562040093492 0.782042924396082584 -0.001228234844402006 0.775725379110533075 -0.000728981545390098 0.725013127700393833 -0.000135502426955129 0.670964538005726641 0.000507156236965012 0.700136875361540123 0.001147923589735650 0.758409515944076795 0.001746843155586405 0.758626290399707859 0.002376068024611370 0.728999929770710375 0.003096397798759970 0.626769202865104513 0.004054433550451137 0.316970549770379972
21.875000000000000000 -0.006749866705985185 0.303609616192996368 -0.006004383453378220 0.482146544380395614 -0.005563239483453007 0.672679353960231818 -0.005236853875311713 0.853199737203472530 -0.004957302552658634 1.003277776066384686 -0.004686079186950887 1.038864805348141740 -0.004418774845621420 1.081050959310984494 -0.004111280534505418 1.089786877817582544 -0.003774789467958616 1.044717424502336289 -0.003340425442637319 0.970159701624630832 -0.002913355905776540 0.906711079230338557 -0.002418559733001360 0.888325945942935791 -0.001896319840207891 0.855879690237410506 -0.001369582909877996 0.789475534576015825 -0.000739480265582575 0.731833126835067738 -0.000029600355385767 0.740259216865197356 0.000634674728362427 0.791055968381089158 0.001295493688449052 0.766365556732620967 0.002000441135309560 0.758101335524423714 0.002817896028608506 0.636990926694549153 0.003539392012678458 0.311831655253481832
22.125000000000000000 -0.006885588529645647 0.304260465041004124 -0.006179027624261002 0.487323104089861237 -0.005733523491211649 0.695020094363464125 -0.005404301218674974 0.871109403719194986 -0.005174185124074529 1.021898373243324221 -0.004940621895922532 1.066035866643764374 -0.004727562559848970 1.108622244857147887 -0.004453635587607551 1.117291503147961551 -0.004172286016571575 1.088023616286011519 -0.003796577317099901 1.000344897569236391 -0.003417290860049267 0.921549937455897195 -0.002960784807930992 0.874431706145440413 -0.002452058492509609 0.854424194789210723 -0.001953498714024267 0.768745184306700913 -0.001342266878710307 0.679024600374780185 -0.000612184194542039 0.658785125786474635 0.000081199548201007 0.701160684749909002 0.000783566663220972 0.667070385567532842 0.001576519915991249 0.669723284418428211 0.002441639089124343 0.579408851652665757 0.003122312380610795 0.318449572918496571
22.375000000000000000 -0.007135017470215272 0.290159339577443831 -0.006317581665066954 0.455977203397693376 -0.005812649369935040 0.687060755240913923 -0.005443001370492575 0.851780152149696601 -0.005188476626912023 0.997370357423735032 -0.004933159252716465 1.065287555391900565 -0.004734733472720338 1.120121779311311405 -0.004468985302210425 1.120525118193113956 -0.004198365447532998 1.094149909078516281 -0.003860373844555834 0.973601411979056586 -0.003466828132334430 0.935155424807130320 -0.002994893281406177 0.870417123916975233 -0.002540897352948602 0.835886853902662152 -0.002059112456725739 0.758046824407272113 -0.001477280397322043 0.661139291820627917 -0.000763123032756711 0.633335783648936723 -0.000060804915594020 0.646672057778223786 0.000691566408015904 0.598084853115743775 0.001496059887930214 0.619490319207497642 0.002406956519328312 0.540616606183376924 0.003361550278892622 0.312617374980330653
22.625000000000000000 -0.006876377308307081 0.282492874249761605 -0.006044609430344849 0.438199509595131487 -0.005541183953521329 0.683142484271111017 -0.005176190236817904 0.840810534627291384 -0.004924547135299774 0.972204398449860063 -0.004688129930778889 1.058351173485277963 -0.004527986753501850 1.124151548149750157 -0.004305084012460976 1.110287991422581833 -0.004103635537154924 1.062691271492060885 -0.003835077334349353 0.985244948235949880 -0.003488294256451110 0.944793660432545090 -0.003083276366716634 0.850158251583072566 -0.002608708952375478 0.820262720221101471 -0.002147033577851279 0.739920087937166904 -0.001625808584131739 0.607613795306848226 -0.000961176944051873 0.567615037146862345 -0.000280512214171487 0.550950771555374863 0.000497218236811437 0.498350696753475986 0.001354274724489058 0.510165235113609450 0.002327535214956118 0.483219081533971195 0.003078950788918904 0.312711798384441575
22.875000000000000000 -0.006993368560503946 0.282602759103563306 -0.006177627321301254 0.438391466726629209 -0.005684935342324450 0.684355205620934326 -0.005337004234241431 0.841053273750083208 -0.005095752968387022 0.975981427864184625 -0.004880892910735134 1.083317075806838892 -0.004768175399447526 1.161676804617654435 -0.004584785332577006 1.159541261627800468 -0.004456275964658691 1.124364140431500569 -0.004253319440323866 1.097018239750516155 -0.003991628088728978 1.024054985020450781 -0.003687352724815459 0.923655284507939878 -0.003345353328643072 0.826031082249875870 -0.002951176264943228 0.733652051086489898 -0.002469572342961062 0.597680566320347273 -0.001788135335756891 0.540496624770661627 -0.001160849206527753 0.506386744317562698 -0.000388802801903485 0.426181015064101998 0.000521019370787699 0.411236528373847166 0.001578517768066217 0.426298031914865150 0.002723709903016565 0.311173630834093884
23.125000000000000000 -0.006754756694463660 0.272680151537170901 -0.005985117294984294 0.419438733372076600 -0.005496707703608362 0.655789049113365552 -0.005127912688540243 0.780213346282318421 -0.004872654824154246 0.913118716659602314 -0.004654831786359845 1.015041564782478867 -0.004532945846864310 1.069299583632030703 -0.004372257528743964 1.110173880641097677 -0.004254209336696816 1.085341339894982715 -0.004081627353038801 1.041239576895681473 -0.003863272988843262 0.976843391054477594 -0.003617508814859833 0.871421728529920281 -0.003342265561458751 0.783182675542278495 -0.003003790683121653 0.702593236959779488 -0.002579322485809423 0.555948925392528936 -0.001978771275276485 0.486129333295423793 -0.001385105813723914 0.420275496331358134 -0.000585750558550631 0.337002369500085719 0.000298564631573505 0.299211940277559596 0.001388991068415895 0.358065639814383607 0.002883524463248108 0.301423460344009020
23.375000000000000000 -0.006915429887453163 0.267831403353368080 -0.006109263285045270 0.410541254985317683 -0.005568542960079145 0.609184109654182904 -0.005141339052506236 0.715217851235032787 -0.004822158298037823 0.827120000748193140 -0.004539460599425461 0.934301767757143020 -0.004368565397644218 1.001727277415351391 -0.004206456861067535 1.042710699141123243 -0.004056077191449041 1.038710792936207383 -0.003894575173571881 1.028958055767983826 -0.003707093996707960 0.996146785177235095 -0.003522484594081199 0.929610475521536084 -0.003286343903863903 0.844838871507393119 -0.002947514654382576 0.752839639791246573 -0.002531431914286051 0.632753134090142222 -0.001970661095823767 0.565581660956267163 -0.001428958884109757 0.454486947362242932 -0.000717199648298308 0.376288403137212124 0.000117153400625597 0.307035694725906083 0.001158085165927952 0.340555016113004372 0.002721683904790081 0.281468282644598333
23.625000000000000000 -0.006801983997590735 0.259804537179279649 -0.006015010488743509 0.398274260055442475 -0.005473307976641383 0.564549724697774757 -0.005037192932196969 0.652676436206213850 -0.004707564349878740 0.753790164429886111 -0.004421214292949954 0.864007712832238317 -0.004227896043373891 0.932873885866543295 -0.004028906258639570 0.989954319275068828 -0.003864427722849105 0.998570167908072848 -0.003713382536291588 1.027529618857917493 -0.003584883129862593 1.003897541625227596 -0.003452835120520443 0.939544969921967343 -0.003230856377603864 0.853413462974402459 -0.002902919158367457 0.759559160581103843 -0.002510926381880943 0.641931078114978737 -0.001981274331294991 0.546255495905067723 -0.001468140670739434 0.460546953650856683 -0.000797038033512688 0.376025436916751776 -0.000043300391594299 0.327982972686358287 0.000875812373212949 0.341970154165744000 0.001957224845224632 0.275027583863384495
23.875000000000000000 -0.006751668005130849 0.257093032554250034 -0.005970591464801467 0.394513394699174458 -0.005398792310858634 0.532085461983542340 -0.004943862179069869 0.616642172967417523 -0.004580054378585089 0.719762134233463025 -0.004254420526583078 0.809790833426555001 -0.003999357846548717 0.888471271492284553 -0.003751171246823038 0.954659012070291801 -0.003553585458047616 1.009635524284153263 -0.003389301747423777 1.009907218275628127 -0.003257733138785233 0.986715284329487075 -0.003147902505591330 0.956276203556360227 -0.002978985015898369 0.874019701595284970 -0.002691547684573947 0.772541550755788120 -0.002312791342174291 0.683327553200602900 -0.001821380901299342 0.589706353287456353 -0.001288831954316036 0.493595498056466631 -0.000687691016527066 0.417295405341994718 -0.000014348777001300 0.374609337978412837 0.000814082552624004 0.355833039274652929 0.002037675385790760 0.264503232020900148
