# Index(['mlt', 'mlat_eb', 'ef_eb', 'mlat_05', 'ef_05', 'mlat_10', 'ef_10',
#        'mlat_15', 'ef_15', 'mlat_20', 'ef_20', 'mlat_25', 'ef_25', 'mlat_30',
#        'ef_30', 'mlat_35', 'ef_35', 'mlat_40', 'ef_40', 'mlat_45', 'ef_45',
#        'mlat_50', 'ef_50', 'mlat_55', 'ef_55', 'mlat_60', 'ef_60', 'mlat_65',
#        'ef_65', 'mlat_70', 'ef_70', 'mlat_75', 'ef_75', 'mlat_80', 'ef_80',
#        'mlat_85', 'ef_85', 'mlat_90', 'ef_90', 'mlat_95', 'ef_95', 'mlat_pb',
#        'ef_pb'],
#       dtype='object')
0.125000000000000000 66.397939359340469423 137.099725099612157919 66.909055723552157247 166.850203502299279990 67.274202845380941085 192.307421368161300279 67.582905728922540334 214.973944025099399369 67.861768502566874872 237.802405113079487364 68.122125321127853681 257.891269702853946910 68.370013258230770248 277.704400597377286886 68.609825388670046209 295.354105582492195481 68.842389990858052329 313.317986001581516575 69.067143823933065505 330.952678657127137285 69.287558827488268776 341.513135477454738975 69.499900134026660226 353.489945541102656534 69.706983080695948729 361.356970760802596487 69.912262665788020399 363.311297353795509935 70.123831396596415289 358.159188919624341452 70.339927934206158966 345.204406920973440265 70.587019946243486856 324.695133331402360000 70.870041461455173248 292.454484224226177957 71.217983685254012016 253.550093817710404664 71.694969386632550368 204.079397436483617412 72.252158411697934071 142.199476040712539771
0.375000000000000000 66.318640022130395550 137.052193614501476304 66.818614287887612591 166.516847011751167429 67.175849803730713461 191.069391930485409148 67.478423784928565965 212.226497673598714755 67.751642896526320214 233.148915355277779327 68.009879482090255465 252.042254795807792789 68.255348109942872270 270.226325140624965115 68.493826468440900612 285.430010353296211179 68.724800148203527783 302.061906262751222130 68.951764470387402639 317.214023087585076155 69.177162060389463250 327.047602546920188615 69.394983672890830917 339.132916414771955260 69.608681046045177254 346.110511037687444968 69.818477011708054647 348.420652640005471312 70.036146419611881697 342.689706370854935358 70.257671875545725015 332.213652461680794659 70.511026187739815896 312.551861699667881567 70.801681955288984227 281.513454889959973571 71.162750281833481836 243.741970603422885233 71.656150238649075845 198.073785603258471610 72.200883534432264810 141.312591896285113080
0.625000000000000000 66.268895533119916763 137.714325762752451965 66.752610162324870657 166.276943132451037854 67.099223951701219448 189.857433050011735531 67.392971810012994638 210.773134465688400496 67.659728163736915008 230.725878200562561915 67.913209358284646555 246.630878743561112287 68.154743424388669837 263.097272838216724722 68.390811474405694526 275.183920329269938065 68.621742537738512624 288.994676990475511502 68.848945010432970548 301.818677564256631740 69.077681353950481480 311.577043755958413840 69.300576273697359397 321.717756653638389253 69.521634157630202822 328.827111692488188055 69.736465912811667067 331.494330127569583055 69.958744391144037422 327.906891044949929892 70.186088259018660551 317.018300783549364041 70.446787708782096615 298.154736383244937770 70.743036665851576572 268.493226857338072477 71.117368098692111289 233.757691650284954221 71.626023212118127503 191.343729358917187255 72.153238185589430032 140.646778113457003201
0.875000000000000000 66.239619467044875023 137.231197552099615677 66.707822613322989014 163.935416385290892549 67.047227094926014956 187.333286609915376175 67.333569043805539422 206.972060019014094223 67.594597280749752599 225.847604059168020285 67.842164045318043009 240.998887346058950243 68.078084933616253238 255.377670413189463261 68.311563918000700824 265.265994885482143673 68.540985403731795600 276.062400480914845957 68.766766450283284939 287.084025804848295138 68.995892770436128671 295.268729945226084510 69.222246233692004580 304.112216152388384671 69.446843026261333875 310.123818544804862540 69.666872176577442133 312.261635311139627902 69.897384121675045776 309.943221181573903777 70.133098919421826167 300.245069323579741649 70.400208206914186349 282.162537375780686943 70.707376494422931046 253.960513327777050563 71.099630560211764418 222.442676758363575118 71.627118871635289565 183.644121926740353956 72.175929933782185799 139.693425517837596317
1.125000000000000000 66.234209231828742759 137.179245982009945237 66.695988310316195680 162.086467704441218984 67.030354659220591884 184.435090859817847786 67.311696760348411317 205.213362578106028877 67.568297182517781607 222.434694596791814547 67.810329192404481091 237.153779020785918874 68.042730288334297484 249.999766497087790640 68.270235267957303904 258.726513964968489745 68.494950432947263153 268.078095236837498305 68.717681719216940905 276.881163349969199317 68.945721977090371979 285.137040858644411401 69.170592700539614839 291.223651694662464706 69.398345334224032399 295.725947787066445471 69.624997548790091173 296.218751542963502743 69.863179377517951707 293.612601630493145421 70.108551940723657481 284.130246331435159846 70.387098793787430395 267.807858029667329447 70.707871034221398077 242.811413050657876056 71.115409565676088732 212.949873161068438776 71.668393812162079826 177.173568215311860286 72.203792567240810740 139.691557478661422920
1.375000000000000000 66.251717280428877643 136.514461991323514667 66.709118867977878153 159.221368872672343286 67.041575217137975073 180.632462297830358011 67.318293641985164300 201.192569590375654798 67.569890300870639521 217.154959300659612609 67.809447944347084558 231.337437458700605930 68.037760531779142070 242.962115701341190288 68.261148150030450665 251.247688866170648225 68.481688610580022214 258.680219357044904882 68.701762452836376838 266.299901746540854219 68.926619426376049660 273.742642611226301597 69.150196754893272555 277.513990710819143715 69.381377567270021700 281.240390192582708551 69.611777815450125217 280.261507534834947819 69.857368612202222380 277.769539820121224238 70.113361274435050063 269.395446478226347153 70.403310856702432829 253.774224718922454258 70.740549944009543992 230.578490485057642445 71.167072754965701620 202.860133511333799561 71.747795465671885040 170.949071193125860191 72.301993253307330178 139.149280853881435860
1.625000000000000000 66.320350669774242647 135.551162983436228160 66.772334251686970674 156.443606460479088582 67.102096956583309861 176.401862807590447346 67.376478406612790195 194.952300240359022609 67.624280785972999297 209.947319993707338881 67.860822228747565532 222.734921905621234828 68.085905269534478634 233.701391688460915930 68.305976265747048615 241.798748834730616863 68.524379995170349389 247.132516572039406810 68.740692428879526688 255.262913764185469745 68.962725669676132156 261.911345833042446429 69.185123347523045823 263.928600387899223279 69.416100719386818696 265.354720010713833744 69.653146020251298864 262.789500144727583120 69.905880891667735000 259.171234428458831189 70.176612282825530542 250.343383386124912704 70.482557254931620605 236.606318814328716371 70.836997545386580555 216.798082649504777919 71.279865475140638864 192.055598832428700007 71.880146626473262472 164.995931785311285012 72.417355802383141850 138.859251766603875922
1.875000000000000000 66.396220217191498136 134.888046941041181981 66.846486635405170773 155.034232913629153927 67.178507817791697221 174.164625065581532226 67.452481851547346992 191.031738159602184624 67.698337977041902036 204.746562219603760013 67.931626395478133418 219.166613272367413856 68.153842614553809653 230.106440570320529559 68.369189289920782926 238.217381176074866289 68.582698122165240306 243.610958870089262973 68.796734812955122607 251.536673951103523450 69.014163160801615504 256.286103857725947819 69.234487558023005249 257.979050984533387236 69.463063277814853791 257.931217608325709989 69.701575423002807952 253.194253459027009967 69.961657601812660801 247.312854103285303609 70.242075992584943833 238.658512620607552890 70.557934691831619034 223.536314078470638833 70.931747269901606501 206.080165433016333054 71.394028939786252863 183.360629821295759712 72.015460599691465404 160.030105985588249951 72.539738278971427121 138.524455783635005446
2.125000000000000000 66.511774156078715237 134.841076295637378735 66.962859341695263993 154.240828361798662627 67.296441141016359211 171.102781150380735653 67.571796871420033881 186.951962863436619955 67.816541330778036922 200.311932948191071091 68.049148608804784999 213.835262491494376036 68.271290312470341632 224.028948193421285850 68.484446734272054869 231.596544504919933161 68.696083588882999038 237.273329600471527101 68.908999160837424824 245.368419112270657934 69.125828369021846243 249.089684233164234683 69.345490241257110142 250.745107380520494189 69.575340263228113713 249.837253856681002162 69.818379968853420792 243.616728307836041267 70.081998985260952395 236.728683910349417374 70.371570903480744619 227.196024735342462009 70.701393208902644005 212.516296999499076037 71.090690894830913749 196.062761827009438775 71.568513074523139039 176.738498136722228082 72.207185379113411727 156.684949313988170161 72.707610469575101320 137.700889064618792190
2.375000000000000000 66.635364764310835994 134.149185936595642943 67.089144253381249428 153.691442268124689008 67.427527883161943123 170.348609069448741593 67.705328929914244895 185.659812975339548302 67.950789271321283991 199.086372160505078455 68.183708337201181848 212.261688154764897263 68.406149689664630387 221.960950836387809204 68.619873380374301064 229.515946397623991970 68.834628980726691339 233.701888968374333899 69.049762244705277681 239.991899666024494309 69.269354192453391761 243.250103619617050299 69.492229902196754665 244.646005586031662915 69.725491760536286279 243.515431957487521686 69.973040206016264619 236.847678593501711930 70.241538819329235821 228.079778699170361733 70.540548524062202773 218.243460799376407522 70.884858942954352301 204.141703390074866320 71.292231439873532395 187.465577031580039602 71.786548426418278268 170.957438971493672852 72.438530992351047644 153.216896106509835818 72.943527531880789638 135.987011660530754398
2.625000000000000000 66.778091597860580464 133.699669214965922492 67.241612745787932681 154.169677249889161885 67.587979525100749356 171.413555497831197272 67.873154400548713738 185.933213489478106339 68.123296829553794396 200.426334016798961102 68.357656011196837653 213.321923158414705313 68.582395764628358847 223.043659567121920873 68.799169902839551582 229.735810167455412056 69.017535177082862674 233.997088040585026647 69.237694804524537062 238.273543853524245151 69.461974494507643385 240.555885943489982992 69.689984855216209780 241.232166104029886355 69.929030591738182920 239.023960411700642226 70.185086602732340566 231.885086004223836653 70.459911311534398237 222.695686626942318753 70.767555753780001737 214.057689722292110446 71.123498396787837805 200.245442029521740324 71.542959724599484161 183.247275472556736986 72.059549561496112347 167.839710248317686592 72.730847724482842409 151.311748067463071266 73.180370003315701410 135.389698916734403156
2.875000000000000000 66.937962316203908131 134.215882150744420187 67.407023092321750823 155.103397802263884842 67.763305628278004633 172.528025694019788716 68.056544448707754214 189.529589773948146103 68.312984230289544030 203.602027994899117402 68.549819790120565699 217.803870425845502723 68.777456553512990922 228.405201808946230813 68.995840274930259284 234.643538340784175489 69.215094165703874296 238.512161702589452261 69.439347921449353862 240.216011061833654594 69.667435116154237562 242.042662198823393283 69.899217179129720989 242.246974786876137387 70.143737927451837777 239.965359683057272377 70.406523667721813808 231.588626298048495755 70.688285190193923313 222.574333634589919484 71.000990640850247360 212.630936830257098791 71.366816409518918363 197.402097878826765509 71.800769213843850025 180.586661382149372912 72.332804898093868928 166.756401194129324494 73.016334850990119776 150.035600465600055031 73.465884112188632571 135.845098324133147116
3.125000000000000000 67.099872544544012953 134.182538720552315681 67.585172814655592788 155.999172064185927411 67.954385182305983903 172.749034186010959502 68.258074861137629341 188.773170190334468543 68.522680038964580262 203.856590101256102798 68.767286475745549978 217.125149997993787565 69.001792489234631489 227.294046108557807884 69.227242068267358377 233.926035660552088302 69.453438109004409284 237.403095656778901912 69.682057299096825886 240.493865957554390889 69.915757219488341434 241.747307077249672602 70.155827833585917119 241.040678068915866561 70.408815210151161068 237.430134301417297138 70.680697201510739092 229.638841482059660848 70.974314822553267845 219.786458412989702538 71.301283760640032483 209.960556274110643926 71.678135482500437092 197.190895756077594569 72.116907585151110993 182.482413424507711852 72.659104423509148774 167.628966732013566343 73.351945451389156005 152.349277459359086606 73.834913074118631471 135.701052781255640411
3.375000000000000000 67.261597116316011125 135.070863083612238142 67.756421272875513750 156.967967171900852463 68.135609400601140351 174.237761464354292684 68.448081945980788987 190.845802151606790176 68.720474734152944052 206.516211421090872591 68.969536139892923643 219.746721797549923849 69.208271139657085769 230.470032341274702503 69.438039667228025564 237.143312252608808421 69.667674597274839243 240.853557590937839450 69.901256986539252125 242.406539779866818662 70.139837064274431100 243.004469128238667963 70.386039509732000852 241.481565532190558088 70.645013174670395983 238.002739766386866904 70.923437699384351163 230.037000968356295516 71.224397392949398977 219.785275010963488285 71.558947988807574347 209.655365823054779639 71.945943254970515568 195.755580057015350803 72.397294206736034994 181.331872159157740043 72.955048766989747833 167.201209950865120391 73.662186250741527260 152.869458756152056367 74.150357335128163072 136.305805800130343641
3.625000000000000000 67.442202820187958423 134.908012886487483684 67.949491886031324839 156.304915886070290298 68.339749681153364236 172.889527073128220991 68.660967801505037755 189.386423337139007117 68.941587213849913951 205.146298073332701506 69.196927790099181266 217.317630046443269975 69.441932277246749550 227.790185804298630501 69.677892836996662140 234.147639040274810895 69.913530321213528396 237.265686198302830689 70.152468587766477981 237.853405234977486771 70.396992850645062845 238.189841125435350477 70.650267295505315701 236.474105783112179324 70.917234322842872984 232.448084460116064065 71.205157705363745890 224.698230886196228084 71.515218123457216848 214.709309469360675848 71.860376574415838036 204.285123145433487934 72.259722852030421336 192.561647614353631752 72.720718624581152767 179.367888616453967643 73.287622298963782441 165.758831929237686609 74.005054019419574729 152.434298345926578122 74.507327302512479150 135.471049537871209623
3.875000000000000000 67.626676295075213829 134.357353387089744956 68.141304115199062608 155.985164224436601899 68.543164931961655384 172.511225494456994056 68.874049364969948783 188.634455955903803215 69.162240411742985202 203.922551761210712584 69.424731906247998836 215.232816026012216071 69.675198919132114384 225.155898920002869090 69.917774756881996723 231.383742216917767109 70.159621341969142350 234.205719188827487187 70.404674451056834528 234.373419310213392919 70.655691679700325381 233.759566171266072843 70.915668948476621836 231.904374453352460250 71.190230957567919745 227.945236749729446046 71.485269712352078386 220.413522990923326006 71.803999849493379770 210.697811790928653863 72.158205863746289310 200.817924705512609762 72.566377707937306241 189.590599484823684406 73.037244362265582254 177.212154360776196427 73.616356212659937341 163.834046448969814946 74.339977590315385214 151.263438190618813906 74.832032433618394407 135.274804788297700497
4.125000000000000000 67.820055906550635427 134.602730661971662585 68.344766136956664582 155.810214117695323921 68.757400697509680754 172.048197822461133910 69.098638316079416199 186.650689452334120233 69.394909624001599013 201.342371445210204683 69.665591498259090031 212.411783508790961150 69.920985485932277470 221.873484970565016283 70.170370879252217833 227.254455311212325341 70.418770737156890505 229.663348268435356658 70.669965014426423977 229.673182757053808700 70.927320633045539466 229.121703037529584890 71.194554682906442622 227.356251420397683205 71.477007560168345890 223.237312268648764757 71.779550340903199412 216.414248623381979542 72.107112651288034044 207.846398558214872310 72.469315507380500208 198.594975901546973773 72.884721671116921016 187.382568902358940477 73.361749375828196662 176.183565359059400635 73.949236409234359257 163.116529883353621244 74.679956425028180433 151.445308408538522826 75.171980238670826679 136.055914762754525782
4.375000000000000000 68.016027972003087143 134.913073282117295548 68.547307159895481732 155.576143336666376626 68.971766068968918262 170.823108793395050498 69.320482954555131982 184.609056177760635364 69.625030979415797106 197.839509990027636377 69.904188439887875006 208.069519002884732117 70.167233044574473411 216.948883147416552220 70.423090726442183040 221.998553469363002932 70.678424483060382499 223.924343882805459316 70.936353134924033270 224.457479655241598948 71.201055163855940577 224.285980740759640639 71.476403351419548926 222.037455362549252413 71.766653538890480490 218.221524832212821821 72.076431712967263365 211.844540120089362745 72.413722061722992862 203.725623280001570947 72.784158979726228722 193.911131618373900665 73.206866187894405584 183.920781158844789616 73.688595186793577341 174.557259208575317189 74.277034274905801681 162.983790741479282360 75.003521287828419872 152.241782255163201398 75.520201748008162212 136.680539018388287786
4.625000000000000000 68.218014258829825280 135.005986433428432747 68.759252708039170443 154.716108839130953356 69.195638485540513329 169.773638489060573420 69.553377067259859245 181.849811412119947818 69.867201778793358358 194.183612976848337439 70.154494551445637285 203.092190762969693196 70.425674035151757835 211.324781443525694158 70.690381886990621751 216.422548261725609109 70.954817050103130782 218.838329787983951746 71.220745431528030167 219.803635166966216730 71.492796135633668086 219.535095706193175147 71.776231255103041917 216.864183964183638409 72.073575947351088189 213.632467820611680054 72.390724586011927499 207.530367680627591653 72.735956805711921902 199.438174898216857400 73.116211325147475009 190.229380755205767173 73.546203323769802296 181.544112241786336881 74.035112214184678692 173.049468432228394477 74.626430682572902242 162.403110440993287966 75.354304899522190908 153.291039979749399436 75.867701475061124938 136.898054871307522262
4.875000000000000000 68.432627920083248796 134.853291428294681964 68.985735845034326985 153.317963863039977923 69.433701260050014525 168.100014100310318099 69.800830945545314421 178.954239321559725795 70.124427437424955656 189.922217997957261559 70.421909163596836834 197.931614301690899538 70.701166168541817569 205.257521558831939501 70.974178130567636913 209.399300028542825203 71.246890182123578938 211.767860426162741305 71.521306296868317531 212.671939730176944749 71.801596313349406842 212.159051828784271265 72.092630883497378136 209.800576947926174398 72.397487444402500500 206.698445573983121903 72.722714178427182219 201.511888855484954775 73.076666878105697833 194.814890885519218955 73.464898231581074128 185.617789301259250578 73.903465520715869275 178.462042434463796781 74.395581749094262136 170.745116773928998555 74.986949217952982849 160.516124106936757698 75.713691829911340392 152.930283175998340539 76.229671309125421885 136.953466055965861869
5.125000000000000000 68.651595227081372741 134.844809712175162986 69.213047357831527506 152.570204336209940266 69.670970459994251200 167.734936313894536397 70.049026353707290582 177.688752186944213918 70.382675008481868417 187.014559055527058717 70.690571714955780180 194.506160910224821237 70.979146962923564956 200.945991877933522574 71.262014518557705856 205.095353336643285047 71.543787202717467721 207.740135867158699057 71.827052999336203243 208.145009554273514141 72.116027594647206911 207.116775385901036088 72.415530276479671556 204.365268257569425714 72.729124279101611705 201.307916884026298021 73.063291902434968961 196.429475250130536779 73.424224487577447462 190.656965541110508866 73.819787164178904959 182.527024224111755757 74.263501318649971950 176.033862667319738193 74.762488080731060336 168.985469088313408292 75.354532818912531411 160.272721006529707211 76.076758219999348398 153.109959324185325613 76.590031247606447096 137.166829770318400961
5.375000000000000000 68.870767431499743338 134.841258698078405587 69.432605244949584744 152.196965560175954124 69.902222679233872782 165.985709710943609707 70.291733940099604183 174.887896741704508941 70.635708453913693461 182.680865796206148843 70.953479610094774443 189.303953401952725244 71.251121854004836109 194.912845094053324146 71.542075984719247117 198.422828526622481604 71.832622642449877048 200.584631993736792310 72.123532969927623526 200.979551984209194870 72.421628705906044843 199.632613560284795540 72.729342783702378483 197.578928323103895082 73.051684619855237202 195.543316533534266455 73.394049811155767316 191.020037877562629092 73.760695613950858274 186.166246762383480018 74.161763178624553916 178.431836391878988479 74.608178778397288511 172.730456183280608684 75.110799672419346962 166.259417865044412110 75.700885112201348193 159.771009153415747051 76.413946478089073366 152.826856571223999026 76.930814328306524885 137.233173223284268261
5.625000000000000000 69.089512147942855336 134.356242719901700866 69.654724922921715802 151.990167180520188595 70.138294436359686301 164.278003060244770950 70.538730103230463442 172.627356339174639288 70.891194450137277272 179.348606980270943723 71.218533516481670631 185.486461690407338665 71.526250343979469903 190.184388101848668384 71.826300439496904460 192.246941394261000369 72.126426127668011645 193.999444842346861151 72.426580415696221849 194.456336938620012234 72.733022090849956953 192.962713695025001925 73.048536197494598809 191.470647644347735650 73.379448795462181465 189.318081177141777971 73.729666056173911670 185.559879421089846119 74.103847857054731207 181.899591703993621650 74.509812595016754244 174.731100938710511628 74.958662422967762495 170.580858799065907760 75.462321691996933737 165.717618491824850935 76.046262031359276534 160.122567883710757997 76.748894217489990410 152.668855066794804998 77.285945508777771806 136.947218253323740100
5.875000000000000000 69.331935541475147033 134.318653253112557877 69.898580420776340816 151.588816957021634835 70.394102975519828647 163.099982664451090386 70.804852089648846913 170.668638448756837533 71.166721454295995386 177.120567414762945191 71.502622406344599426 182.165809119741766153 71.819151311907262425 186.279881951081364377 72.127698966768832634 187.826964265390444098 72.435748571500937487 189.777664976019394771 72.743931848062814538 190.838562115203330904 73.058518794281127384 188.796345553247562066 73.381073652068792512 188.047367704254838827 73.719634541379619463 184.746566048208336497 74.076422505418250353 181.487736746872826643 74.454732936412369781 178.947671616486559287 74.863535282988607378 172.536375053318664641 75.314487322424952254 169.105524782277910845 75.816932414756706748 164.348222338701759782 76.394823421631045335 160.228767262964566953 77.083945531201251811 152.856504116409240623 77.597630534916703482 137.647337711499119450
6.125000000000000000 69.554307329523453518 134.758305727090203163 70.130034672974687737 152.405936435422944442 70.640130773181311952 163.681508729640569300 71.060492762334547479 170.602231902979241340 71.433333715434415012 176.403546640986036209 71.779197962126872312 181.602621266546378820 72.105909094683013905 185.929350759177197006 72.422642162415641565 187.307607479756399016 72.738655218640445810 188.971469575346361580 73.054092662848006512 190.040151179517664559 73.375781229032597253 188.768534215876201188 73.705200935446143262 187.640726548959889897 74.048649801487698596 184.246326569096481762 74.410376293446418572 181.621775709305183000 74.793547339698307042 179.049027693123036897 75.204660126285716615 172.945864390821839152 75.656537698077556797 170.413169382958784581 76.157066008943672841 165.366236297310564396 76.730465467765398557 161.925184242256278822 77.412677432113866871 154.746619782076635374 77.933361904913056151 138.186182341270665574
6.375000000000000000 69.810052260152062331 134.878311683591334713 70.386653226506751935 152.953009573246276886 70.907897630604452388 163.286838030353123941 71.337504410142472011 169.802579873252739162 71.722539519165678712 174.668453809337705707 72.079495090220873976 179.048935826275965155 72.418375444902423510 183.094588221997923938 72.743564958161883283 185.047072455918538481 73.066237290448853514 187.843455076856542973 73.389241588888580736 189.081084403289992224 73.716314735132641545 187.590165061126867840 74.050907144547679195 186.367292970296489329 74.398257942124061515 183.152030342541792152 74.763859996472660896 180.793788954327510510 75.150411189476429286 178.573591662644503231 75.562571428695278541 172.608299286837279851 76.011443512046668047 171.320284262229563410 76.507650378771955957 166.579725535675294168 77.072104038193984366 163.160209852673574460 77.737956830167533440 156.061069231302894877 78.263331918724645675 138.271601352384578831
6.625000000000000000 70.074759953392842249 135.064902585417058845 70.654317299771946637 154.158882729118829502 71.187031070869977611 163.921055239327785102 71.630682209097486179 170.481277076946128091 72.027626279063568404 175.744770549058017650 72.391787993614087782 180.932063614464681223 72.737959397995211930 184.938348057573222150 73.069556191119829691 187.083391868185401563 73.397820030167792993 190.459839967454570342 73.725411788723533846 191.577505851280875504 74.056066367265813710 189.360890187459176559 74.392663440311139311 189.244814342131263629 74.742179404560189937 185.464916917735422430 75.109283220096230593 183.076537001410486027 75.496222211047296469 180.573913121383384350 75.907065893176664417 175.477277921689676532 76.351818793825771081 174.208487211906486891 76.843478106712524323 169.192967296373637964 77.399005859148743980 164.888417655732126832 78.054152272647954192 157.126483670071934284 78.575915665277989319 138.128615837523028631
6.875000000000000000 70.333060076214096057 135.273570252100938660 70.909733344125427834 155.311226284889158933 71.452133352398661259 164.231889460694958416 71.907008937736222265 171.294108494982481261 72.312945869094036766 177.384849690284227108 72.686421035350818443 182.669833223909591879 73.041160107959683501 186.284182727947353442 73.378184294761396700 187.667648444374577821 73.709658068910812290 190.912876896660634429 74.040625920223504863 192.129607543244389944 74.375284252147253028 189.957585414462300832 74.714354145962161624 190.507559147141535050 75.065714240453175421 186.563050472057966545 75.433014962550089422 185.651422923520982522 75.818149755406849977 182.920033267074018113 76.226143419396009904 178.944542860165853426 76.665118776083247099 176.971988366061566467 77.147117742989735234 171.750483985671934306 77.696704172742116157 166.355759571467103797 78.341313801525657823 157.935896546518790728 78.883468411453577573 138.173825461401349912
7.125000000000000000 70.609164106841987518 135.144431851543657785 71.179540105187498966 156.205418313114449802 71.727570097092609558 164.389835373004757457 72.190542681633203870 171.030756227856954865 72.603146429944843021 178.053004428514839219 72.983738361076916590 183.328063138934453491 73.344848921248569695 186.995664018828620101 73.686457890252796687 188.640784617355592445 74.021098913339827163 191.677535783870581554 74.355064071121788061 193.180700354924454132 74.691357047701174565 191.751121785055772762 75.031647015160231717 192.752337156657802097 75.382555907359048319 188.925188452709846842 75.746730325695764918 188.256365316094417039 76.127175508648292634 186.121436786826507159 76.527240692580662085 182.276590337680914899 76.958213466957545279 179.166463696074345080 77.431325516443109791 174.148587455281784742 77.968224657322707571 167.884158285396409838 78.599304294737365240 158.453210141252242238 79.151132412739428901 138.088081882081951335
7.375000000000000000 70.910122581254071861 135.077478480845343256 71.468235645024478231 156.939894540644530707 72.019889049523428071 163.924867072769814058 72.487886676377243589 169.925398467679542591 72.907888987651006119 176.879386289439594293 73.294544905345432539 182.102335942788954526 73.660127560829806725 185.962666610486309082 74.003890775703538907 187.975949789569341419 74.340731581369453806 189.901370085571784330 74.675346661607321153 192.324065303226063861 75.010636519576820547 192.055423400302800019 75.348760714991485088 193.645815997752919202 75.695591324895815433 190.103209505471937746 76.054420384515736941 189.984995934740396706 76.427153381274905541 188.215874415499939687 76.817447173667744664 184.424896468741792432 77.239301925687769312 182.034440805658221052 77.699098874464610276 176.040121200724428263 78.220883800344978454 168.981894278422885236 78.840535805822284487 158.710047874372889964 79.400974505516785484 138.249732215189908402
7.625000000000000000 71.194584840728921904 135.133078815685081508 71.745040675413250142 156.717612011831420205 72.298849392003134540 164.499293429965234736 72.770886292633704784 170.280270351097016146 73.196811330574576004 177.162824475476980979 73.587209974792443745 181.675106409977274780 73.957563992171543532 186.078662137689320843 74.306221914606027212 188.826385967337188276 74.643468668785175169 191.603772989638798663 74.977983622818413778 194.111176815040693100 75.310813102542056185 194.709840452984195736 75.646287836518041559 196.491844365801512140 75.987399881477728059 192.657256702505861767 76.339901465127780966 193.158041779105474234 76.705468907575180992 191.858793983732084598 77.087970930540748782 188.307605468593152409 77.499343493827495877 186.021674224189979441 77.946915796236183382 179.879460601652795049 78.454704821838234352 171.505366793522910029 79.057940745860790344 159.995371291690446469 79.611752560072574170 138.190012643784314150
7.875000000000000000 71.488969619805160960 135.484836909457527554 72.029739261513711313 156.405922348076103390 72.582071715387840527 164.169707320914341153 73.052194988440760426 169.850284952142118300 73.480089193646151102 175.975887169747863936 73.871650260159228196 181.057734142115833720 74.243308395880561079 184.866782167338698173 74.592148760403134133 188.854510034922043360 74.927849442920077649 191.968159708495903715 75.258755110329090598 195.006088760467520160 75.587637779502529156 196.000860536662486311 75.918129635183660753 198.253713534426992737 76.253693911221930080 194.695654492995316787 76.599004562481695757 195.460014420011987113 76.956186127516147621 193.436211935963825681 77.331744948042512533 190.557621381608157662 77.733118772152536735 187.055836142518018050 78.166886690315095620 180.028013851694112191 78.663813082986507652 171.005966083066283545 79.251702392080375148 160.269885508042506217 79.791676514230971407 138.295884590463373343
8.125000000000000000 71.789511547816587722 136.082168551634396181 72.312878557265761970 157.117849248240844418 72.860738145857112613 165.439249914353098347 73.330538651898848457 171.056049468550469328 73.759138074361104032 175.810519785551178984 74.152083231551685572 181.788342155671358569 74.524355017311393112 185.070943933777641632 74.872000311688069019 189.440163951458572456 75.206421066714838730 192.783927111382013209 75.532268334910867225 196.381725010342165660 75.855400686772199492 197.946170305388818633 76.181434656734921873 199.449101507548618883 76.512082974304902905 197.614607760893278510 76.849864643224407246 198.620773406190352262 77.199866337013503426 196.416679104503998587 77.567373937308545351 193.838420282615345513 77.956451993016912638 189.936898485235929002 78.378967206640382415 182.622341173020430460 78.862956782855988536 172.932307138468615904 79.431248547430129747 161.678822372571431742 79.955972121107066641 138.453830927793234196
8.375000000000000000 72.076023039508115176 136.202724380392737658 72.577760400222530279 156.606241223118473727 73.117696988976462080 165.448940155673028585 73.588096114230893363 172.173058960937169104 74.018117633977993819 176.327875211529260469 74.411074176226009058 182.638182693604846918 74.782369010532377729 186.103883072922428710 75.129787948819981125 190.594556809884778659 75.461524385053948549 194.424554823299871487 75.783975803078575950 198.218552716108206369 76.101541680009333390 200.001149728099704816 76.420759136478068285 201.331707462046807677 76.745936516121659565 199.976860815068732791 77.075861484176414251 200.470449645688944429 77.415720747725330853 199.056511901553506050 77.775231043964765831 195.843321574865910861 78.155940536586768985 192.028311821779965385 78.569443931542579662 184.959203682067879981 79.040989035142445118 174.196368122568571835 79.592803791659122226 162.790047617301496530 80.114693888510757347 137.915074673622797263
8.625000000000000000 72.332444991429895254 135.899208627286355977 72.816577418076875006 156.452439709636621501 73.347157606837285471 165.064987206700976685 73.817512049377171479 172.792591064671029244 74.246422879099739589 177.791431688720194870 74.636564958407447534 184.049495031908662668 75.004933015737151436 187.582376865927727749 75.350668930677144886 192.582491495027881001 75.681390569150309489 195.937084095614238777 75.995998091790596618 200.286710867158376459 76.309815590456864243 202.684998454904331311 76.624428104732487554 203.760050596740711626 76.943363526514929163 202.597095978640510339 77.268273842834219067 203.465248210672712048 77.599633071549035890 201.311850996746784404 77.953040309568848443 197.830208683444396911 78.325906338848866994 193.639863079166786974 78.731170773877920510 186.258606193258032135 79.192614755942713600 175.813553518047456237 79.736010578158314388 163.392748767333017668 80.249140324325011875 138.180451465327649885
8.875000000000000000 72.531300569682585433 135.764753862537702389 72.997816237177787002 155.999560413040285312 73.517748571947137748 165.252781062975117266 73.983500421314033701 173.410557478631830008 74.413585243585927742 178.540552809074370089 74.806104285610217630 184.032931342603092162 75.175021154553647307 187.829526175880033634 75.521017818764860863 192.872463443983235720 75.852673586400186423 196.549376523444323084 76.165094619425914857 201.211839569344419942 76.474602678090988661 204.001420014218098231 76.785432184394394994 204.372130437206152465 77.101043698366538592 203.856824565051937270 77.421695153563135250 204.473128280102088183 77.750299672303128773 203.069076604515515783 78.100162849743000493 198.318915006561780956 78.472354147720238871 193.609332836863302418 78.876824902991785393 186.382214471847959203 79.333733704248658114 176.477470230973210619 79.869201698793162336 163.588701893290021872 80.370553903964946585 138.217873693124516876
9.125000000000000000 72.337400782425589796 136.238793631464631062 72.816737996341899475 156.616704123246336167 73.340649592885156949 165.424702161217823004 73.808037419087469289 171.761032026194698119 74.238738396427194743 176.759913718984819297 74.634046940796423542 181.296113325046320597 75.010516911761911274 185.678114793618789236 75.364326117330662669 189.893967031690436897 75.705603121686792178 193.823649146959013478 76.037345395751486876 196.819819874179898989 76.364916768685731085 198.354471679372949211 76.690484329780332473 199.426869864568828916 77.021090022281825327 197.512318854825480230 77.359845953497867299 197.973283346777236602 77.712035494857332196 195.778210754373162672 78.082466948944372120 192.865076753471356596 78.474288145652010940 189.376335204876312446 78.902128591324697027 183.496103758952386897 79.382937559007515915 175.215866109381323668 79.931561082085138992 164.002323535858096193 80.413110097954401567 139.858601718347841825
9.375000000000000000 72.528234250397900951 136.323858196863369585 72.993567973399592574 156.290231138859752491 73.510211714278881345 165.090016438891069583 73.978926448656622483 171.889655962894352115 74.411029984195167231 176.664463465615625637 74.808730551679872178 180.857479263657836555 75.187500752791038394 184.913204553532608543 75.545365269628064198 189.053599218593518572 75.889143513280998832 193.143901025583403452 76.222222163037486098 196.173572200953572064 76.550980109312433797 198.056710302499766385 76.877208866651201902 199.150688321438337880 77.207102600044720475 197.562788433816365341 77.546421426795120624 197.625205292054914707 77.897816780905174028 195.880560391279885835 78.268580360996693912 193.141328784793159912 78.659769740471574551 189.852341440574804210 79.086117915548825863 184.637086933619229967 79.560410432586309071 176.187370213339619340 80.099315564954849833 164.856932334873988566 80.581312348316046723 140.155415786914915088
9.625000000000000000 72.708865613110504000 136.457446172873886781 73.161635089811582588 156.544318207186648806 73.671351589442437557 165.048909010074055459 74.141268527125774312 172.262392814134074115 74.574575769252433588 177.187245518429563162 74.971554402550140139 181.554680742004222793 75.352001725959610212 185.523975899314507387 75.713394216706873863 189.851514578194780825 76.060535009575133358 193.457752973477482783 76.394086085482854287 196.600364739505664602 76.724157239214335391 198.685729586337430419 77.051232566224129528 199.571746620796318439 77.383097601907849139 198.238963761083567761 77.723301337599224325 198.680454489672854379 78.072984457030443650 196.964514457998376429 78.443157797003692622 194.181584683447084672 78.835124225824515065 190.891973039882998364 79.259292186327741092 185.895796440200967936 79.728163955935826834 177.808522366702305817 80.259513946052379652 165.964512060615845712 80.732762782461236384 140.812423332793542841
9.875000000000000000 72.862382944549352715 136.756915432916827058 73.302780384866167651 156.636099522786196303 73.804741138053614691 165.756336378589821834 74.273734223934425813 173.323942288094258402 74.706485572479238044 178.128535034051054708 75.106137635621109894 182.006908081605985217 75.486394971864044123 186.115350252528884312 75.851260637146680210 190.193234202479800388 76.201614157992054288 193.796461634803506513 76.538345024338909184 196.961238836200664082 76.870622843743205976 199.446825398976983479 77.198573021150707518 199.803513025266084924 77.532434931916327514 198.980218713592392987 77.874255712119108352 199.537627416811176317 78.223895998385145845 198.408197061396862182 78.595513175545193008 195.135004180901233894 78.988129954801522103 191.814652193942407621 79.412448576662541200 186.753591186312036143 79.879331803830268655 178.908946126170405932 80.404901634574429181 166.986827792221191658 80.869895769487612824 141.799117754723482676
10.125000000000000000 73.021307593705117256 137.345186393982061190 73.454392113876707526 156.948645595676083531 73.948707372581210961 166.311614353358606877 74.414958431615659151 173.750632877033524437 74.849670952147917546 178.312199126595629650 75.250733581077483336 182.276437229392030304 75.634516334557361006 186.718310331264603974 76.002064404342476678 191.082728593815176055 76.355692575087275031 194.760189860073978707 76.693661123343915165 197.631092787479929029 77.026733095743182389 200.046774616734012398 77.356610081206113705 200.300920609369569547 77.691559268247203818 199.534602078506765110 78.033856609882761290 200.180416538827756767 78.384628947596539206 199.737690525495850125 78.756316390022632845 196.105072119543677900 79.148908991791671497 192.746157503141063216 79.573063701392214853 188.356222247728908314 80.037465508221487198 180.548265413802567991 80.556174834469899793 168.393550983441770086 81.014004947604703943 142.704859586770766100
10.375000000000000000 73.168149912535369594 138.178489238867143740 73.589874911382509026 157.362362144232974970 74.079295644994772374 166.993712017910581835 74.543205676829813910 175.027440063319602359 74.978396738582958392 179.325961191710604226 75.379994815835090094 183.226420832158993335 75.765578354724681276 188.041472502304031877 76.135231555871712317 191.941982248603892458 76.491308948097753273 196.267303625596298389 76.830158774213273887 198.894130146929313696 77.164347872849290866 201.362212823658978778 77.492986383197163036 201.482770739948648497 77.828469059312951117 201.028775723060391556 78.171696043143924726 201.989327390634912263 78.522788864914701890 201.089683961247288835 78.894737920201677639 197.828909945351483657 79.286901196824871363 194.533696174911426624 79.712017172483527361 189.821947261466846157 80.173801680598501207 182.827974650282612856 80.681709533809723212 170.489137425293250772 81.121703799249374356 144.103899065914532684
10.625000000000000000 73.327872758538561015 138.545395950254174977 73.739597938190641457 157.282897925596444111 74.223588245049697321 167.457291729292450100 74.685507414721982400 175.466576289918293696 75.119861616282975092 179.993490091116086660 75.520743849549489823 183.892507395805182568 75.906267485891518731 189.182141056128386936 76.276462390614767628 192.514475986192508117 76.632730180131318320 197.659661337303049322 76.972100868530247908 200.324831765329463451 77.307441883598201571 202.530500641178605292 77.636275977119254321 202.750047945980526265 77.973513068887953636 202.218626413304406242 78.316833707704745393 203.126892982711240165 78.669336954739534917 202.166170176867979080 79.041707398713057842 199.123773647925020214 79.435196054315710512 195.362478837242321106 79.858939697884210318 191.156061842368160342 80.317582991976408380 184.614641271356703101 80.815603088599274884 172.031101370626856806 81.250198858896524712 145.262547047706817693
10.875000000000000000 73.494317448626517830 138.836500745619673580 73.895957537280580141 157.476647354431435133 74.370972596828067935 167.542093953911802373 74.828661407954555784 175.715359162382583236 75.261837671814575401 180.293056714161110676 75.664061869062521737 184.256416558722548871 76.050058237872264044 189.472038471911417901 76.420357563742456364 193.456523313295491562 76.778160625371825176 198.644981199570253239 77.118957240057298463 201.328135409693743441 77.454418662480108537 203.592803557836987238 77.782112402390069406 203.930528489207716802 78.119425849494504632 203.776162101601784116 78.463053819336224137 204.702314394660277230 78.816502774318422553 203.493916358314919535 79.189187709364389889 200.737421646212169435 79.581329455526855554 196.767533737440032837 80.002148376595059176 192.834809225075815675 80.457377211288402918 186.205805443389522225 80.947934944585625772 173.468274240440820222 81.364032951970685303 146.661288649906310866
11.125000000000000000 73.666600056769937055 138.105289679334248376 74.061904633311343105 157.172609088272139388 74.525917375582238833 167.838501540982150573 74.983283565872469012 176.244896282912918650 75.414789486445755529 181.670983504783947637 75.817414610529212382 185.610307470347009939 76.201657718268606345 191.222944604977840299 76.570442073306637099 195.287931119015297554 76.929527329920546208 200.592327413980001438 77.268963378426050781 203.089758068855502415 77.605850279588395324 206.182534196488035150 77.933318001696235910 206.550443190648621794 78.268374482453808128 206.741063907807557598 78.609360847551073448 207.667447766178298707 78.960513593722154724 206.549273536123649819 79.330153342405253625 203.532144004761534006 79.719272857967155232 199.980794050929574723 80.137872145320599770 195.484826456340073264 80.587526314096791680 188.524922729434621260 81.069371204701042188 174.996745943696822678 81.471389083471990489 146.601480763641035310
11.375000000000000000 73.821663418152979830 138.536094498370601968 74.211651063716686849 158.310173792603990250 74.667553560601447771 169.398048516510812078 75.120404076204465582 178.364819382895404942 75.547942638622927802 184.637340273573215654 75.948029538186432319 189.052426009137320762 76.328805155470021759 195.332433635797144689 76.695702143618049718 199.793856149100406583 77.051296666760521248 204.931354564003470387 77.391020715626936521 207.557014067969305415 77.727359178483155233 210.055549646142651454 78.053708803718564013 211.281766879552748151 78.384701622393592402 210.835968546290445147 78.721991402112934111 212.532904350686010275 79.069011828113701768 211.095290807639685227 79.432967652649367096 208.179524862136730690 79.817574172208367145 203.742742652625736355 80.228737155780493140 199.154079403142333149 80.673014866759956476 191.073856958145313456 81.155395425259385433 176.810497854663310591 81.554299549887090848 147.831399189919380888
11.625000000000000000 73.954435206366028410 138.508110983583804909 74.344104439386242689 159.019370547589176113 74.792544409072903022 170.474022827635252497 75.238790902287263407 179.846274001832227896 75.662159972035141209 187.805365033613554715 76.057904928793391264 192.432583428593517283 76.434886286052858395 199.357614078364974830 76.797921370340901603 204.214220030277260776 77.152000890226787533 209.161272106972688789 77.489039074230134929 212.045510904769741956 77.823917372112560997 215.372260873508821533 78.149964614194132650 217.049153349771813737 78.479345721703055005 216.342849742998993179 78.813936054793302333 217.849586086986420241 79.157285539009151876 215.979423146654482935 79.517180269793513503 213.543748161465202884 79.897285841240147874 208.223938973333673630 80.303659934191173875 202.704341222643847686 80.742252421073345658 193.863334855949887015 81.220160814995651322 178.268456012415043688 81.607992109688368032 147.976553930335057885
11.875000000000000000 74.113412486357916009 138.105480360644804705 74.498091664214783236 159.358715683441772626 74.943211386070970548 172.287152448960597440 75.380632108770981858 182.289240840291142831 75.796767955270269113 191.134102552755933857 76.186520572671042828 196.543255390608294420 76.559657225023713067 203.860682854802320207 76.913539182407475892 209.560344469026290426 77.261250795545748815 214.784177897125232448 77.594795487577414406 217.879969834219792801 77.922945106672742099 221.800795036835012297 78.243145865769420766 223.876415533883630360 78.566716637702810999 222.955285494083000231 78.891964531024370899 224.480020694345512311 79.228858919032560948 222.443881743076588009 79.580490015195664455 219.652199961816904761 79.952907719280887022 213.571152029970278363 80.350110504693972757 207.095266166101509953 80.779782584608511797 196.835835335978174498 81.247528574954202440 179.763571228611283459 81.610458536723157863 148.879399453294666955
12.125000000000000000 74.278525620291063092 137.902167852566236661 74.658460365259429636 160.348204555177574093 75.093411601240276809 174.126603342133137176 75.523286806844410535 185.675792732784856298 75.926428718880501378 194.676230806577308385 76.306586251447072300 201.516976238291363188 76.672075852655467543 209.253925268871000753 77.018706878869039656 215.504975074994291617 77.357881013889723931 221.062249197764344899 77.684560217016297656 224.371541365982892557 78.006622589568678450 228.705575924690919010 78.321100376534644738 230.804248209189978525 78.636947224290878466 229.971526037219206273 78.955768100167844636 231.577050891836790925 79.282340113262634418 229.011929612437540982 79.624730293916371693 226.012886263257712471 79.985262647528841740 218.865956342338307650 80.371492164671565206 211.316743632357713523 80.792182734520352483 199.515334867336747493 81.251409524913157156 180.937664656872726709 81.598455095450376007 150.623794967385322252
12.375000000000000000 74.422511039550627743 137.692194255388471902 74.797640101949426139 160.973540442342567758 75.223362278181753027 175.498007503775824034 75.641084626479184294 187.605889295483677870 76.035168037441678734 197.970586915317880994 76.409044775534923133 206.595517719799204315 76.765607281685461771 214.318064930705475035 77.105106964820578241 221.536757191295237135 77.435488280009280970 227.291898336865443753 77.752314979172084008 230.941626125777389689 78.064589295077823294 235.419566240315958794 78.370429933926487820 238.041694059298947650 78.677236259080899572 237.004560136568414919 78.984074559141205896 238.859566844230556626 79.300360892935700008 236.473973754658857160 79.633850463852198232 232.360845722456559770 79.981597396976539471 224.657899487592402465 80.357974157838697238 215.806061468039558804 80.762650938581785454 202.702096812022176664 81.213133682281124948 182.190151877021094151 81.542613955097749567 150.348084203376032519
12.625000000000000000 74.556608845534540819 137.527287323928476326 74.929376168909513467 160.646325700145013116 75.347526730430800512 175.957094145073909885 75.757498043088659756 188.925181623074223580 76.144863165728267518 200.180483484129894123 76.511174641502705640 209.931846119039448695 76.858633512552202660 218.374742917061212211 77.187934245822916068 226.199491334495689898 77.509703410994887918 232.661186690688140288 77.814934588136807747 236.177093097533230548 78.116747226389080083 241.171196036231293647 78.412526433912091761 243.911504616771196652 78.711032091401051503 243.561555747440365849 79.009126609419510601 245.278821567326417608 79.313843991172461756 242.426975036793720619 79.639731583988691455 238.110053263895366626 79.977426826355269895 228.957581075105053969 80.343112185554218740 219.586131477742299012 80.733943815186748338 205.039373099935062328 81.172957166585490540 183.030330538070330704 81.492729665862242427 151.178244065886957515
12.875000000000000000 74.681166508275211413 137.315075455363057699 75.053421113823006294 160.256152014331064493 75.467751246144828770 175.903404048263183768 75.874210189830236573 190.062529750015329455 76.250777552803768344 202.228942516077040636 76.606281590913468449 213.323445724144335145 76.943369319908839543 222.920289636961513224 77.261821616639068111 230.970428338081859465 77.571395579224642347 237.839913401890783007 77.864202378097090218 241.977567310944351675 78.155013240973403299 247.839388475157335279 78.439449583522417697 250.528834602136015519 78.725618634796120432 250.291171017513505603 79.011596983779242009 252.077113132800775475 79.304190615519942753 248.865244837208308581 79.618580128782255656 243.148509530763817565 79.944935547705142653 232.397759786159923578 80.299240246871832483 221.592016894832227081 80.683376299216831740 205.880090900023446920 81.113141099282501045 183.385837059528995496 81.411719472234196360 151.824916659259628204
13.125000000000000000 74.798353881098293527 137.218532318688630767 75.166608580365135595 159.999101105574510484 75.573618818406899322 176.732290166410024312 75.967139351612118503 191.657340446964354896 76.333572728434745613 204.484964437535808202 76.678836008603184382 216.088158285127519775 77.004431827474661532 226.067286574950742306 77.311170396502731705 234.387880964724530486 77.609436881434405109 241.319140348187858081 77.892176260099020624 246.263923913864630322 78.172574414732011405 251.993033604411948545 78.446101348119540830 255.138469107639053846 78.721268813057889702 254.697265510338979766 78.996160871811738957 256.392039412840290424 79.278292726924732392 252.502428888258208417 79.580709613058246532 246.355049726146972944 79.898074141248017099 235.405013926094767385 80.241903468175181047 223.570646460638670305 80.616068928134595239 207.306303109682744434 81.034995575391349121 183.702714263346365442 81.324617201969161329 151.329392009066935998
13.375000000000000000 74.898388068967960862 136.800275137660094060 75.263125335821129624 159.703867659094214559 75.664231877967480955 176.941192982213323148 76.049806256246910152 192.736181591246491962 76.406736988028512769 206.093218749151958491 76.739998931924915837 218.521228937380698198 77.053416810108132040 229.656874985360389019 77.349051258929407027 238.148123163527372981 77.636572712279317443 245.349736178261593977 77.908645832870789150 251.179300292122036353 78.177808878865107545 256.270930668072992376 78.440578318537149016 259.283673589692284622 78.705217202951189392 259.487060623309787388 78.968200678877252585 260.412179000379182980 79.240058892343213870 256.157454888113477409 79.531118559506907673 249.446711968234836831 79.838817236863434346 237.567657300054520420 80.173632184763874875 224.695060868072744142 80.535714931373007630 207.854353065827808678 80.947231134185628321 183.397337764602639254 81.230736805191241956 149.782157168736489439
13.625000000000000000 74.958286928082500822 136.773360328358876359 75.323046886931294353 159.435111839609419349 75.719670244131819459 177.256635772005552099 76.095798918138186195 192.536050425624324589 76.444843012963687556 206.628285581706592211 76.767716429369798448 219.623158423820882490 77.071400063264732694 231.289574310707081395 77.355294960584728869 239.947735311546551884 77.632559432580052317 246.916739011474675181 77.896594058244318148 253.467787053691438359 78.156031591353325894 258.199828991491187935 78.410699742000900869 261.336426579027602202 78.668940701437207963 261.424723464208909718 78.923193077827477282 261.629996485840194964 79.186510242100368373 257.168486113882522659 79.468795458732131465 250.352889798359001361 79.768033486982446334 238.603673928863997844 80.094424946515189845 224.460570219265150627 80.452510832286975528 207.122246889154524752 80.858592258812819864 182.412378758905930454 81.131362554358361194 149.760174614184620623
13.875000000000000000 75.005014264374977984 136.946023420628307576 75.369377267792458497 159.400171023986160890 75.762563201336163843 177.454980875853493671 76.130379003614862654 192.343303528185884943 76.469905665264150230 206.518965947451846432 76.785256654925248654 219.471172645236066501 77.079865753256143535 230.884192499749701710 77.353415371728985406 239.945075139191317248 77.620849857091272384 246.861496669099864221 77.877907197285267671 253.450079994865092203 78.128609094261292967 257.895621369864727512 78.376698028093301218 260.754365464981390232 78.625822291765487648 260.922732480197055338 78.872727779016699401 260.682168047979757830 79.129721752929825129 255.632388670655785745 79.405287918208045994 248.503168558637128172 79.697789737582340308 236.505614757009283267 80.018801165133780273 222.518889217732464658 80.373754843855181207 204.982355997139706005 80.780695924880731695 180.967133380368466078 81.032735976862326766 148.867643284474269194
14.125000000000000000 75.009825204154111589 137.172529369759189422 75.373801233716491765 159.414822945791826214 75.762590566766235156 177.186232762641964200 76.121673268112488131 191.793155626131266445 76.452180159668571946 205.843313651489211225 76.759712610632305996 218.358204191480240297 77.049787808087515373 229.563844983129342836 77.316570368610129549 238.023251084839671421 77.577104807675212328 245.421158008927932315 77.826503127358009237 251.617376535187389663 78.070917800045279478 255.931935730231600701 78.313377162542934684 258.364239588953751081 78.556590693269512826 258.881182232515698161 78.797889885520561393 258.241249887834783294 79.050818008456161579 252.557425355648149434 79.320273946723901304 245.636425713851139108 79.608969499477822751 233.672706352216351888 79.925103306958504845 220.485319600967983433 80.276154553485270071 203.228988735423655498 80.683399638230127948 179.651387538494674345 80.906401618678060572 148.162107880539167581
14.375000000000000000 74.975047047446466308 137.105573210584424260 75.341646949836757585 159.269987697450090991 75.724777886649533798 176.688952405066771689 76.077309165223468312 190.799892720790580825 76.400601670131280230 204.131749713966172521 76.701220120650646095 216.869328804556431578 76.983653379736423972 227.542364207422650679 77.245303088988777063 236.472779051766252678 77.500799869526034058 243.414502795062190899 77.745676746331966456 249.853251122091251091 77.985658598737316538 253.921561383826087877 78.222754532047972020 256.783003585243875477 78.460830031123478534 257.392141059345078702 78.698212727304820646 256.619312097523732064 78.947032356847415713 250.287491933424746549 79.213327015984575041 243.250789869865286619 79.499198318742529068 231.677256225151353419 79.812834600873699742 218.373247619771490236 80.162541280885719175 201.252069823956816208 80.570249576317010565 178.103827371489870757 80.779237215765888891 147.362809630405848793
14.625000000000000000 74.927150596867633681 137.305153053822891707 75.296813672621752289 159.480475219501016682 75.677884279050772420 177.142051470891090048 76.025245871828900590 190.575171158804209881 76.342077326399788717 203.880289455960337364 76.636241673562594201 216.083507870059577272 76.912672023906807794 226.443870509314336914 77.168978100569802336 234.862992981154832250 77.419945642893694071 241.370680176154252194 77.660692894818680543 247.574090643122531219 77.895325032665482468 251.653195156771829488 78.130457233924275329 254.745222145190240326 78.365467889705087146 255.094611253045655985 78.600352564129565280 254.604180847889068673 78.846596631773095964 248.240002657467897507 79.110616033923932378 240.965999003856865102 79.396129391853222046 229.258897637657554469 79.709062399035545354 216.325686319416689685 80.058843632981705696 199.402495776803391436 80.468853114942533011 176.838314027787589566 80.655957459089961503 146.474165370286755206
14.875000000000000000 74.854666538703668266 137.380414219173758283 75.225486739914884993 159.549676873633757168 75.603512961006188675 176.978581286243183968 75.945447232730728615 190.961233891661095186 76.256985516061448038 203.729972694500730768 76.546107781027117767 215.409082085799497008 76.818358244483718522 225.099457776540901932 77.070735978354647955 233.614111919901944248 77.318356260246076772 239.648774922964690859 77.556187156435868246 245.578849301288840934 77.788147105559872330 249.528936412306023840 78.020915519615243738 252.559047894632868747 78.253406437902839343 252.590708074749556999 78.487795543162036438 251.456901560370170046 78.731874967791057429 245.434759109624422990 78.995542246924088658 238.336049766580003961 79.279563620661107848 226.805578696320253584 79.594168189949442649 214.523579276735489429 79.945532746871393215 197.499939657573435170 80.359654495805926899 175.344644172077437361 80.522674105558891711 145.985612454192136056
15.125000000000000000 75.025729963009169410 137.411286084982407374 75.390243310362464513 160.199355516892353535 75.763883676865745542 179.758702178897948443 76.097430282988213435 196.329196300515150142 76.395283891599092385 212.099461691459111989 76.669709177086943441 226.907453016291299264 76.925861548277268298 239.785578516051799625 77.164521882392932639 248.880229418540579900 77.393787046692182230 256.929733778814920697 77.617366864296059248 263.899494615510320727 77.834228374041074972 267.711896259896150241 78.050436634449297912 269.503583180111547790 78.268665238129301542 270.457060952748577165 78.488359304107248704 267.921807739942039461 78.720036064194886194 260.892387461853274999 78.970181565038302551 252.085494063885448668 79.240688491650516312 238.585006063739712090 79.542496617638533962 223.395023806698247881 79.876650354997508430 204.068504400359870488 80.270405801780867705 178.364335213708187666 80.468894603590655379 147.399611633806017608
15.375000000000000000 74.869809690090306731 137.801653428150217451 75.242487951993183515 159.453312397224181041 75.614700791957432102 177.953328872392972926 75.945141841595955157 192.637952309592748179 76.243219576552604622 207.124412319389278991 76.517342756374631563 221.295927954784417580 76.773686528396112294 233.256080500736999284 77.013471462634512932 242.390443369775823612 77.244427573004443843 249.862708157146784060 77.468901488151146850 256.922701204361658256 77.687928875756256275 260.385761700017837939 77.905112953717846835 262.759243672400089054 78.124727972797060715 263.919388082158150155 78.346000114535712555 261.802074784781382277 78.579449898699891719 254.523931734585488584 78.833891210616016565 245.915171932961101220 79.108709151976015050 233.857553812175723351 79.413635457544472729 219.368741022680694641 79.752520021002396788 200.896752393196180719 80.152756528341257081 176.851520307582262603 80.328520838593334474 146.003327279312230758
15.625000000000000000 74.694059560576533841 138.469570961766976325 75.075009827701293830 159.569735479123977484 75.451002957330871368 177.735343917171377370 75.781473843866763218 191.111346885461699685 76.077773005494265135 204.464529057083694852 76.351395559739870578 216.821998496245612387 76.606990847578856574 228.343149732522363138 76.847002256038578594 236.384330371843276453 77.080483228677437069 242.930021547673902660 77.307382102625496145 249.563294681038826184 77.526778785138844796 253.193258275632103960 77.747712859819117170 255.522469324959700998 77.971397466327630354 256.884753422179642257 78.197224357679047557 255.532290998069726129 78.434837010107727906 248.421951337533442938 78.690896913697557125 240.285563369344799867 78.972720824219010183 228.238544194422729561 79.283237490108746215 215.061970003933907947 79.631470334712432191 197.586155432351688432 80.039373748266086750 175.313941612209504228 80.176562779764182665 145.680672163572694444
15.875000000000000000 74.493914821437428486 138.521436052095680225 74.880787162717666661 159.441359991070129354 75.257982035839276591 176.559187590575902504 75.587724840835917917 189.752854983862818017 75.884211721486778401 201.529837425399108497 76.158806354644013936 212.363367485891785691 76.416615164371023639 222.217091474446874599 76.658394937207560815 229.709391204347554094 76.893771852524281485 235.413905332146384808 77.123761656617162430 241.966866395807272738 77.346534198162061102 245.138482587036037330 77.570916437153485390 247.605386963424507485 77.797745970991712738 248.394859682301046178 78.030721880883234576 246.251387325926600624 78.272830209193017481 240.076659173487996668 78.532651752881619700 232.585126107095589987 78.820143306098557900 221.687187568127228587 79.138549034866102261 210.028125140723460618 79.496583688451508465 193.412911280113007706 79.920029237062607308 172.692817004785752033 80.036189446295367134 144.607706429242881541
16.125000000000000000 74.264809182991697867 139.004812838892974014 74.656755582284091588 159.496165952071123684 75.032506832242006567 175.620028671655717289 75.358657889224900828 188.006570206304985504 75.655616742285246801 198.779006514383326021 75.929618215791137459 208.253047436719384677 76.188574215091563246 216.916062141980006572 76.432938562669050953 223.126141283235767787 76.672628848959433867 227.684107159711061286 76.907034950588226252 233.270640961141680236 77.135041940132396121 235.064737911012315408 77.365117397608813121 237.571756264574389661 77.597508242360447639 238.199645184010108778 77.837870447733465085 235.978482461821073457 78.086335731480374989 230.201168890844712678 78.353591550570968138 224.713694333232695044 78.647571951721303662 215.323159684233132793 78.973203138839579651 204.970476157020328856 79.340038841549798576 189.661881802047616929 79.778775605225561662 170.397151496072012833 79.869629623689021969 143.317583038928205497
16.375000000000000000 74.011676829739187156 138.924443595474912172 74.407972145238545636 158.399049905599468957 74.782514926552167367 173.533682285230582920 75.109124709909963258 184.697956272337307837 75.405385146575127919 194.747966930710362021 75.680771215966018417 203.574645142401408293 75.942080510283275885 211.050878766531099018 76.190283646382553684 216.418218669402477872 76.433371871139954123 219.705213630627952170 76.671839844848022949 224.882226143564764698 76.905013962733207222 226.386361642366324531 77.141168667070985521 227.346845485616398719 77.380265869851314164 228.248105995193867557 77.627391398857255922 226.273338317594323144 77.883209310639259115 221.387181429876449101 78.157924187204045552 216.221824982872306009 78.458726134617890580 207.525121869847993139 78.792487847176417404 198.877154379405254758 79.170434224589740779 185.053901996598483493 79.626449116392663541 167.870456204694619373 79.684162298724530160 142.828834498009968001
16.625000000000000000 73.714927783916436965 138.734634236273478791 74.114593356103284805 157.191107236124679503 74.487752974751771262 171.121198874050548966 74.812356815292730516 181.434469181601201626 75.109006294665320524 189.682517631342818731 75.386314515244549739 198.070595233870989205 75.650206050273297365 204.288288597177256634 75.901054288981271156 208.579417540633386352 76.148940817938935766 210.661403261127247788 76.393104348050087538 214.877839752348478441 76.631930501859358174 216.507719121219508907 76.874888536147523155 217.002845329364561167 77.122195077866379620 216.832477109381528635 77.378015894519762696 215.164832522607241572 77.642336329370749581 210.797421851405204052 77.926227854871413570 206.410415220523503876 78.237485509652927362 199.004919734404012388 78.581865060757934316 192.114373945639925978 78.974974217386417763 180.185837855359579862 79.447854042757313664 164.915840460166634784 79.469684531852195164 142.694626432351213907
16.875000000000000000 73.404877858514268496 138.512501118364326658 73.805505961338312204 156.474273260490633675 74.174673902033433137 169.409113639086370995 74.496569372258761632 179.343969279260250005 74.791903390317571620 186.458264466187927155 75.070197503517846371 193.709924804987650759 75.335708376395245978 199.459720520393659626 75.590506418324594051 203.363167126635346449 75.842333081349337931 204.501438621980639709 76.090417030832583123 208.144962947804998521 76.334530741424075018 209.027600054763752269 76.583363132683430763 209.005765531126684209 76.835804971497381644 208.313052035747034552 77.098995546598217743 207.565543351354364177 77.372034129951757109 203.210901789470824497 77.663884296209246827 198.990010892003965637 77.986429305315141391 191.546164801108346865 78.341084811022128065 186.517568457703561080 78.744773621766114502 175.813720864145182077 79.233660735816002330 162.737129903394389885 79.231655540092901902 141.564363846919690104
17.125000000000000000 73.061698530847593247 137.963472664018695468 73.460525624097485320 154.955101085845882380 73.824819249685447176 167.305541345106519202 74.143831486568089417 176.184906386508799869 74.438998298655363328 183.079853664455470152 74.717298501608823358 189.640277083200970765 74.984705248595830085 194.812136361625420022 75.242408445303894382 196.909178879238140780 75.497480569796039163 197.770313969681012622 75.749372661265326201 200.704055569340539478 75.999072171708149881 201.496831029247488232 76.252997479435094874 201.443642858961709408 76.512237402296264577 200.781928855787072052 76.783229532167382558 199.998967651382571376 77.063984354751468686 195.598893912720825483 77.363500680255469888 192.354222230037322561 77.695299365522629387 185.536275485931327012 78.058293465361444419 181.587536957150547323 78.473215191509609667 172.114611653935384084 78.974391415188364363 160.491356237163870446 78.959006507115844897 141.204221537346967352
17.375000000000000000 72.706520176900326646 137.176919150986719842 73.105165302152883555 154.008429554424253638 73.463352949176609741 165.626067838714334357 73.780438808084497282 173.899569996023330987 74.075265927408253219 180.176821128133070715 74.353863395705403150 186.259088416612485162 74.620973280847792353 190.712769724473957922 74.879693985123012112 191.994414078464387785 75.137084662946534763 192.133347686378897379 75.392906456543457239 194.923830002109411907 75.646933936103522456 195.269671027664088570 75.906201544321447727 195.137404951060773328 76.171344896051152773 194.110637235769331710 76.450143925738458961 193.665906247485736458 76.738162555888592919 189.890252618178124067 77.046834569149922345 187.021568822365793494 77.384483857108037341 180.883533490721077897 77.757818034413077157 176.672068474850505027 78.185280270857106188 168.472650604960648479 78.699765749076249222 158.371903664217228425 78.687011844898066215 140.780904829739938577
17.625000000000000000 72.336916696828410522 136.864125885302200913 72.729432023443209232 153.056650503406359576 73.084820962409551726 164.449680518972257914 73.399345516727606764 172.659078440193695769 73.691134973743601222 179.187362623507596027 73.967161218660805844 183.963964649841045684 74.233013040122557413 187.913988311256161978 74.490894874297225670 188.085347384879270294 74.748388495027768386 187.445610863786924938 75.006860457391354657 189.375468784911845432 75.264592670773666327 188.988176977902554654 75.529883441077657835 188.342470671521709846 75.801807366652894871 187.051469524619363938 76.087350055828935069 186.269581798350344570 76.383603980547974288 182.965787363595268289 76.700383847767085399 181.102421644222204122 77.048677270643025849 175.252950014342815166 77.431084716947196966 171.993467693130384077 77.869504661562785941 164.970217326851070538 78.397846744733527657 156.337138028523014555 78.384066034682390978 140.885553285868383000
17.875000000000000000 71.966703346457634893 136.361500028199742474 72.351094683466556035 151.667507686059337857 72.698501746816674540 162.050907602849520117 73.007320261836241571 170.575791422479795756 73.296313768918579967 176.631765195873498442 73.569305550027038976 181.182114401604337672 73.833430915589303822 184.612989653449432126 74.090809262653223755 184.440599629262209191 74.348216688949136710 183.507484103873423464 74.607467412652468397 184.070798347961869013 74.868685024399709960 183.401099430983265393 75.138257056808839707 181.978824821349860485 75.414748007833495080 180.169979198652640662 75.705986852758144323 178.787129576485057214 76.007465664894795054 175.385935847691769141 76.332589922498740975 174.229246621381065552 76.687649595029782290 169.011742162362139652 77.076853681459837730 166.399523335323038964 77.525005173886611942 161.178685449772672200 78.063739182234172631 153.773420160945249791 78.056478066346898004 141.362793693297987829
18.125000000000000000 71.597964861975029294 136.063168498652686367 71.975075122353317170 150.068931892654035209 72.313816119919820835 160.391556430289256241 72.614874355682104579 168.038263053781150802 72.899533782067791776 174.018329385734404013 73.168389588211567798 178.084072160165561627 73.429275185144902593 181.748851201693156554 73.685893930768216364 180.971654791692060371 73.942954697032874378 179.937542964875774487 74.202411168290694832 179.944030874168902301 74.463614822652871794 178.572481208325370972 74.735211143655149613 176.390553981863916988 75.014196550816606646 174.558438065145480778 75.308489741552847363 172.960395833905408836 75.614278522506850777 169.605805659090634663 75.944210984087618499 168.439581289339429304 76.304161960221534855 164.082860681341742293 76.698685588364682530 161.767481378730167307 77.150369977098762320 157.231782920319687946 77.691193838172367236 151.813772564192902337 77.702724825689173827 141.303094798434216273
18.375000000000000000 71.244826733150702580 135.604366173567001397 71.611836989982933233 149.077586903918444250 71.939996165731486144 159.439928252083660709 72.232080583263822859 167.075674413587421441 72.509632305512539574 172.913643048260297519 72.773208189276402891 176.252109378381732085 73.029658433927906458 179.430331443067245800 73.283760178690343423 178.590212847503352123 73.536793535933668409 177.970986605251766832 73.794769377779289243 177.736835619314888390 74.055133643258500342 176.180489479325331104 74.326642344540758245 173.441345334848904258 74.606626897005241972 170.924922189206569101 74.902310155502746625 169.157481398676196704 75.210947717586947192 165.624798345511976549 75.544293397086690334 163.699084426820235194 75.907789657175797515 159.592390135592921752 76.306752296040997408 158.210702467808573601 76.761025671469553799 154.236391315047825401 77.304681651788968111 149.892853547868668329 77.336752931038589054 141.101710943555929134
18.625000000000000000 70.908270534445875910 135.201866264784428040 71.265315228544466208 148.230808579272604675 71.583908945960530446 158.197823763097403571 71.866591640468413971 166.097587860925131054 72.137381021412366522 171.593179285800232492 72.394333168598933526 174.677004996069712206 72.645482197140609060 178.003144464803568781 72.894689710266462157 176.691335400387544041 73.144074307618780040 176.448260011030100713 73.396955480107678227 175.634476895154364229 73.654643021811509129 174.070151610800792241 73.924283378030096969 171.452731958256350708 74.202016738714604571 168.908997236990529700 74.498327797149173080 165.956832382065243792 74.805612079529566927 162.900510172456563396 75.139278583883708507 160.729261982049933977 75.503180152054326868 157.285047067519144548 75.903348478703122737 155.897039548477351900 76.357707339792085577 152.399242885734764741 76.899613146371265771 149.037561993809646310 76.956926184696214932 140.763611914446840956
18.875000000000000000 70.582986904597859734 134.750690734104011881 70.932169347835653639 147.602157134978597242 71.241110877544329583 157.631945305238758692 71.515693619860698504 165.454178772556076638 71.779683360253272895 171.396962802032618356 72.030098924552007134 174.501206268315684156 72.275424791261073665 177.854067586566316095 72.518294253789193249 177.188595325330112473 72.761305539818508237 177.448914139978342064 73.008990939937106646 176.284133449078410649 73.261692086680469060 174.574839894640092552 73.527099208530358965 171.945398350347772976 73.799607162802530524 169.325148695712840663 74.091970884687356147 166.432732577002440166 74.396018225903191023 163.013282496286336709 74.726997685822311723 160.732316813650129461 75.086628607928616930 156.997276460148924571 75.483188658079427569 154.670340927917322915 75.933910190946363628 151.066037495397097246 76.472251831586561366 147.984210521468071420 76.560606022162303930 140.087944543445786394
19.125000000000000000 70.266767769830281054 134.127927755034903612 70.610918028237080080 146.138790523714277469 70.913524665905100619 156.388747116438906914 71.181661123025421034 163.874403400208137782 71.438758396420894314 170.586213777178159035 71.683324249642481618 173.948597094333763380 71.921620318798588301 177.309928902128518757 72.157287947106993897 177.181265327599049897 72.393413905689172338 178.286224260668973329 72.635216612161343619 176.524314174693131463 72.882647670339906654 174.743782938885857448 73.141961381208673743 171.945417475183745637 73.409117859191468369 169.197581802925043348 73.697414512431251410 165.212299940070863613 73.996128814346235458 161.807098356006065387 74.323389818360809045 159.764595873494556599 74.676742301220116360 156.290562026957729813 75.067092258539588556 153.332470656231635076 75.512235764025390949 149.729889654418059308 76.043625491966722052 146.420581374210684089 76.155917373970183348 139.712591594951874185
19.375000000000000000 69.943666695964381574 133.734868138220804212 70.286934555066821417 145.731767089236569745 70.585098266991835203 155.992556635059060000 70.847907703831197068 164.151475264278900568 71.100118465656052535 171.368688695278365230 71.339692995680664467 175.206160196314272071 71.572704355842901691 179.085022171146704295 71.802100742990361937 180.019662340138467016 72.032256046870614341 181.040449438179848585 72.267760070775352688 179.124153309926185784 72.509458731542238752 176.893601194315920111 72.761966600967141972 173.321863066824676025 73.023693068904691472 169.898422505528344573 73.305206047779265077 165.733871675061095630 73.599695062863844441 162.306120368620099725 73.922565045703180431 160.380360435238145556 74.270325331464576379 156.673675298449239790 74.654845310010330195 153.509163416651858824 75.094245004285411937 149.183132083775177534 75.619043852295334318 145.555066213810249565 75.754663936399495583 139.277713839355783421
19.625000000000000000 69.653322849088226576 133.845815060734679491 69.996723462003245686 145.268069793597618400 70.291264156118842266 156.044362360289596836 70.549462567456501461 165.288059121418314135 70.796448724396796592 173.367030669702245405 71.030418367474325692 178.137552607341888233 71.256800539165567443 182.965860853596097968 71.479644418412334517 185.279665352925434263 71.703011587453076459 186.717581180295837839 71.930580130200112876 184.401573700866805439 72.163112042443941618 182.411725119632052383 72.407710556154327719 178.807410993414123368 72.660904337224195615 175.258835459556877368 72.933732901914737567 169.825794159677428752 73.220008408722705440 165.997012970937618093 73.534114798457508755 163.616486807623914501 73.876000333089720584 159.136065504590533237 74.250030179593679236 156.010356004187457302 74.679073327851952513 149.861372998217376562 75.195777813289055302 144.960990353691329346 75.364594353647504477 138.925464962675476954
19.875000000000000000 69.381526034631860966 133.568622159409784445 69.731070445427036475 145.255618177357916920 70.023716264337778625 156.633563092373606196 70.278327786360136997 167.091673106238630453 70.521055590902520294 176.123780156791269746 70.751626089204066261 182.562895628155956729 70.972712202835523954 188.754052535679704761 71.190046558438808688 192.655741611864215201 71.407011028820022602 195.410216727527370040 71.626472542522819253 193.688770231174288483 71.850486749943769382 191.740675170954830264 72.084856597072075601 187.846114931997078656 72.327670038923798757 184.661162617277625486 72.589254116514453585 178.571757971336069204 72.865562927916997182 174.618446023286765012 73.168247018808230564 170.774343543222215658 73.497094136269382147 165.832786256724432405 73.859795561839447942 161.233651852392029014 74.275428278186439002 153.315306421125541192 74.782749862571549215 145.746448971457539301 74.987946019291129574 138.414479181418641929
20.125000000000000000 69.124724560875861812 133.521777242991845469 69.481080618092789791 145.782357533812557904 69.772792697614164581 158.339474039114861625 70.025800541704128932 169.896715792656152644 70.264846743743063939 180.469584516533899432 70.491908923361421557 188.276933122146090227 70.708503029034275755 195.794074905709265977 70.920766501192773035 201.514383224624680224 71.130965117412912946 205.198344839115492277 71.343443672305610903 205.066676777341200477 71.559488514734226783 203.687020883690763640 71.783676347402632700 199.825832267230055095 72.016328913021112612 197.298281376117557784 72.266314304756804177 190.265297177316000443 72.533043596762965421 185.644655599494342368 72.823139613090674516 181.011250411206958688 73.138584295482374387 174.911198261885772354 73.488596717724092855 168.885140983064871989 73.891831872666756453 157.991817580112694941 74.392321412451622109 148.274345458732369707 74.640623996667414985 138.068160358901337759
20.375000000000000000 68.874903787400924671 133.396076196443772233 69.241985999444565891 146.646840294171141750 69.536505653294611307 160.321305301937201193 69.790934424412725434 173.544144113446549227 70.027989384726851085 185.773917643499970609 70.253115213110021386 195.583901852516959252 70.466360657223191311 204.557900224599336525 70.673904816177639532 212.079528796697900361 70.878163552060087227 217.284933046617595664 71.083337083932718770 218.614211394095235619 71.291994243110494267 218.388682638664761271 71.506885796478456996 214.860284622958801037 71.730039561918175650 212.714834001281701603 71.968222996915471867 205.968669346481817684 72.223534301702926541 200.138123503212796095 72.500943322643934152 193.770892205789607488 72.805505518115040786 185.557741978875810673 73.142868513768462435 176.850339823118986260 73.536685317433963860 164.432932104645573190 74.029837312805824467 150.520416329267249012 74.317280119695965368 137.766270912815457450
20.625000000000000000 68.648791008946702163 133.801761700571915981 69.029576302592147385 147.970396551268237317 69.328901987854209210 162.845997831051619187 69.586316925584668525 177.562914675749482285 69.823881839794339044 191.651036574868214757 70.048308137364386994 204.359487876503607140 70.258959701240783602 215.382272796673078119 70.461957903495871847 225.176542446403999520 70.661504734924307058 231.020866509287685631 70.860021424341866236 233.848020578218182663 71.061227551600566699 235.009354919839523745 71.266683847656750572 232.019528628489183575 71.481206486375569398 230.093951900437275526 71.707644862133676611 223.076570006457529871 71.950574192558505615 216.195427252353141512 72.215962413841580769 207.881889581818199986 72.508317735083835487 198.298999678396455693 72.833795311258640481 186.465751264813604848 73.216421872246669977 171.685708874536516078 73.701547122588891625 154.369215075395544545 74.038684401635947552 138.142957171517224424
20.875000000000000000 68.426938129016903645 133.714669161987103507 68.823658279104932944 149.069057935750834076 69.128757161227795791 165.550167153249020657 69.390307280308618942 182.102625607790912454 69.630048757317851482 198.685065466996888972 69.854405259355317526 213.710996152508101886 70.063475296815354909 226.323793037957443630 70.264000398898929234 238.498919229447551515 70.459501962457323998 246.117365818663955679 70.654333112734818201 250.355440620494505310 70.848456388516822813 252.026167305658304940 71.045140841324581515 250.494969174498606890 71.250814886765212464 248.300228622150086721 71.466204821764804933 241.194262610955263426 71.699132431595600679 232.924870955179500243 71.952913535582084137 223.361011845504521034 72.233563964424192250 211.478643207665953696 72.548031776162204665 197.024365688015620890 72.920432669945569160 178.970944062408960917 73.397700513195474059 157.854894266420444637 73.768630656952467461 138.261752218688769744
21.125000000000000000 68.218534015297706219 135.126969942419066228 68.626370241244273984 150.991235045235526968 68.934007997186384387 168.535364900748817263 69.197836836067097011 187.244923464534707591 69.435520213257277078 204.745138886971517422 69.659501742556045656 221.153945697843596463 69.866024219141351637 235.811664912902244851 70.064007575674409622 249.434557080415601149 70.255542862825720363 257.353399585198985733 70.442939601316993503 263.069744844999661382 70.629426139420218078 266.323471577985230851 70.817990724970343308 264.176268495568649541 71.015821037645082470 263.345324452500790358 71.219165224501224998 255.544417769757131964 71.440277833909590299 246.284410469734297067 71.682781032397613785 234.269395601107987659 71.953471703531633352 221.580063429805534270 72.257382468849797874 205.530467865151791784 72.617760687661487395 185.338072908102901692 73.092929901501904055 160.432566925955967463 73.518759940967299826 139.388535744563881735
21.375000000000000000 68.025973420766661093 134.641469200941003237 68.453871041679519749 152.697143328077686419 68.770797740855698521 172.633206598087781458 69.039667426224539781 193.839497404671504910 69.281606684030506926 214.566631687040683119 69.506544858608720006 233.906647918469786873 69.714309713068217889 250.357162021745352831 69.912369389684172916 266.678947044069786898 70.101859798517807576 277.016278122142864504 70.287318038033660628 285.710462346080987572 70.470044144525502361 289.820666856986690618 70.650298898573169026 289.873181966908987306 70.839668662814261779 288.838078079189074288 71.031915981133892046 281.323044028630135927 71.241404425717973936 271.081135129291169505 71.471613717645880115 256.416031106911304960 71.727936843334504147 241.267350411587869985 72.024581037716856713 220.965735533155338999 72.375816514759975462 197.487393150080322357 72.844556479420504047 167.982734356156640843 73.296604104324728723 139.786946611083862990
21.625000000000000000 67.836746896328662615 134.264087258878618059 68.287086985559042773 154.796063722065269985 68.613922699003893513 177.572914593170139597 68.890290519058297036 200.969746428812015893 69.139506926295524636 223.916144821400934006 69.368221494395129412 245.587301693001364811 69.578731538699528869 263.884189226940918616 69.778090411448673080 282.517924154984712004 69.967147999391585245 293.988834641545508930 70.153542139544427414 304.008797646753805566 70.334617460238732178 310.578469908046145065 70.511868137380290023 312.173594729722026386 70.697642680218137912 310.613505873642168353 70.885348143767487272 304.715150572760023806 71.087223684667932844 292.092068102325924883 71.310734331995732305 276.709995815467493685 71.560203793353821311 258.893771512724129025 71.851758860936087103 236.099183769546471012 72.196884379138282384 209.855750364063055713 72.662136293053976033 175.914717585236900277 73.151373257237437997 140.264626247582071983
21.875000000000000000 67.638219395573841553 133.916517533936087148 68.109771697076212149 156.169956380507670701 68.448009782029799908 180.458688191198717732 68.733663284671010274 205.908847410302428216 68.989787095442835607 230.659931341404870864 69.225173295674835572 254.245056283335259195 69.440187972178179621 274.701735307347064463 69.641933484280954758 294.163328214870887223 69.832798547664808098 308.146591339225210504 70.018767703409778846 318.906780086501896676 70.199440931740170413 325.739023810175297058 70.376879834194724594 329.599567675358400720 70.559518314611779033 328.980456765317342160 70.743632156799677091 323.713778806490552142 70.939074808492350144 311.997150641650250691 71.157632762472871946 295.217656449724188406 71.401557861891021162 275.704806090202907853 71.689235129980005468 250.227142649295387855 72.030342993267510110 221.563078863583001521 72.488142627778472615 181.637022120952138948 73.006076285943166226 140.103652437957407528
22.125000000000000000 67.463850240173229622 133.208478337968443839 67.957517245406208417 157.499353460322595311 68.308357196896309915 182.983008644804868936 68.603446685104231051 211.167117251548489776 68.866219130203759846 238.289522896297910393 69.108165568821618763 263.955849096879319404 69.329964290808732130 286.391096837586701440 69.535857430229810916 306.821365172466187232 69.729588294379496460 322.734164242618419394 69.918956308388814591 334.367959240303946444 70.100828861388606583 342.112257849053378322 70.278632691389532283 347.500061312665593505 70.460659964675159017 347.739369693117055249 70.643089049384798273 340.947311151043720656 70.837000457607501858 329.084256331782171401 71.053309295685821212 313.192851189626878750 71.294059461949700562 292.107215482784397409 71.578212715114972298 265.861098509987073157 71.916741972403997352 233.645090757400225812 72.373234326148988771 190.834850744675804890 72.909397923336356939 140.211009685761951005
22.375000000000000000 67.300724870779006892 131.968205441056710470 67.812158712963849894 157.495660659384896007 68.173597925400301278 184.327072194630829927 68.476188810545536967 213.661492087386449157 68.746059918503505060 241.600629034168775888 68.994628421233343829 267.711703191934645929 69.223130584357136286 290.820658336603798944 69.436402652004503011 311.721118164517918103 69.634074004540693181 330.265651856997465075 69.827072032418541880 343.231782083585642340 70.011225967356850219 350.854024661126459250 70.191047307653548160 357.631228667801678966 70.371801286469846559 358.363796299998227823 70.554503127949899977 351.665981978277272901 70.749014117448965067 339.927381101881678660 70.963986917218662143 325.912576202491209187 71.202706423471326502 304.026329999828078599 71.482288769420705421 276.931630641202389143 71.815664607479945403 243.397627841923593905 72.264880018462008593 196.118167501596730062 72.789380774364744298 140.407875772532520386
22.625000000000000000 67.136977578490444785 132.508661401345676722 67.662372029083101665 160.033043398355033560 68.032877538267769069 186.661428914503716214 68.343543790991034825 216.196738867016819086 68.618950197002078539 243.720339731248202497 68.874677451304606279 270.130716340530796060 69.111111015926894652 294.153771727890386956 69.329752635919120962 315.410243798258761672 69.532815440218342928 335.461874890019942086 69.729684069434924254 348.797523227297631365 69.918701517574774584 358.695897529402543569 70.103150213642294375 365.180948507535902081 70.285203071609245740 367.116748660304722307 70.470901769245386959 361.463503352329496465 70.666460730868237761 350.508850876709686872 70.882199731599754955 337.431998091621039748 71.122985507482397338 314.817160449965911084 71.399248412251949958 287.395895568688558797 71.731523673973072164 252.774638703863274714 72.174529797034765011 201.987814551664058627 72.711367319735032311 140.873026977339719679
22.875000000000000000 66.979628876125516967 133.081215010915656194 67.514894367725432289 161.272791204384446928 67.891520128273555201 188.266173499847781159 68.207317674481657832 218.023074487806212574 68.484950117642426903 245.874805453384027487 68.745368846425208176 272.163366546804752488 68.987983729248881559 295.841936978909643585 69.213147793837066502 316.672210415847587228 69.423123082073914247 337.566550519587337931 69.624402199140888570 352.664934104495614520 69.818313791461477535 362.719094540757566847 70.007437604693095068 371.777992550558963103 70.191944878959631637 375.632553588299629155 70.377789392113200506 370.552163303604515932 70.571389638683399426 361.002770021984986215 70.786268204267599913 346.877939169671037689 71.027253692801195939 323.992783823259173914 71.299912502501868516 296.335418705836389108 71.629337231283088272 258.650638337275381673 72.071615686192401995 206.491117502106959591 72.612658600032759182 140.965130135695659419
23.125000000000000000 66.843722857057798592 133.730806866560726576 67.383591513333868761 163.121459691635266154 67.764384902099649821 190.549875777614005301 68.082134852742626663 220.185027125897420319 68.364013013259054219 248.021480838749454279 68.625777585954494953 273.946831371024416057 68.872417617974221571 296.800012226267085680 69.103096467120948887 318.072123645407771164 69.320462276340251151 339.345246428652274062 69.528422038164336527 356.580955619674284662 69.726976379093400737 367.760289801307919788 69.918852144325427389 377.189431395116173462 70.107496933862421429 382.106785519497577752 70.295518082229378365 378.626050546978376588 70.490978407147835583 370.571118745894466429 70.702709102574431199 355.435047648656222918 70.943829531893612739 333.263952136333330145 71.213559379694615359 303.145479387583691278 71.540698540638572922 264.736661367882049944 71.982595083322692631 210.653721711062587474 72.535180566437901462 141.172478637032497772
23.375000000000000000 66.714564349660193443 134.557373920796379707 67.255057560518494597 164.856796986379009695 67.635789652620218249 192.655185422105233783 67.955239695136768319 220.341738272432962731 68.239008086139378406 246.575231548497271206 68.502889540011679514 271.898270982238386750 68.751384420212644955 293.508576461616257802 68.986928081500593635 315.397673892007958329 69.210904398172331753 336.046018585046510907 69.423905887204668375 353.869804479930792240 69.629331473815923914 365.948292863879316883 69.825340481207888388 376.420523740987334804 70.016910742765219311 382.445733074205804769 70.208758194065595148 381.525634711842826619 70.406812909050714211 373.896061229075485244 70.618563604562737623 359.609365825395173033 70.858972864763600796 338.695915303245044470 71.129850700216820769 306.862800466337887428 71.457399831884814034 266.915583148750215514 71.904658806856787123 211.738094429931123841 72.465413461054865252 142.282623412743276958
23.625000000000000000 66.580890379712599270 136.003785826126403435 67.119296733047846715 167.025922830618839043 67.498128357945120115 193.969023541009562450 67.817360103966706220 220.875898952918788609 68.100760499234894496 246.069153633889470711 68.365401165419996232 270.207061516520752775 68.616894998585763688 291.621644874514515777 68.853980524173252320 313.076026015377408385 69.082677757013982500 333.649771358766997764 69.301612134842017099 350.753769605333843629 69.512666080061791263 364.046964760436480901 69.714030228029869818 374.748060927330698178 69.911303444347637992 382.463459728086604628 70.107987868651605368 383.122624804538304488 70.309154847884272499 376.312088829601350426 70.520173151592217664 361.779821937784902275 70.762956482009201409 340.455550899394438602 71.035246338487695539 309.114651927246654850 71.364067544682740163 266.626148180445682101 71.821661795507722559 212.418193375889160279 72.377987118826325741 142.888547159343914927
23.875000000000000000 66.474279593700771329 136.277687995975838930 67.002580151075818549 166.724110816078791686 67.376155247764828005 193.844725607716128479 67.690779974935537666 218.503074161269410070 67.971800293189545528 242.849426944697825093 68.235506739924247199 264.986729851527911705 68.485731278982200365 285.568927167865126648 68.726315079639704209 305.006769267676247637 68.958144743382419506 323.957522911131206911 69.181549708785624375 342.563136517299938077 69.398148687247555699 353.119205296864038246 69.606295346248160172 365.740561246136508089 69.810430672883356351 374.193712458543359389 70.009781325766141435 375.966983413344394194 70.214781739667287752 370.167263482683097209 70.427872755765591251 356.201184576654839020 70.670959188844904020 335.178481963392414400 70.946950020400208814 303.062254474015162486 71.283674056732053259 261.327494153093596196 71.752819757094385977 209.436582563238204102 72.317311167046511855 142.492851097346914457
