# Index(['mlt', 'mlat_eb', 'ef_eb', 'mlat_05', 'ef_05', 'mlat_10', 'ef_10',
#        'mlat_15', 'ef_15', 'mlat_20', 'ef_20', 'mlat_25', 'ef_25', 'mlat_30',
#        'ef_30', 'mlat_35', 'ef_35', 'mlat_40', 'ef_40', 'mlat_45', 'ef_45',
#        'mlat_50', 'ef_50', 'mlat_55', 'ef_55', 'mlat_60', 'ef_60', 'mlat_65',
#        'ef_65', 'mlat_70', 'ef_70', 'mlat_75', 'ef_75', 'mlat_80', 'ef_80',
#        'mlat_85', 'ef_85', 'mlat_90', 'ef_90', 'mlat_95', 'ef_95', 'mlat_pb',
#        'ef_pb'],
#       dtype='object')
0.125000000000000000 0.004686624356001530 -0.043665143851326693 0.004016872638625245 -0.161598930966781046 0.003758741009180552 -0.225163959681647402 0.003552429080909848 -0.263369228338121153 0.003361363527526453 -0.274388626885782860 0.003188123532755154 -0.304318375982022105 0.003007409916229593 -0.304285451416352659 0.002822577418915847 -0.308225933754658732 0.002628722716575148 -0.306934153211658456 0.002413080167995195 -0.321548809683452286 0.002190953766520275 -0.334822871730035387 0.001957726405789323 -0.382421846789659348 0.001732659601833634 -0.431487356266481215 0.001510703690342114 -0.477030466146056265 0.001310359328554802 -0.503715887126349182 0.001115026349076829 -0.499972152992652630 0.000951079621335765 -0.485744973371856958 0.000787150194067843 -0.455889182595527298 0.000611581263470075 -0.389162401538007963 0.000423106783995043 -0.275461229076677971 -0.000537940308251325 -0.059146521466383307
0.375000000000000000 0.004604681784321950 -0.042950357666372840 0.003955585832838273 -0.159338307202913365 0.003718780520756678 -0.226097381528775759 0.003537293823001361 -0.260253444507878628 0.003369231305055082 -0.268758442501057793 0.003224619639290099 -0.296908316938891692 0.003072048710303659 -0.293272980133720051 0.002912182138716805 -0.293237207213379925 0.002739204122276410 -0.286933352779725814 0.002547438661890291 -0.294309582871968123 0.002343245775852879 -0.304101178489802004 0.002127214118936220 -0.338823466760551084 0.001914484855468395 -0.373346171389073778 0.001707697399561845 -0.411706275959159040 0.001513892560817490 -0.430335695528922424 0.001314704040444207 -0.437471013703481904 0.001148871379715174 -0.429511347318536907 0.000988893613145528 -0.410138031218832633 0.000825667538953788 -0.349352672119574881 0.000651659683598735 -0.248532408798800702 -0.000347422961935626 -0.061092679839549885
0.625000000000000000 0.004462136946853518 -0.043159311373808310 0.003848210955187632 -0.149682038846487730 0.003637923445468452 -0.220130252365945717 0.003480428286736409 -0.254008909219490597 0.003335687998518350 -0.263536859195559137 0.003213611295525051 -0.285670538383761552 0.003090427921970888 -0.280676169346701476 0.002955236220205139 -0.278928981704963552 0.002805582699478946 -0.272679430732226669 0.002649339612280452 -0.274050294942744743 0.002474298187954017 -0.283871133765065009 0.002284643034926432 -0.307832049967821930 0.002098038654959128 -0.330793689828721205 0.001908127545876971 -0.359910631049533691 0.001730251901689062 -0.364371045739764032 0.001541741681247182 -0.373359483294412320 0.001396371588318027 -0.376266453125274014 0.001252206268824586 -0.364630638977815835 0.001128129275898015 -0.312101003610491701 0.000954366300896403 -0.222314905151029724 -0.000002717627295729 -0.062679621139335159
0.875000000000000000 0.004313943143206943 -0.042244248263299207 0.003745146319481325 -0.142576192515800726 0.003555647031082233 -0.209505842408981374 0.003423684707331832 -0.247966454109530193 0.003307791343928497 -0.257016617696905647 0.003206771118238490 -0.276734477299895310 0.003109015032022164 -0.270039444252086036 0.002998217721717657 -0.267517501487545384 0.002873196482342496 -0.266304231325566021 0.002743101203961459 -0.259092444964961865 0.002589923070375956 -0.263587497894577860 0.002427272691470460 -0.283956527734886055 0.002265042392951491 -0.299089777390949274 0.002098561137378737 -0.321973566887686746 0.001939079293068295 -0.327674544798306322 0.001759859376043047 -0.331788578804514178 0.001633322106708378 -0.336685828262419828 0.001512289546821088 -0.321092790908875214 0.001397694921748215 -0.273616766091654029 0.001239585536872622 -0.198867310536215425 0.000267705174373475 -0.058407700376936655
1.125000000000000000 0.004172224944988119 -0.050972180263947425 0.003651272375931739 -0.143615988455750104 0.003484773322040689 -0.206704420102200637 0.003374780867948893 -0.242066125332202620 0.003278864306737596 -0.248319253374776588 0.003194932913626559 -0.265559061416839493 0.003117104228762903 -0.258918069694584141 0.003024796683068960 -0.258064488606628117 0.002926890258084073 -0.258249790506921650 0.002826774057291106 -0.254063516775274723 0.002705695594925159 -0.262905141789159080 0.002576639349598810 -0.270223879691127655 0.002443771877343585 -0.280673246336880455 0.002300813811426389 -0.294032983044160534 0.002170429454224067 -0.304574047120339975 0.002018459044147437 -0.307569180038984036 0.001913926391977204 -0.312005422630627305 0.001818205842640010 -0.297822492653959048 0.001755731728495313 -0.257517114312871942 0.001640515235495671 -0.182215622161384538 0.000636898736241051 -0.061001762441685259
1.375000000000000000 0.003987247453228856 -0.050878838785688767 0.003528346639606715 -0.126801662400700899 0.003399531488381914 -0.190375186959829329 0.003315234754944100 -0.214797593879483023 0.003247419759707537 -0.221604568968706062 0.003182844417931078 -0.236991633783115357 0.003125342626036268 -0.229651647036963946 0.003062324974552542 -0.231642486296319783 0.002994447839057672 -0.235374307631467494 0.002925625971377996 -0.230989665752810353 0.002841160652765343 -0.231331437605727663 0.002755137424135224 -0.237492309439862159 0.002661757359921680 -0.238031930647636780 0.002554022750630817 -0.245262171804060014 0.002458554015115785 -0.252888249161505430 0.002341317339331682 -0.256937357962702007 0.002275167185999802 -0.256506640090524707 0.002208921456694452 -0.244326685407113886 0.002198807276213359 -0.214449563961281231 0.002153417250758270 -0.155179621757732866 0.001086034792048281 -0.058928484514754860
1.625000000000000000 0.003778490721772478 -0.050963900472935517 0.003382664020584711 -0.107489160385602106 0.003284169645283289 -0.164209856351716088 0.003224798177970937 -0.186286170207160567 0.003180879161020700 -0.195511785534498606 0.003132039635302485 -0.210491424286321449 0.003091024494561237 -0.204142750076036938 0.003053961125554695 -0.209998880956452555 0.003011796094426267 -0.212042511787858295 0.002970704349684268 -0.209698291705763901 0.002915871547733386 -0.206557945293609019 0.002860796602329429 -0.221776285437208842 0.002802743724257067 -0.219028641485164682 0.002721158575399823 -0.225561781082649709 0.002655442707816674 -0.236004871068608540 0.002584628694620125 -0.234887706874993829 0.002565670518503059 -0.233290402577952111 0.002537618926543020 -0.215713352556578225 0.002555204442226435 -0.190787618531659570 0.002561581718577294 -0.137232555789576965 0.001620815447787905 -0.052524251757617366
1.875000000000000000 0.003709730973978377 -0.044402525037789180 0.003366832974268367 -0.087749056719903476 0.003296050327390709 -0.132903281410082952 0.003263768766035775 -0.150401435760623037 0.003243567574393075 -0.162080638895228640 0.003214564128010929 -0.178644188226225492 0.003196097456930183 -0.170528480958866691 0.003182561476244204 -0.178758154273048281 0.003162362248722549 -0.177345453261983504 0.003144116655630047 -0.177268213138137704 0.003118180044768031 -0.170786211206255950 0.003091579564346992 -0.183272217186495057 0.003059664081643640 -0.181976720097698330 0.003010509056414855 -0.186487017477410477 0.002973403395086322 -0.207769430957214785 0.002945460943971459 -0.213343203121883623 0.002957843348085743 -0.208486751273869897 0.002973098755136946 -0.191667967290351265 0.003030408780418895 -0.167948281875481331 0.003098098315623296 -0.120236059787254490 0.002149313145054147 -0.052289642903818684
2.125000000000000000 0.003682406116463798 -0.045026312721439227 0.003390036646685198 -0.074701224377442879 0.003346266151478488 -0.117627054704268166 0.003334542054456717 -0.123793232238691764 0.003327613497168396 -0.137587903219423907 0.003321227382087085 -0.154199340730216017 0.003321497529448450 -0.146994186704422020 0.003332279154854856 -0.153630507733480581 0.003329987830355278 -0.146062180831110722 0.003339502073971588 -0.151092382144671883 0.003341241486517537 -0.142659135711071167 0.003338315470590256 -0.153160830229442130 0.003332656045631807 -0.146597533956477732 0.003317661163940425 -0.149870130925893685 0.003307338863221686 -0.169593512233462168 0.003327475037536022 -0.178950780913642388 0.003375111216764789 -0.176467241925773011 0.003428576007650968 -0.169825932220802583 0.003533317310140188 -0.143603324213752770 0.003633146103749525 -0.099604349698433223 0.002739730446806559 -0.049372168966067755
2.375000000000000000 0.003679048550806509 -0.033011777701763445 0.003416687279396770 -0.050611406240917700 0.003390252176253375 -0.086236320678435577 0.003400299595112824 -0.086206220491312657 0.003409072688454378 -0.100211320015304833 0.003419993151635090 -0.112449777537776838 0.003441215666329127 -0.101989148248534167 0.003467028622017980 -0.111470479203016185 0.003480765515942937 -0.102582732096943977 0.003509632584962428 -0.105526234262446186 0.003529086474578015 -0.099420461035435045 0.003551343803190609 -0.108222186346436933 0.003572382002640891 -0.106531442250906563 0.003589600300956149 -0.105078077118490112 0.003611102689558672 -0.118055328437918383 0.003665265525619395 -0.135962295830687530 0.003747338255312822 -0.139819208125068428 0.003864960347521652 -0.136390470118367801 0.004012575462054715 -0.116864773440751052 0.004131950923141335 -0.080076609074523936 0.003313941947306087 -0.043737406572370907
2.625000000000000000 0.003848327963599445 -0.029585822819911445 0.003597982782214373 -0.038620852988233603 0.003570908489306944 -0.064829848835662410 0.003591597453271064 -0.068431624026174698 0.003609017380257978 -0.074136634357272566 0.003633704233472197 -0.081667264921195276 0.003663107105990568 -0.071890425085144455 0.003696648542066251 -0.081647211121157443 0.003718796656588978 -0.072692303895577182 0.003758936764432489 -0.075963881016793938 0.003786337571401905 -0.065131167700735293 0.003826632652208317 -0.074639179408513362 0.003867094851393457 -0.078014458797006567 0.003910653671275390 -0.077428326761705427 0.003960509309066340 -0.091346184155920565 0.004055769168278324 -0.110550238309885612 0.004168341673084505 -0.118032641312404610 0.004328818322710933 -0.119930469698015879 0.004511043387721844 -0.101422138824228569 0.004623279507251957 -0.072555107933738219 0.003875319795551239 -0.041397859534706843
2.875000000000000000 0.003952398849669802 -0.025355179388571604 0.003744277842448137 -0.029791366047094092 0.003744951977935064 -0.047628896800509329 0.003783299356002272 -0.039720446586404820 0.003819604122176730 -0.029564146125977461 0.003856035131328455 -0.029715424257823978 0.003897811901994958 -0.019153640321892478 0.003938766540146557 -0.020567794502379697 0.003968108309951815 -0.015725882822067307 0.004014895668356338 -0.013853943786578532 0.004057178053942056 -0.012042665589675518 0.004114486388614274 -0.015603560005418632 0.004175883648031016 -0.029685034317596542 0.004257793189331114 -0.032770740174993630 0.004347867974828563 -0.045865102925017220 0.004481278311459598 -0.073957736890030948 0.004634825883066420 -0.083147770120677408 0.004840174491648676 -0.090682053569892340 0.005072708175772020 -0.075393313766041178 0.005217059449106104 -0.058003565867208923 0.004486730457516994 -0.041270336110960350
3.125000000000000000 0.003940823801064836 -0.033327722373996595 0.003799613052359280 -0.032624986158985007 0.003825352923224819 -0.030907074201301961 0.003884607638790817 -0.018390593342917497 0.003941375111312575 -0.003483131719652341 0.003985802968382317 -0.000549405047941812 0.004034982611829562 0.020978778983540839 0.004086141263428269 0.020587719775911263 0.004124208702369452 0.028775499665291152 0.004176951481338902 0.031471975747550153 0.004230328762796659 0.035914573186085499 0.004297866434277137 0.024277918610159835 0.004372614868997628 0.016917755015302620 0.004459302268478256 0.006482269694453207 0.004561437682430289 -0.014109080183755519 0.004709861333370202 -0.032002070696000903 0.004884216111566353 -0.048165799420013616 0.005111185556054610 -0.055804937697413931 0.005343553550730627 -0.051847052902303320 0.005507851225361210 -0.040760112756186150 0.004986966952762507 -0.032417076160969026
3.375000000000000000 0.003956775356866239 -0.031961823329796496 0.003865839081376567 -0.025027900844018160 0.003911312727221671 -0.014037919678248271 0.003986230730770984 0.003222638109407986 0.004056961796844090 0.027612956406667357 0.004111907446275063 0.037242117610936834 0.004172529630404234 0.061808590026550952 0.004234196811386591 0.067935667464898805 0.004283200465434545 0.075664590049810299 0.004344192542182937 0.080667049999057355 0.004406223701115400 0.083989381849039840 0.004488703244831606 0.075180601216476031 0.004575637520249536 0.062646706890804177 0.004683217351271496 0.051195303001708534 0.004806718119812418 0.029566186840636711 0.004977608676823774 0.007969572564004102 0.005175578182320753 -0.010153182854201463 0.005423666895101473 -0.024148343218421207 0.005695880854675892 -0.029130224376616401 0.005889209672600565 -0.026514021367270848 0.005416780145556720 -0.029594804122550476
3.625000000000000000 0.003916306421892559 -0.034980821878771849 0.003881058186794785 -0.020447364297659896 0.003947385399058087 -0.000920993146586215 0.004034670715154015 0.021956175828798660 0.004119965138629876 0.053950538175648342 0.004186380533638900 0.071797883147020611 0.004255411598944505 0.093207883358976146 0.004327057603902383 0.104490441979096890 0.004389670671159682 0.112331035245171781 0.004458732300790847 0.121970422034271123 0.004534231742371338 0.122581814868547467 0.004629221589246054 0.110943592447964381 0.004727811549454635 0.098032716662848088 0.004850914562134435 0.082722388924859294 0.004993869092332564 0.061050041626430337 0.005183308943105109 0.040131201223924204 0.005406147425510864 0.020464702795298800 0.005685687797044703 0.002873027340314945 0.005985108805419312 -0.006500996541085380 0.006208706080077710 -0.011778583864027657 0.005841745718504552 -0.023317808180753540
3.875000000000000000 0.003889433665524448 -0.034502200903886900 0.003901475155592897 -0.016481897838825144 0.003982798033890468 0.012949346865114241 0.004088961814890267 0.040770706234130309 0.004190752731620365 0.078124834777290764 0.004267822564488450 0.101404740573833502 0.004346964208373537 0.123956330666039533 0.004427297949225838 0.138814065624571742 0.004498950851910657 0.147922258669302809 0.004574559398877300 0.156811437793759806 0.004663147946412640 0.155484130857000441 0.004764858547896911 0.144995412052287082 0.004878107084554808 0.125821410893149299 0.005015009795928269 0.112785953154902613 0.005175676851792380 0.086994243366798701 0.005384597738290245 0.064665844225125030 0.005630589995638894 0.045157915137393291 0.005936542639927413 0.026614259781203110 0.006262102179429751 0.009824033932062350 0.006516182062776321 -0.000638930975898041 0.006196134477246464 -0.021692665616057840
4.125000000000000000 0.003843111407694159 -0.033725999169366562 0.003893153635363208 -0.012252725835325931 0.003990503099869630 0.024297838672702118 0.004105741446252207 0.057602074137886664 0.004217221049131807 0.102093340568579452 0.004302635351648380 0.127417890788271176 0.004386896094327515 0.156240224335046501 0.004473792101611631 0.171347915973791537 0.004548793372315140 0.183802063255936649 0.004628118441405510 0.192931073334472680 0.004721285374690844 0.195161304681720826 0.004827050226485542 0.182977999811836101 0.004946975924282666 0.164267742142506279 0.005090261931139863 0.147027799730196057 0.005257041705052316 0.117009455376152399 0.005476435113792246 0.096983394515268412 0.005729123867968900 0.074988824040350094 0.006029476251068169 0.054143221700869999 0.006348429617496975 0.034247142677255656 0.006601540809143261 0.014020117918317809 0.006354345886068097 -0.015290314778410495
4.375000000000000000 0.003739993228073620 -0.030233087043726268 0.003822946245491796 -0.008083549239489006 0.003938031258206318 0.032373053627066592 0.004063676388907246 0.074671584696398757 0.004179769311921845 0.119538488404241458 0.004268019706538473 0.148800315052631554 0.004362772724028161 0.178532932953067380 0.004454380350162898 0.194768620603756937 0.004538306206215779 0.208695329694137094 0.004622728875799119 0.219803904484141194 0.004726584883353865 0.222400073440680773 0.004839027295294867 0.208934759947615983 0.004965581370903742 0.189630180409242483 0.005117324451147752 0.169722499723848813 0.005291417201150561 0.141645032531183296 0.005515725601055789 0.123298665635950114 0.005776650241200171 0.099957731998778138 0.006078084448469508 0.078688139240870689 0.006374495852194862 0.056435011875057860 0.006612841056164644 0.028650991187035905 0.006443043100837772 -0.008795668646305890
4.625000000000000000 0.003730669553424798 -0.028359959684421412 0.003823571813328278 -0.005856573129434659 0.003931790223141519 0.037166558838286075 0.004058582883995068 0.079405166118251200 0.004172201404411015 0.122618643161325508 0.004262617880699607 0.150064727978287460 0.004358760510797193 0.180357968226938170 0.004454625618781370 0.200654051535253841 0.004542271967239045 0.216175977896270327 0.004631465056149055 0.222319947488494485 0.004737278048942500 0.228522372355761255 0.004852251356955910 0.215562411291846584 0.004976591341019316 0.199145459939859604 0.005124146439891386 0.180970362376333904 0.005299512403440548 0.154619147471734442 0.005523173226388235 0.140148108198338700 0.005773654762380351 0.115928600202941587 0.006059952511701601 0.095062482469111531 0.006334617489780142 0.067789481653159941 0.006549643529708060 0.037717677968096434 0.006409529566997476 -0.004944812895968506
4.875000000000000000 0.003642246388459533 -0.022836401358281366 0.003739086891849402 -0.001390937108292080 0.003841996577586578 0.043437954364852815 0.003968437953430006 0.086662913333938302 0.004083372640486756 0.130020316575737510 0.004180952411717195 0.155672448680630487 0.004285986798858249 0.182925466828416927 0.004389234756569343 0.203098449194760750 0.004481960456012245 0.225128390363962760 0.004577035077218494 0.232778172127271865 0.004684931395804396 0.238840504735239406 0.004805964876590013 0.224938856611288096 0.004934497426696520 0.211339401246898095 0.005090113720889898 0.195903266519635910 0.005266667642618141 0.175859344114261684 0.005484728088923640 0.155600731331221265 0.005724450489538814 0.132565643586090076 0.005998051515988910 0.112779126467567964 0.006248842264345526 0.081271354224457637 0.006450384311280120 0.046743679287900769 0.006253519229161348 0.002733832403188407
5.125000000000000000 0.003606656002752464 -0.015444349819938140 0.003699001812596628 0.004905542159228178 0.003802320550199964 0.044582421606826732 0.003933479805525242 0.089960934616535870 0.004046664687698527 0.131050407719694312 0.004142601598010474 0.156836718922953477 0.004248765067685233 0.177084560304438809 0.004353728954810135 0.198037204807848366 0.004454578395254820 0.222189587716536491 0.004556622477299300 0.229846677106547520 0.004669719357726349 0.234561809745132882 0.004787231281033222 0.223561865289300804 0.004912764256068105 0.207479536079601817 0.005067641702369273 0.197075762639530055 0.005238473497207526 0.181241391973436639 0.005450264096430587 0.158424859828959180 0.005680661807416830 0.137016284549105111 0.005932442163178699 0.117919109397566890 0.006172140419801108 0.091001411718551237 0.006331150122842313 0.053715973669180989 0.006138812161354406 0.005833463082565438
5.375000000000000000 0.003540065068023073 -0.012822571147870089 0.003631571793765203 0.005759626062917434 0.003729993568233453 0.040132810715834029 0.003855826802925967 0.080995673098519072 0.003964852648625775 0.122847930541713640 0.004060807577107603 0.150003229138256811 0.004166264408324169 0.166055146766511869 0.004275892244044797 0.189959005758121635 0.004382364032057899 0.210862984823101729 0.004487613485680473 0.219956219449740392 0.004603568268921409 0.227043579714681032 0.004722607554294192 0.219707869429205033 0.004849037763730327 0.203591718167180885 0.004998935557005711 0.195146602959962584 0.005167577746067493 0.177985936775649028 0.005369007068015652 0.158266384497655843 0.005588727164691810 0.138014720559182624 0.005821483937613607 0.118733279946174594 0.006056322633847025 0.092521107600960217 0.006206239905217332 0.055489761618184787 0.005990739325807013 0.009107708440685642
5.625000000000000000 0.003449016823882952 -0.007709425400519936 0.003524889122297854 0.003622638388326937 0.003615396696635274 0.030596990756711944 0.003738813913389820 0.068805262046729723 0.003837450613871577 0.108777738562280402 0.003930012918064565 0.134997220453474148 0.004031832020370535 0.146789696557902138 0.004139422144085190 0.172332655298068627 0.004243156303282805 0.189551813376772738 0.004348930212853512 0.198819845696380199 0.004467641476981877 0.206982356001106760 0.004582092584120669 0.201646821856082292 0.004706700429590432 0.188462964682792528 0.004853946691170583 0.182076346371627368 0.005021735471145317 0.170217725499224537 0.005209471408611972 0.151015530765072875 0.005410782640818020 0.131619869990326543 0.005617156538069219 0.115110086376150791 0.005812917071594646 0.094204657169262906 0.005928273672146172 0.056005922885687981 0.005766413375219518 0.013329908257854793
5.875000000000000000 0.003351739447229206 -0.004363356404921971 0.003384208381021827 0.000732799421228046 0.003457375472141834 0.020337482825552700 0.003580633822692462 0.052829897393779982 0.003672905075771377 0.087855553993411592 0.003767244042549153 0.108914273511967391 0.003866455129113125 0.123176333650330552 0.003970149412352711 0.147422988353837769 0.004070945257014658 0.165684309840055527 0.004179107952134312 0.173123026296940929 0.004291898855685900 0.178202381274109617 0.004401972619600027 0.178211605227287101 0.004523078724216666 0.166330789748084490 0.004660583310556526 0.167538011447833146 0.004819432654479456 0.156455067195069575 0.004998570322369044 0.138996313649015268 0.005173950592109623 0.121245502564100993 0.005346861092094203 0.106602524663567677 0.005503746535581075 0.087059362855068684 0.005579328675289500 0.055229538127446236 0.005411143089807934 0.016267709980696727
6.125000000000000000 0.003109806758263073 0.000567206882083503 0.003106080488437638 0.001025938193170687 0.003188304316293219 0.014874647913697662 0.003307292552951059 0.043496782911598184 0.003394521594362956 0.074603087332683546 0.003487608481497632 0.090900377048891381 0.003582857334069358 0.105207606555373312 0.003680693560118152 0.129102386973560745 0.003781006260214410 0.144884767586068969 0.003888778419231141 0.157257609655427427 0.003993637917841114 0.161986150819841607 0.004102541765082207 0.162212423738392175 0.004211817969755238 0.156864036733061096 0.004338357129193626 0.155097119225744789 0.004492783527345333 0.147987555995769376 0.004656152192237886 0.130689094098363850 0.004806073182913286 0.113669469745823704 0.004951128402334856 0.101109413056070324 0.005077720718750124 0.081568973916534920 0.005124956448829356 0.054631945327050194 0.004918628798616936 0.020841917460500924
6.375000000000000000 0.002918500837564342 0.001593264584177497 0.002897391307074646 -0.003404940019695570 0.002980936091274289 0.004839616130523458 0.003106751382819689 0.024359048310586811 0.003195100800173557 0.050157423472028187 0.003293957852906149 0.062153465193316972 0.003389300914634717 0.068339276385288680 0.003494138236445760 0.094167929965497402 0.003602007582440035 0.109438996751920689 0.003712081704318285 0.125288887847508579 0.003817389081602917 0.127704160505600406 0.003924401103614280 0.133401561711441380 0.004025433037895007 0.132491975197438605 0.004144667807994195 0.132717557169074990 0.004291173161821754 0.129509109165177855 0.004443118632362570 0.111196390152717484 0.004585103353757998 0.097609936192495389 0.004704269173373666 0.086990801969535805 0.004816650163265573 0.067387985347973009 0.004864647254217719 0.048159169895819448 0.004650567479218327 0.021739191229663481
6.625000000000000000 0.002772816755078675 0.000728481559636500 0.002728130570626440 -0.004281034832998490 0.002794294692767095 0.001800853755076741 0.002914040513199141 0.013143824268736887 0.003010290828143368 0.033113274722364847 0.003111671462486925 0.039579409420148710 0.003202808803692648 0.044882519619691232 0.003301721014666283 0.070126062140145176 0.003405864933389620 0.085198603326742839 0.003514296007550876 0.101815927172434345 0.003614447321520674 0.102627820560151753 0.003711968977719725 0.112326671561442812 0.003800759579290675 0.114833404630539898 0.003909784313607069 0.117615743842055143 0.004042191904983467 0.115896288818513965 0.004170501211563749 0.098481080641336635 0.004277876580719539 0.083650195880215342 0.004367748090347057 0.074725373660386493 0.004460915534192157 0.055798541923991418 0.004506423514542492 0.041651255341169459 0.004346603010795410 0.021598079532328930
6.875000000000000000 0.002536552412561153 0.003492629881757727 0.002472135833239397 -0.004506619596736659 0.002530782694244730 -0.001349320176222290 0.002654702423706135 0.003646327254690776 0.002763648173354558 0.018954017974932388 0.002863978922374376 0.026603905619432790 0.002958726591041174 0.028323501811623727 0.003058424931294706 0.049361005181217742 0.003163125022586559 0.061294419219409091 0.003267687787911673 0.081893592563402062 0.003367540801528630 0.086031212101451537 0.003464629819723345 0.094139236276451460 0.003556710738531586 0.100012444217113472 0.003659824914365106 0.105448617162411495 0.003774180615549144 0.103995528012354135 0.003888583866526925 0.088371586224405593 0.003979621639756145 0.075073783154631729 0.004062601994090132 0.064586782567191942 0.004158856280349447 0.047712745651692992 0.004204379880399667 0.036646011345591464 0.004033793529334103 0.024390335125329541
7.125000000000000000 0.002306114467924701 0.002200798182167204 0.002247156881597283 -0.006830096412258897 0.002307084244221550 -0.008662710459144666 0.002428154057003903 -0.008998471220776115 0.002542393362106774 0.001561263793973925 0.002635460507754902 0.012055619959226818 0.002725752643223051 0.012044721621491639 0.002817383144853878 0.029543333767094906 0.002920849122372718 0.037853963905360999 0.003023966953402323 0.053259662162108250 0.003122967807886472 0.057009048033388923 0.003216582661530213 0.068473243440601961 0.003299546489196381 0.072879235189148073 0.003397447262811502 0.080578449483456258 0.003503318048391192 0.077964884902485501 0.003607762391895091 0.068068313952911380 0.003686939399267873 0.055592107080852701 0.003752072577460790 0.043100015035380169 0.003849937305027321 0.031683822364857658 0.003919150359951356 0.025219215567741506 0.003820902395921761 0.018140473191171215
7.375000000000000000 0.002121098028370681 0.000870716512742321 0.002067557629614002 -0.008859699780392522 0.002135230078677930 -0.012173980376781635 0.002249229018660629 -0.018330677742199167 0.002362809276130391 -0.014814074919301637 0.002457226240508828 -0.005319234532258841 0.002550559948792435 -0.005311994819264416 0.002643537674788675 0.008767104233437953 0.002748299735227708 0.014128207381648959 0.002847211067831212 0.029438998040797960 0.002939632830486391 0.030307634409837844 0.003034278073277620 0.043476339185479551 0.003120314378354068 0.049966738251276926 0.003207496735564890 0.057550016721249445 0.003315448137415935 0.054864488853754605 0.003417888053823984 0.051151210364454122 0.003490502199701212 0.043135075730122222 0.003560438432775967 0.029544590950600174 0.003647508486696705 0.022354225991431192 0.003730297956589704 0.019561148640885952 0.003522580206946419 0.020621911931545351
7.625000000000000000 0.002046685692373387 0.003186715174130401 0.001962305687173465 -0.008952628173566417 0.002017325079361915 -0.020344809010671261 0.002144457755132423 -0.027696457896580741 0.002252776491442338 -0.028833414340570140 0.002349322828756792 -0.024206898624608113 0.002428768781643103 -0.025142592838314382 0.002520455571864763 -0.012862707700707132 0.002619501076550437 -0.010470031832487427 0.002710000156412079 0.008387487146997975 0.002794060473061814 0.007883034321351186 0.002873388705330160 0.018590990619177662 0.002941547427301762 0.025091243058098872 0.003023583894695105 0.033379748567459587 0.003124773744062392 0.031189109873900674 0.003226651353298668 0.031110833174086062 0.003297810697410349 0.026486413712677636 0.003345909909770271 0.013739044576390125 0.003414628280024025 0.010332220630645837 0.003486411322961811 0.013815542227274321 0.003343398683867203 0.021563390586061985
7.875000000000000000 0.002109871025193904 0.005374233935838532 0.001978586777254840 -0.006315932411948611 0.002005609986053470 -0.015598008034160003 0.002115243315359584 -0.025721444192054084 0.002222250526423206 -0.035190598459467447 0.002318084729438558 -0.036437324598655334 0.002391763337997216 -0.040820318572854751 0.002467733773133334 -0.032757629032780851 0.002560259007033519 -0.029187498565089048 0.002647080416704906 -0.012631622537401068 0.002729588444894415 -0.015141622349261004 0.002804939170798636 -0.003198652094989972 0.002873203501770190 0.004383012017824144 0.002944041770365593 0.011979530517641069 0.003032193520708491 0.009157180943066126 0.003130567819751850 0.015226939901315812 0.003184277384684134 0.011540229684815950 0.003233526268496946 0.004403370367413375 0.003295497575672577 0.001543569377993225 0.003371779687971442 0.011657530995290903 0.003143736623637277 0.021832380113448142
8.125000000000000000 0.002115828241503728 0.010400624925502075 0.001960980657715730 -0.001765565730937501 0.001970788373455069 -0.009297134364589435 0.002055953270877564 -0.023062286623179083 0.002156192391969144 -0.034772657955030650 0.002235496246994466 -0.036373965780032026 0.002291269028616940 -0.044008538824887797 0.002358358639155848 -0.038492632123012835 0.002447853022037912 -0.040520529839409354 0.002525903969069921 -0.023965548255135489 0.002593216106167513 -0.024616282187050462 0.002658984554899228 -0.018045240359323533 0.002714752055266543 -0.006651594916694034 0.002776032821867746 -0.002309524760976883 0.002857425462039480 -0.000635565193904016 0.002933901963598969 0.007592639549661784 0.002981032314324396 0.006101926743999050 0.003014947035700428 0.000444410973391032 0.003064643344121795 -0.001450356417058142 0.003132460929214164 0.010666093868308597 0.002852367552120494 0.022436010885141577
8.375000000000000000 0.002298815507019812 0.015391293905246670 0.002139854307809964 0.001480389427644301 0.002101458697574107 -0.003976745561120200 0.002170436561189374 -0.020949350107368328 0.002253287062666301 -0.032422074251169802 0.002310332330519491 -0.032813391736544496 0.002357895161324772 -0.041429930804375938 0.002417864668158326 -0.044005150706538994 0.002506475985676468 -0.046999060918748413 0.002572795056532542 -0.032338266845543265 0.002633810401803987 -0.032714158711551200 0.002696609886455224 -0.028031009761527972 0.002744887049717347 -0.017059707751040577 0.002798947941047129 -0.009523764598941916 0.002858585434212958 -0.010153963564814062 0.002925728466670383 0.003543800007911800 0.002956026053367195 0.002279039553450996 0.002968266951303486 -0.001364971077122299 0.003001187281968450 -0.000652162693097365 0.003039151639183166 0.009263120012686922 0.002859114206687944 0.025737408776852804
8.625000000000000000 0.002352543971844288 0.018892428598654674 0.002182447428699693 0.006651041353374497 0.002123252588114585 0.001932773277077465 0.002164389863613338 -0.011739813559629901 0.002237082548674190 -0.026580415310435840 0.002274853832464176 -0.027747455114938365 0.002307777725816186 -0.035805096552294934 0.002353540125634930 -0.038081186103361100 0.002422623844054787 -0.046254309203621960 0.002480256090485013 -0.035957732651577645 0.002533456198576511 -0.033423070609548688 0.002593304184917927 -0.034860897151251700 0.002635230885600873 -0.024923278211166296 0.002692006912766558 -0.016325764304040462 0.002733439365418960 -0.016591073755896808 0.002797204876124583 -0.000207940768618899 0.002802264171701630 0.000859499191500694 0.002818198247519303 -0.004617209054274433 0.002852641306657589 0.002790616712987709 0.002871568804121866 0.011729757398852193 0.002792047770629213 0.028187307427872964
8.875000000000000000 0.002295992965232722 0.027099033115049215 0.002120912343656177 0.016328241701209258 0.002034252941658557 0.011984773065807117 0.002044376742920873 -0.001824801124984336 0.002090585852770930 -0.015955345069554615 0.002117309053459782 -0.014588443192114288 0.002159337844266679 -0.024774569032654497 0.002206052690231998 -0.029180682160757705 0.002273025444030536 -0.035774006095279691 0.002324487773916885 -0.031691154893659888 0.002373232630041548 -0.032303969731697135 0.002437560363964771 -0.033694924800017546 0.002481100037159625 -0.021883541982325727 0.002526146431015939 -0.011130082608936664 0.002557122170909396 -0.014868444016226914 0.002613167579298845 0.004135097698525367 0.002620757984042982 0.007437040822399136 0.002645639627755730 0.000005943452994272 0.002702508067252360 0.009851839350068683 0.002717308110669534 0.020055906521108148 0.002527030214854318 0.034251372590181087
9.125000000000000000 0.002392490271482502 0.022304701977154100 0.002226681103398214 0.010884468272457681 0.002179482057357317 0.006514238887120332 0.002186542961529938 -0.002295035059730647 0.002224745580647937 -0.010790527174550665 0.002254054283836697 -0.016288371022060624 0.002306186702172607 -0.023840088553838634 0.002337485907481224 -0.021439444124207441 0.002390456634778737 -0.021415299859417161 0.002433118706595877 -0.007290561842824578 0.002482421329868444 -0.010035620400713234 0.002528711799208837 -0.007998081557630436 0.002557374496151038 0.001047157967796993 0.002595804046736668 0.004509477078979076 0.002657404492979227 0.003566058006086423 0.002747203246553951 0.008131796083967672 0.002775069750731822 0.011812554114886464 0.002801010742636919 0.008787256088800198 0.002818716194966606 0.011591662550259844 0.002842528129176855 0.020749157675867526 0.002544062203207575 0.035486587229645906
9.375000000000000000 0.002478562370918128 0.024424309157594665 0.002310556435046541 0.013584083519276861 0.002219293083694882 0.010392647979855243 0.002201107181769022 -0.000957119499249164 0.002227636832795190 -0.008640916720334733 0.002237495357628488 -0.013631488153039129 0.002283700209558839 -0.022381489881947991 0.002312217592418836 -0.023865019132101647 0.002363642016642715 -0.026089578641034387 0.002394152621858347 -0.013194676043028406 0.002429909158405238 -0.014961320878381687 0.002471755249172336 -0.012597564779064055 0.002499531544921876 -0.006256631429803239 0.002528640455683024 -0.000084086720135182 0.002577692592404416 -0.001745131815777121 0.002657561683459683 0.005464838536064396 0.002680185969892558 0.008930008363238545 0.002685424288602556 0.006589394956959750 0.002697268739706393 0.011843120175989996 0.002704129396996564 0.020032101811907087 0.002472081662116996 0.037720130414927486
9.625000000000000000 0.002619977515773632 0.025751664476956867 0.002434686892480499 0.016219714368738269 0.002314715473860347 0.014673296765187917 0.002265340409858958 0.004417453102450378 0.002271056293526438 -0.004226751198414334 0.002258279128422221 -0.010744808123505645 0.002284445616674640 -0.018742752187333560 0.002295312011633926 -0.021760161421537950 0.002331577446181281 -0.026890132620242865 0.002360661266929328 -0.016990693449435629 0.002385640740158465 -0.017628780791090589 0.002426039562057894 -0.020267419449175705 0.002457513284697190 -0.015327540053916761 0.002492873811626938 -0.008094673002683418 0.002539718986525154 -0.008350455273514091 0.002623891665501831 0.001901012112488097 0.002638965730677570 0.005310868778961169 0.002638232742571163 0.003205260468264786 0.002637753823907356 0.011788083546678442 0.002630779203454022 0.019721202971430991 0.002465331988259598 0.038443426245281923
9.875000000000000000 0.002624989611353947 0.030196878400661382 0.002435546111018178 0.021090875919314332 0.002304349161554266 0.019247197749664251 0.002237770814971277 0.009453009289863911 0.002224565157782501 0.002100200750817905 0.002191308586520230 -0.003633595376565297 0.002197405260095477 -0.012802517238422765 0.002205799069997906 -0.016772169066289391 0.002240667623069402 -0.021503101572021645 0.002260518479633004 -0.015692726356631832 0.002283753633175678 -0.017484893707278931 0.002326011668688542 -0.020390159461694698 0.002359130688076882 -0.015898374379550474 0.002393862918696907 -0.008722884338592153 0.002439872027764978 -0.009448045445921281 0.002523953074341038 0.001113124038506248 0.002535532424467457 0.006792853326783187 0.002536045051801026 0.003445363171713547 0.002546480223215170 0.014899112491206835 0.002528227672808506 0.022808532044457621 0.002300568172282053 0.039467556439578055
10.125000000000000000 0.002680085270600741 0.032009138625429874 0.002495312897295627 0.023468842843091677 0.002354654112479503 0.021750186987700360 0.002256499775074401 0.011733390736043566 0.002206002719416564 0.004500736664398718 0.002163377913840472 -0.001669735206591485 0.002152181710001952 -0.011318424889824083 0.002142158761962915 -0.014878492119933017 0.002167110218472174 -0.020041955243058462 0.002181341142071260 -0.013491623499658321 0.002189957599343017 -0.018291588589439637 0.002222509424353836 -0.018748395212158677 0.002233573177992072 -0.017492158380173626 0.002261528440062563 -0.013729881852045841 0.002307500767699487 -0.013174095576142457 0.002384266557281458 -0.005564256428983763 0.002397702427320816 0.002603068736851593 0.002378392015782405 0.000932254915628008 0.002375347222809130 0.014268194257707072 0.002361163423587165 0.023009965001947685 0.002116878868686601 0.041833065792957910
10.375000000000000000 0.002657726786527289 0.036110201306548205 0.002451677224248210 0.027956091269280552 0.002304783447075658 0.026068229847811885 0.002197543558547689 0.019697491411228441 0.002131620722050733 0.009030713395603634 0.002082011482628246 0.001514349838046292 0.002051493769614109 -0.007550156483533358 0.002028714899370233 -0.010734831255601535 0.002049027254698930 -0.014739138946242059 0.002050635278225218 -0.006819031641562289 0.002050734697471196 -0.012775683401630057 0.002077262087314786 -0.013996277684179839 0.002088038234898890 -0.010720318123343354 0.002099703943259161 -0.010257706425501539 0.002140818519313198 -0.008803967210291403 0.002212246301903541 -0.002258075747534470 0.002221438330076925 0.006710579482214873 0.002202988331377699 0.009214767637745938 0.002184492963356248 0.019886668336859502 0.002158493769319756 0.029487283949379831 0.001958399286877229 0.046526475265840167
10.625000000000000000 0.002649107573557597 0.038799504018104954 0.002424440084575701 0.031017313751001190 0.002245863275381979 0.028317632736176403 0.002122009038055584 0.021424310549908638 0.002042359855420037 0.015018553836473625 0.001996555079589529 0.004316545984047648 0.001954870077891965 -0.003092838552209271 0.001919440436724189 -0.007938332526385948 0.001930404926062627 -0.011565152238501495 0.001917132675120175 -0.004229862514583747 0.001906560622477125 -0.007890681986625545 0.001919749178655266 -0.014867388663598005 0.001906987879767766 -0.013785373418292076 0.001906720261779818 -0.013327507512694483 0.001923776392285382 -0.014537460527181944 0.001984849021003700 -0.008298241906121310 0.001986784272145087 -0.000276813637237533 0.001965488516466515 0.005157609359651164 0.001931002721435854 0.013406193449568679 0.001905716477013119 0.024372914256254069 0.001750151867065799 0.041946030264442956
10.875000000000000000 0.002622239602683393 0.040937130820451466 0.002395377063994729 0.032079388321525321 0.002208149752892379 0.029436155627027304 0.002056842231793807 0.020874937278389117 0.001953759978574408 0.014791780571766397 0.001896378686181181 0.004023260053219412 0.001858518350336330 -0.001986230029885462 0.001793019392845581 -0.007536744108538482 0.001791122580360300 -0.010852625870530885 0.001772653662989885 -0.009968283079049990 0.001742711787900411 -0.011745420783348646 0.001753507825496827 -0.021132235777394353 0.001735610131701353 -0.020329302592045285 0.001717593708254736 -0.021517926259777321 0.001723905433548091 -0.024249298498922635 0.001772603912097637 -0.022731860412448943 0.001763902824979410 -0.016526720940395666 0.001756487317414347 -0.008754128532314848 0.001707698223707573 -0.001449916955669104 0.001663896783714619 0.010925924719318116 0.001471420729825861 0.023505825058076142
11.125000000000000000 0.002464667970871253 0.035802734223046195 0.002232039671573911 0.025485881655818107 0.002035318723576592 0.022375323240647213 0.001869791856755718 0.012529034172644974 0.001739956121204026 0.007567307463898069 0.001675256497356866 -0.004704626535710270 0.001643174279438424 -0.010425215831627550 0.001583410468602916 -0.016990275059741409 0.001585288063385527 -0.025283576704285798 0.001566205661272263 -0.025669598600084040 0.001520151006695474 -0.031747182923089479 0.001530835649506446 -0.042055778667254413 0.001509332026843603 -0.047521785183153864 0.001499068244066791 -0.048808491518274634 0.001510264922661949 -0.052639731267060036 0.001554900370470463 -0.053340146108124001 0.001559617745937548 -0.044338722644248409 0.001551800880707877 -0.038398858260146711 0.001499824274416949 -0.031175444822521822 0.001435083911404473 -0.018608637439493831 0.001315306808266492 -0.001754684360302956
11.375000000000000000 0.002149260341757180 0.034032123266929691 0.001932127254279589 0.022844995260519335 0.001736725460698920 0.017746096736539322 0.001574912365908638 0.008034728919367953 0.001440989759318320 0.004799872518821378 0.001391033408414915 -0.012641736404551756 0.001385355653351225 -0.018742084285108922 0.001339336619892707 -0.030461748806779088 0.001336904125506636 -0.035773109199470202 0.001308714403190740 -0.036628150112347491 0.001259795091779507 -0.046175123776259958 0.001283636083235023 -0.057098824484279755 0.001267533913471219 -0.067189649297040410 0.001286671724829262 -0.069999175007907047 0.001305694026696382 -0.076185314737884632 0.001386047800602068 -0.076084030737443270 0.001417403671251464 -0.069631042125910966 0.001432918308176194 -0.061280236113632237 0.001394169013033349 -0.052203277634151668 0.001352526691862981 -0.040485410411020453 0.001181160267378380 -0.015322843814642594
11.625000000000000000 0.001828012287076651 0.031486660941542260 0.001607279029369691 0.023407135735324856 0.001386225989682280 0.016657415674815067 0.001210718055025621 0.007254681473938678 0.001055116759506594 0.002912230825969996 0.000988763454222190 -0.015786639224713139 0.000980562831013916 -0.026147626514667767 0.000938147332461123 -0.039289482268692159 0.000937312055507522 -0.049407277380010418 0.000911425920850204 -0.052541029817252699 0.000856138842996164 -0.061960530312349230 0.000891296339820256 -0.074150670321518619 0.000887489779601788 -0.088238855073694375 0.000923467839033436 -0.091863257981805072 0.000970111974574708 -0.098870547037298973 0.001061462480277609 -0.098145215525800397 0.001126989693182962 -0.093942249732288638 0.001183947980955888 -0.085942906503765126 0.001181686759471256 -0.072755547933675446 0.001179200633042295 -0.059100593788556678 0.000984343039463989 -0.041790346513656020
11.875000000000000000 0.001457911697081521 0.030258222402449880 0.001235357902903334 0.019235504855382401 0.000980818383681198 0.012890766977760738 0.000806122574073745 -0.000059849665287893 0.000644810663828832 -0.005836621588474601 0.000591672273010390 -0.027868379835571281 0.000591286613731966 -0.038276023831349884 0.000546223401965473 -0.055671844939716386 0.000565246229629869 -0.067818876423583321 0.000557305052158182 -0.072545075926253810 0.000522438378299152 -0.086087755108970043 0.000587296468680024 -0.096845475965603875 0.000603356361235566 -0.113857982036813701 0.000662897946031473 -0.117213869959926345 0.000753945734648857 -0.126791564287500991 0.000875298439457774 -0.119620748770739666 0.000988255081838047 -0.117056414062685812 0.001074141966417268 -0.104079116354826487 0.001087071618328893 -0.091437172324958016 0.001119443881792165 -0.077116297020146371 0.000978180224002476 -0.053710822239276285
12.125000000000000000 0.001013223629751597 0.027170967388125803 0.000821099607197776 0.014833476086076243 0.000602311026017285 0.003272389458418063 0.000444535361788849 -0.010740923671131490 0.000301549048102706 -0.019943221140494061 0.000229678384568062 -0.044458765460003859 0.000227493666033945 -0.055559483803890641 0.000201156486804635 -0.075708577789312614 0.000242763337568887 -0.092067575666803972 0.000257955227697081 -0.098246904148864098 0.000251813966323390 -0.109766600074819143 0.000338593773769612 -0.123556258103357464 0.000392295096256736 -0.143029266374697733 0.000490417805233008 -0.148365036269715089 0.000620641914433881 -0.155768528975166687 0.000794025591982485 -0.144608448127534789 0.000941597843712920 -0.143141371685589186 0.001059446598633930 -0.126084405771071079 0.001110753438729967 -0.111069890153511444 0.001180248656765568 -0.094886066015434339 0.001119582816274347 -0.064763975064105583
12.375000000000000000 0.000656844014041139 0.021803461251815138 0.000477837809001438 0.006673442714799051 0.000259795522082443 -0.009233594215448983 0.000110947556104703 -0.029719470093900517 -0.000028696165347260 -0.045208151146305935 -0.000072265520260401 -0.069551121434817897 -0.000065548374835176 -0.087142266186095441 -0.000079863231846475 -0.107627611450096181 -0.000010940605625430 -0.124461454963193593 0.000030820785878439 -0.134193403925610855 0.000048210513991129 -0.144749141673440579 0.000166811091991046 -0.162961982637333358 0.000240836386950418 -0.179608459807983956 0.000370265230403662 -0.183161736153298921 0.000510173665881594 -0.189430789142476436 0.000693420724903256 -0.176721983054723059 0.000873379439971986 -0.173927248172723592 0.001013035968658383 -0.151640450377900138 0.001107204942904980 -0.130673804205612087 0.001209102750665780 -0.108777514102966336 0.001247314918796937 -0.080533532593395143
12.625000000000000000 0.000457017111874496 0.019967328863912080 0.000265081710158488 0.000583428633929248 0.000054838675243951 -0.019442387065898997 -0.000070184602720609 -0.043590494893961489 -0.000178646013746086 -0.063349477605590412 -0.000204984328772091 -0.090165180366525627 -0.000197848031235320 -0.106270158409043761 -0.000189094414746232 -0.129901085446658265 -0.000110826627100696 -0.151929756069928534 -0.000055650087103947 -0.164306678307689941 -0.000035306818539576 -0.178796734638805216 0.000105590439162596 -0.193635878325258415 0.000207908886147150 -0.207421843338117251 0.000355423995751769 -0.210337673918096629 0.000496028120319480 -0.217497696036672850 0.000675992735038680 -0.205494380530408693 0.000873596045020015 -0.199067600699444930 0.001038620489624782 -0.175440191681969504 0.001158921421872999 -0.148677494460552395 0.001256997078260622 -0.120585501599429309 0.001413879509192514 -0.079236019981621886
12.875000000000000000 0.000209596214292536 0.016469772063572814 0.000031925629534082 -0.005539851402228051 -0.000176153541014459 -0.029509007311639069 -0.000261515048240448 -0.057637608139362619 -0.000332637854770202 -0.084187253503668943 -0.000325748556702334 -0.110488185083518903 -0.000306130849578959 -0.125512083890863047 -0.000273425673988989 -0.151686590625033285 -0.000170190896980670 -0.172825799271383418 -0.000076323917998772 -0.186533166102051645 -0.000019773214398932 -0.202323260136414829 0.000153110225680741 -0.220095362264102895 0.000284180780714248 -0.230832396488798247 0.000446359316494859 -0.232465415841061868 0.000614420541210417 -0.240079320508220395 0.000810201103608614 -0.226491801808610060 0.001034466810348729 -0.214706479173362885 0.001232907163397886 -0.192241602750435892 0.001385224999399210 -0.160761175148979113 0.001529025285093305 -0.124758361020519862 0.001732084151344200 -0.080337972607338132
13.125000000000000000 -0.000069734641521707 0.012018836698533330 -0.000238767484450187 -0.011653744207801492 -0.000407614053726065 -0.040775647316094642 -0.000449324423811294 -0.069440043328170442 -0.000491423751776837 -0.101102708029926977 -0.000443949273304992 -0.126747152145540498 -0.000407564154314193 -0.142956748444134862 -0.000356275559423515 -0.170005078903335605 -0.000227330780800103 -0.191653817384203395 -0.000102711278872548 -0.204834324207221696 -0.000019601690322763 -0.220981486417358125 0.000173011684139422 -0.240146446832893351 0.000310357545292242 -0.248672312475254259 0.000492474603033181 -0.249258392253280975 0.000675066871182701 -0.255528093611354479 0.000877660352721045 -0.236663473498960886 0.001127766877859767 -0.223777620666837929 0.001343629662923876 -0.200415579858674753 0.001522195460075731 -0.162897795387193650 0.001686431135543628 -0.125346304160486449 0.001961933747654340 -0.076358142213578450
13.375000000000000000 -0.000303258382544764 0.008003853981931541 -0.000443071903167284 -0.018089602811459733 -0.000571271098977542 -0.046422226534548819 -0.000588179535087383 -0.080842190807887210 -0.000600224087514332 -0.111232107305898345 -0.000539637991227722 -0.138879107476488545 -0.000477749707558969 -0.153053883943666369 -0.000401259477072327 -0.182937493858618405 -0.000251820188569793 -0.203851638962272846 -0.000101200921374977 -0.213373310735987615 0.000009259064076561 -0.229881312048472508 0.000217818140883165 -0.247119622200943273 0.000378306588008663 -0.255991787637459833 0.000573156109727072 -0.255893279435648380 0.000775695641491942 -0.262436246399135709 0.000977021263766929 -0.243480806800759925 0.001235298047256177 -0.228520466546503903 0.001473226620664025 -0.202364538522911724 0.001680675893187175 -0.162902325281337551 0.001860595407435135 -0.124491591658199965 0.002122623683970056 -0.070687885643291246
13.625000000000000000 -0.000417107696706635 0.004456330736626686 -0.000538433419611217 -0.024836618657279014 -0.000637148461477232 -0.054927341767622706 -0.000625806673003188 -0.090387604614343378 -0.000615134558412901 -0.121339487388695710 -0.000518440644520886 -0.148413083539740531 -0.000432763375889769 -0.162935441141191406 -0.000333813777040766 -0.193059768422023825 -0.000179250580164069 -0.213330346637747414 -0.000015481806443183 -0.222091251295346737 0.000109790006342730 -0.237567032882604945 0.000329009063685559 -0.252620293903448312 0.000502933259578503 -0.262972354630238325 0.000708850421327361 -0.262675755227174623 0.000917492388992071 -0.268018606345367616 0.001133601299144710 -0.248067491706891241 0.001396156787710333 -0.230269653981733907 0.001646637208368162 -0.203940932605722963 0.001857513438984694 -0.164283549624563874 0.002028427820501039 -0.119677860274463616 0.002329053133227676 -0.067203133172259968
13.875000000000000000 -0.000545371367047831 0.001826509778441570 -0.000647545631547759 -0.031282263964327005 -0.000736355573438050 -0.060835497709433403 -0.000686235999756499 -0.100622363161563533 -0.000646241948272184 -0.131079258325885989 -0.000535805888978408 -0.158629093745923239 -0.000425344982551192 -0.175752598195542842 -0.000316483468472942 -0.205803539930563550 -0.000147400839237312 -0.221725624637354540 0.000031577361047430 -0.227886313161367038 0.000181413288223923 -0.243783580422574614 0.000408532705989811 -0.256043921649068307 0.000587169488395147 -0.264069702643746629 0.000793116226732100 -0.263224284525087282 0.001008944029894954 -0.265963019429615977 0.001225294064533234 -0.245865268519198071 0.001488534097136726 -0.228008022374776631 0.001737747779415209 -0.198758913198470305 0.001953293010319508 -0.158577172950104317 0.002127930396488910 -0.112254270540101134 0.002425162703805609 -0.065835790107703310
14.125000000000000000 -0.000578913696570787 -0.002778083575981426 -0.000660080334922501 -0.035298150499013539 -0.000712298726867637 -0.066159613221989502 -0.000646578907426483 -0.106059487674838540 -0.000596797399989277 -0.138573224673079781 -0.000465302430168630 -0.167183523462338279 -0.000331630155493333 -0.182617990737897584 -0.000205171435308382 -0.211459194671226730 -0.000032609700675410 -0.225006256248758141 0.000161901719187820 -0.228740099658804569 0.000321521804236430 -0.245004877172274454 0.000548113786600217 -0.257974041151873557 0.000745014299787115 -0.261953429657099113 0.000957459155989929 -0.260565223873928109 0.001172867061748311 -0.262204475181111007 0.001398081222261272 -0.243943698665860770 0.001670932494211333 -0.225286649885330287 0.001929155884053788 -0.194432700507098100 0.002149681255822138 -0.154989715422029162 0.002327324443988315 -0.108716107431967066 0.002651437490681473 -0.067614226743482844
14.375000000000000000 -0.000613600182471238 -0.007823266558210166 -0.000680584913148664 -0.038679977445882939 -0.000713969876466023 -0.073003403126729607 -0.000627816614225284 -0.113411818074392476 -0.000546456521303987 -0.147581777809487030 -0.000397555098687387 -0.175032519236661493 -0.000241777745574209 -0.189045953256798877 -0.000099477836304098 -0.216099075137270502 0.000085004473656327 -0.230763320350541007 0.000287986323832193 -0.233047076299606193 0.000461526795519373 -0.250895402506539966 0.000693553238868521 -0.260836345461091579 0.000908074516234779 -0.262281671735776711 0.001128410555469648 -0.261116452161084034 0.001350902249170897 -0.261633658213098086 0.001582812127108421 -0.242472780294108514 0.001847733786230270 -0.222689897594393005 0.002110023660730210 -0.191130141320341757 0.002341618357206822 -0.150950998453585311 0.002512526233371055 -0.105619733063279944 0.002840412899418961 -0.069215248208021662
14.625000000000000000 -0.000609500695030162 -0.012504875126661246 -0.000656328669755380 -0.041481628056983057 -0.000659700656815207 -0.074942296995504129 -0.000557130445001551 -0.116068907067476815 -0.000449932912533977 -0.150218934643337770 -0.000287347649390375 -0.183784342536209455 -0.000114934892272658 -0.197390054243251845 0.000041603752003327 -0.221919895776123116 0.000238260851368282 -0.238947833458969555 0.000449747633773475 -0.239886301823512144 0.000634502347843222 -0.257114385338955864 0.000870534414659698 -0.265239581750039588 0.001093155636742783 -0.264949585264474707 0.001324410190675462 -0.263245401138887225 0.001551156596447178 -0.262968859887942608 0.001796324344699070 -0.245918366141916728 0.002066696889538349 -0.223385413128135174 0.002336350325839601 -0.191696475276047218 0.002584531710517262 -0.148423272957089819 0.002755464545107107 -0.103741023989619416 0.003075863366256640 -0.072337291646897617
14.875000000000000000 -0.000523523021760059 -0.020156588430062065 -0.000549734169860643 -0.045331808089656006 -0.000523603252442574 -0.081036280767413107 -0.000399767266859186 -0.117513959784995251 -0.000268662350333515 -0.153788610646450663 -0.000093918402011315 -0.183405562639225778 0.000087344503010015 -0.201098680705159405 0.000256189027099648 -0.222729960133110610 0.000461355217373072 -0.238947427152658876 0.000682459125561824 -0.241156657970027916 0.000872772922266847 -0.259589118044520895 0.001113040925719517 -0.263526769225531310 0.001342590018509923 -0.262960766160583004 0.001581926724315169 -0.262622541454162972 0.001815621746197697 -0.259818227964745907 0.002070969219485790 -0.244281835851830886 0.002344609718360242 -0.222384775138568108 0.002621767650345374 -0.190034423108383671 0.002878408563495678 -0.144806125174958306 0.003063032791765443 -0.099716847782814449 0.003332135083891862 -0.072350724972166811
15.125000000000000000 -0.000781565316078301 -0.006702079767479790 -0.000806860731921329 -0.044580024550469124 -0.000772315191742200 -0.078221075915482469 -0.000647746112111099 -0.121781500864979256 -0.000525830800890967 -0.159326493572258782 -0.000386020391757942 -0.186769346843869560 -0.000235391616966510 -0.202873378138428623 -0.000077908092809851 -0.228831601807522877 0.000109115660370108 -0.236343640763773455 0.000329311333872770 -0.233601474055768726 0.000524562624031450 -0.247316472126054149 0.000754840481914996 -0.259284548116612446 0.000976468114604921 -0.254594495035023849 0.001192734077560994 -0.250081509923105405 0.001407510911165161 -0.247446234375085589 0.001632778962247721 -0.231588362664452346 0.001890375044589817 -0.209036285163082258 0.002125921039971796 -0.177782512768977080 0.002368230368832479 -0.131926268204857089 0.002536285046348648 -0.081718637966099975 0.002807197580981464 -0.043963054786623941
15.375000000000000000 -0.000822793518043753 -0.015537078769543520 -0.000834510205456412 -0.051343390086515055 -0.000789697676855595 -0.089422092554461097 -0.000632815348111464 -0.133883624372365090 -0.000474861097039365 -0.172624857877694993 -0.000279574835014323 -0.196973585470634122 -0.000096898229120258 -0.212217366322520723 0.000083059293030786 -0.235655306433837863 0.000287161872173703 -0.243733348427864427 0.000519129633025096 -0.239288485584744748 0.000723351252375526 -0.256487135529605115 0.000960347096315235 -0.263588951438102626 0.001193173985056437 -0.256858224269854551 0.001418370493423313 -0.252936219412024099 0.001638450082638985 -0.248982242523851066 0.001863764121098994 -0.234770339997238925 0.002119771447484404 -0.207634131517988901 0.002364645850169207 -0.175662840751296762 0.002616208422008970 -0.128679352722167656 0.002777246884533967 -0.077803840100246338 0.003061441327112740 -0.047972033090033395
15.625000000000000000 -0.000892094987746273 -0.020657512942237919 -0.000879873791539909 -0.054576863879535240 -0.000785371671110079 -0.091172869983352473 -0.000604685012481414 -0.134300847125745554 -0.000407007082000362 -0.171755440771069662 -0.000195240212952658 -0.207569457481084962 0.000009723829446742 -0.218715375038318199 0.000208125511016033 -0.239505997083137856 0.000435104690389845 -0.251845890438235798 0.000676040460787358 -0.245368024958789399 0.000897666238769614 -0.264537251647573191 0.001144980325520712 -0.267292681001951860 0.001399967873677302 -0.260370412039457988 0.001634597102479206 -0.257690725460107573 0.001865219127049638 -0.250852940014417602 0.002105893546685622 -0.238290422848509487 0.002365163725629954 -0.207227574415091431 0.002632562953040490 -0.175617982678062862 0.002905560065893560 -0.126257149830521498 0.003073598293049043 -0.074400363796254573 0.003308176568569334 -0.050879465476378997
15.875000000000000000 -0.000842301151498744 -0.032106721858887050 -0.000795421969956456 -0.059711087140165299 -0.000671674233416442 -0.098622119448847939 -0.000466381848611461 -0.136595915947160335 -0.000243477346501674 -0.175554953236629535 -0.000004917010554057 -0.206121080869470813 0.000222087912341561 -0.224423073918183058 0.000438170711557538 -0.242029483231290338 0.000679549107314123 -0.250824098435656451 0.000938873008739846 -0.247279375496147341 0.001176369746034475 -0.266420027632489342 0.001430302483452169 -0.266566892561651003 0.001690801593459437 -0.261426603523590206 0.001937628491438584 -0.259798694985337086 0.002179755499891092 -0.249878934329216401 0.002439331239887746 -0.237824868959452179 0.002709861046589620 -0.208730781139359028 0.002995327762970916 -0.174086117178082395 0.003276750588658663 -0.123838307487068422 0.003468285614109586 -0.071213421431119125 0.003624459204065375 -0.056389341313948980
16.125000000000000000 -0.000802393490594591 -0.039533600519394002 -0.000736476565554814 -0.063730163691930880 -0.000584606603539428 -0.100584483524765317 -0.000366104004226388 -0.136719234864868727 -0.000137693720211616 -0.167432867283078712 0.000118278203021236 -0.197998410495656030 0.000361793159372138 -0.217641351641992220 0.000593465393437513 -0.232475519828573840 0.000839107885009816 -0.239593039268076152 0.001095149515982501 -0.239956774017724389 0.001337419518846013 -0.255643481204175238 0.001593266178885244 -0.254519761856143278 0.001849862661566483 -0.251165356135868156 0.002104943882410241 -0.255158396946514265 0.002352165413814722 -0.248528942431680222 0.002624236751154575 -0.237736578784068037 0.002908043927202208 -0.209654113577494722 0.003209387594651034 -0.175515405494998583 0.003512798507390655 -0.126054910158821754 0.003719440135134059 -0.074864349783671638 0.003798199131639200 -0.067355529127675215
16.375000000000000000 -0.000791057509336108 -0.045907557966542140 -0.000699788985369290 -0.066296390413887601 -0.000531800991202906 -0.098718701807772605 -0.000307227785598421 -0.136171390577571438 -0.000052493804621309 -0.161995350342642896 0.000215198241644076 -0.187327880302922911 0.000475175812932756 -0.207884086810778412 0.000720475835409937 -0.214773164944168399 0.000969637535333473 -0.222235299358046950 0.001226691028575700 -0.225427836234151469 0.001472632473218381 -0.239051888134232421 0.001731507643885488 -0.237727466655484360 0.002002563799181644 -0.238891959771803303 0.002268281008371980 -0.243861046625456379 0.002519630465171438 -0.239233514229758665 0.002807503477077248 -0.235400983945899478 0.003100326397724617 -0.206837123079667423 0.003419265002323832 -0.173599832736493764 0.003740622832027804 -0.126282616857258750 0.003972850713828310 -0.076781460157337111 0.004034730699202106 -0.080303378502491182
16.625000000000000000 -0.000708802286556780 -0.051333853484001830 -0.000611631919062044 -0.067998294631504683 -0.000430500145507722 -0.100831101162455139 -0.000188773440236190 -0.133648020874256201 0.000083612195560690 -0.158232245989455345 0.000359899347121983 -0.179749222939047743 0.000625254554191698 -0.198508581890044250 0.000879279740199438 -0.202032296608026574 0.001131646894063297 -0.208611840762209622 0.001389477358482092 -0.214165023605066451 0.001640285026619487 -0.226555734528240293 0.001901505890904986 -0.226096566928313564 0.002172437778744513 -0.227946723011256458 0.002447534010015930 -0.234842326920728428 0.002707462906209230 -0.232293550953456523 0.003008808704389965 -0.229293424034832022 0.003324245732317154 -0.204703966340695681 0.003661573912058315 -0.173069427560263056 0.003996790849436876 -0.127833453494911931 0.004244919030147270 -0.082528290629028514 0.004291207890327649 -0.094323338213930949
16.875000000000000000 -0.000541018935210341 -0.056180013494663623 -0.000434979908944414 -0.065328529245817391 -0.000237455311029787 -0.093354388668233215 0.000007924339223498 -0.124443437106713101 0.000288539092459200 -0.142907349634947084 0.000560262841927901 -0.161181842673137316 0.000828209912605911 -0.179163007486425691 0.001078447142533133 -0.180993136999786780 0.001334031771747195 -0.184556358837071610 0.001595928231695230 -0.191151078155429477 0.001852990229682740 -0.202958905070366846 0.002112869503032615 -0.205106608289070153 0.002385895641297222 -0.207268116953058940 0.002666496972395030 -0.216767820213489421 0.002941041834225159 -0.216698016789503262 0.003256916849699505 -0.215745766357485075 0.003584620852998911 -0.192813176329789060 0.003939486239887002 -0.169020013201347047 0.004296629027968367 -0.126770315696083852 0.004573742223860083 -0.084483264921633536 0.004526640161894716 -0.103466795461554309
17.125000000000000000 -0.000288487706861240 -0.060722568093382355 -0.000176502077256903 -0.064090181364356555 0.000037996607319874 -0.089745445081992822 0.000268413763675599 -0.111848699109567129 0.000545633758287935 -0.130012118591037590 0.000822288643957300 -0.147320291853177715 0.001090096734701778 -0.159766405138591000 0.001341818802202703 -0.161685484908247995 0.001595279992688812 -0.164890092361287349 0.001848277910003849 -0.173531494459453789 0.002101856033641387 -0.183657411164903472 0.002360109346212486 -0.185476102251883129 0.002627192435771122 -0.189646882367090236 0.002910196896015525 -0.199378754184299900 0.003184654418108668 -0.203203077990861597 0.003510886488547050 -0.204802312031214684 0.003849080130596325 -0.187273436244777630 0.004226122744489696 -0.164240100497390962 0.004597291903503407 -0.126155220981017974 0.004883963051437728 -0.084204619196822164 0.004829843468698081 -0.103340951165932005
17.375000000000000000 -0.000093170558753061 -0.064031145001703524 0.000035758597358752 -0.063086126291970329 0.000241444198686676 -0.085047311004327011 0.000478522559893847 -0.101987578922185324 0.000757472545897799 -0.119266152467599834 0.001034950749099749 -0.133348243537476652 0.001303754549908099 -0.142804292266634408 0.001553588675156550 -0.140826348147825325 0.001807129787518687 -0.148461158933792137 0.002056686147936243 -0.156894787459266744 0.002306490229269391 -0.166595088271905195 0.002566831858895591 -0.166755617543272616 0.002826837721301900 -0.174639689475891341 0.003112198678814589 -0.181677355931817774 0.003391392681470250 -0.193323360854807613 0.003726893256186825 -0.193710665296084411 0.004077308974586326 -0.182531790949990169 0.004464041700358818 -0.162198930256524404 0.004850261313416216 -0.124821889552474127 0.005167814109178765 -0.083472757461857228 0.005138418149726832 -0.102759496539951325
17.625000000000000000 0.000127798264502749 -0.067319292910313702 0.000256928970537211 -0.065077696408884306 0.000467766147814504 -0.082767910265084829 0.000708226139601176 -0.095434562633907358 0.000983547747301525 -0.111898969209833540 0.001253960833934534 -0.126548977563669590 0.001514753649622450 -0.137232386909171417 0.001765408627168496 -0.132583825942194866 0.002009843057288579 -0.139595430464705128 0.002259278795504060 -0.148409776249061487 0.002509097044194004 -0.155415520081995356 0.002765537278863524 -0.156625147906613166 0.003023043889151124 -0.163851818082931450 0.003309768641084630 -0.172704449245529273 0.003600719747452534 -0.188226989998947020 0.003945937972317313 -0.191041139396510101 0.004317792796880111 -0.180585422081694758 0.004709682733887396 -0.161276233694090693 0.005109855829997490 -0.124216639776872639 0.005454564289386924 -0.080346956145387421 0.005436145285389241 -0.102320387542530061
17.875000000000000000 0.000406320984316803 -0.069820998936694412 0.000523090988311648 -0.066264560170856093 0.000721906037204867 -0.083248392231333651 0.000956648331760962 -0.096351560447830692 0.001220183860856951 -0.110905781918053031 0.001484533398587104 -0.123093585716973181 0.001741944904277594 -0.135989540497005595 0.001990899399569741 -0.130951824573494580 0.002226670629650152 -0.133312660595878679 0.002470723321840957 -0.146381732677612064 0.002717621733431128 -0.150830915256643577 0.002971286511764796 -0.153810408320096570 0.003227264805392802 -0.161698226244752413 0.003520051128970022 -0.173463521737648452 0.003816043251054074 -0.186103092827661132 0.004163876781321510 -0.191225555695429761 0.004549745816710930 -0.177632109536867200 0.004946310253873713 -0.156388792625545447 0.005350340233478447 -0.121368452451662404 0.005716014162274586 -0.076896062006570953 0.005681759648577764 -0.097534717508472549
18.125000000000000000 0.000658871132209521 -0.071634077593481102 0.000761414681506881 -0.070539204241666348 0.000944820540717230 -0.086480850091034567 0.001163594434963342 -0.100401611022338716 0.001408016547872453 -0.113850988501479788 0.001663410500880213 -0.131547356195748033 0.001913148153418333 -0.140018911224797038 0.002154733693940871 -0.139144540248985760 0.002385418635017315 -0.140784837686066922 0.002622979154759068 -0.149267040104087090 0.002866201897201344 -0.152350348514462386 0.003119073524611697 -0.159649180821763909 0.003381049084406624 -0.168460648096583510 0.003676055588724343 -0.181775916564692303 0.003981213666826776 -0.195098975546540293 0.004332058648908732 -0.200890545116056973 0.004716065581144761 -0.184393684584153089 0.005115209460809237 -0.163107972642453414 0.005529261649806489 -0.128617854865679337 0.005905289116051740 -0.080970261597785406 0.005825421578361007 -0.098246750518631604
18.375000000000000000 0.000938861291401043 -0.071953389810389679 0.001017435103655213 -0.070526619526376511 0.001189407916887822 -0.085810086446905007 0.001393823145578174 -0.098459304397913811 0.001625379271233600 -0.114437776110125441 0.001862141470651684 -0.137780259499223096 0.002100170466092283 -0.145784710619306035 0.002332841428521056 -0.146844579777987677 0.002555303221692958 -0.148577957700427421 0.002785829478915864 -0.155476626276816188 0.003026996721077874 -0.164013888910754774 0.003276432930128361 -0.165926414881142570 0.003542327055765901 -0.177567223984104933 0.003837878556204449 -0.190207933146822106 0.004144670220826275 -0.197868023084840305 0.004498893259499794 -0.202690165648168857 0.004885105531738888 -0.193029905536263591 0.005285797530869561 -0.171007740924258383 0.005711559936112658 -0.132105568958666653 0.006097754182084914 -0.080049567399494162 0.005960962760863843 -0.095623061723987157
18.625000000000000000 0.001256998930964317 -0.072696206316427120 0.001311015169700332 -0.071379842778177396 0.001456385216384614 -0.087384262734239229 0.001640840486534012 -0.101761742899214622 0.001852846247905753 -0.119511048696681194 0.002073081145590034 -0.148992430932754050 0.002298332340887894 -0.157954948839212711 0.002526002944040260 -0.168644101749802905 0.002741747464627057 -0.171584921290773684 0.002967816867445268 -0.178398364605110799 0.003209283887760791 -0.185185824237493329 0.003462112804797684 -0.185209313995619074 0.003726121419243309 -0.195356682048138885 0.004025144999709650 -0.205486699027798175 0.004335537625697504 -0.207076168206015071 0.004691191978262528 -0.206526812179989860 0.005077706380989581 -0.199290762897491619 0.005484790385793634 -0.175624884425476580 0.005916532374752775 -0.137996618656134412 0.006307889489373836 -0.080519976339015753 0.006128140426236112 -0.092831002671032892
18.875000000000000000 0.001550563876807831 -0.074538734417901265 0.001570239242001992 -0.075404063405167837 0.001690577016546118 -0.094638902281829806 0.001848849458415158 -0.112507315086495543 0.002036889540973954 -0.136306108324350972 0.002239137893490401 -0.169107018412414351 0.002452202149552706 -0.184292483335281837 0.002668171655445628 -0.198317626873606073 0.002876120360613973 -0.203287914685434307 0.003090993414477277 -0.209824369861732918 0.003322191855695482 -0.218106387711079569 0.003569031564842797 -0.219675585277309432 0.003832814586273445 -0.228809480969999895 0.004127772708385547 -0.234194899854044430 0.004434440352483933 -0.234135589237445790 0.004787201009407833 -0.233558901743500524 0.005167866318956472 -0.220481518792451203 0.005567415443295400 -0.195313290516624910 0.005991330643816460 -0.154634368538473677 0.006393412701354518 -0.088343987074558039 0.006132085788268870 -0.089303279246133238
19.125000000000000000 0.001879662687386018 -0.073875033911275034 0.001857734002811117 -0.079988715322735923 0.001950937190798355 -0.103539037525841635 0.002087973023132076 -0.122380661799401921 0.002250427134705554 -0.153363570543803063 0.002433877447688118 -0.192738190980170920 0.002625538057463647 -0.214171102496042931 0.002827720259805835 -0.232416859784005669 0.003025388741261319 -0.242344288473771208 0.003226226407478852 -0.250458030229125661 0.003447597538122322 -0.263280746638729912 0.003685699035929389 -0.265881284508498628 0.003946001098445973 -0.275398120793069190 0.004235756557255538 -0.279488618915061826 0.004537105580531995 -0.276008589720090791 0.004881614886440047 -0.269199790799543315 0.005257329392487549 -0.250287361939796893 0.005643389343346935 -0.212908406191022165 0.006054304649866366 -0.166526665121982859 0.006444891569238201 -0.093186709314559052 0.006151256683333951 -0.086309704489175409
19.375000000000000000 0.002078806585004888 -0.073964829781882929 0.002011969225852876 -0.082627432671950302 0.002083646461383719 -0.109551007186476881 0.002202377616740903 -0.135897146446155970 0.002342543628502945 -0.172367310572247329 0.002505399498951203 -0.214959267499643558 0.002680940599080927 -0.242965329179015616 0.002870565836278413 -0.266171329066606954 0.003055773788856984 -0.283271996997022046 0.003246069419951448 -0.294573376968931933 0.003459068895767249 -0.310446843191870769 0.003688389999645790 -0.312456024264949783 0.003942945361794118 -0.327908364471233005 0.004224494228508616 -0.330764241442689177 0.004522276729148820 -0.323899031027460427 0.004854235963150711 -0.310364939695380093 0.005220613204408150 -0.280945350963024532 0.005591259877645817 -0.239023164776437202 0.005994811835950021 -0.185792512679076677 0.006384118533695037 -0.106476555169884135 0.005997901420336165 -0.087765032662084130
19.625000000000000000 0.002348189669800400 -0.074088993203517514 0.002219042882172451 -0.090964900202004997 0.002260333641078111 -0.125454640696896852 0.002353117949399919 -0.162646813874939955 0.002473231124079587 -0.201660916305670512 0.002611994454429810 -0.252612125700192036 0.002766513889067696 -0.289920382379019514 0.002932597023664331 -0.319681100359203219 0.003099107532630109 -0.338105754084481513 0.003270560353963132 -0.353630696227516805 0.003466390771951523 -0.371895118214201681 0.003681508350891114 -0.374924058700845220 0.003919212853954900 -0.391731112753413768 0.004185483628854859 -0.397687572439776538 0.004474923436344625 -0.384547189752213248 0.004790894486555522 -0.365671160517668514 0.005146626459278553 -0.329494807952165625 0.005507774277571324 -0.273812623367618746 0.005897417037841067 -0.213771371372600438 0.006262102707846837 -0.122294661942709229 0.005737563363135400 -0.087856793939088920
19.875000000000000000 0.002556732842111458 -0.074453333328651644 0.002378348476740885 -0.100154219334181060 0.002384923366255738 -0.142095953134067671 0.002445865482346622 -0.189539044689731817 0.002536918993287703 -0.236578225791367419 0.002646117613369168 -0.290869549236042468 0.002776044809283718 -0.333022748361944898 0.002917809461467539 -0.368978908440422915 0.003066588679475223 -0.392652647707485425 0.003219367652977454 -0.413242102818243251 0.003391854406833008 -0.436590004396778808 0.003591797281939358 -0.441217755081095564 0.003804437921163140 -0.460834344011756769 0.004045722491227510 -0.464224404472686869 0.004311317629376171 -0.444531765794069222 0.004613187264645284 -0.422955266162228227 0.004939324744053865 -0.381734828706484675 0.005284936902446493 -0.314372288005841383 0.005650662753903858 -0.244366289947132942 0.005993130629744562 -0.142188756112875292 0.005393899226962257 -0.089694953229623509
20.125000000000000000 0.002767966370967345 -0.074682403611502607 0.002534864708301252 -0.109437826512871247 0.002503628783271049 -0.159415377465256275 0.002532712688001428 -0.211825532273454381 0.002589424377689018 -0.266695843277686251 0.002665289836914704 -0.323721184989697708 0.002762966903596812 -0.369611904097205790 0.002868808856302199 -0.413250831377129813 0.002990407336082876 -0.444043931672573500 0.003118877986988345 -0.470033282982107781 0.003264551539155845 -0.497392632107971244 0.003440640997663394 -0.508201394038061083 0.003623728688657713 -0.529520327611607944 0.003844485308679108 -0.532059746199539663 0.004083454955950381 -0.511221241695442474 0.004359716829099534 -0.483568351358827864 0.004652380846205601 -0.435460490226723118 0.004972237816404141 -0.360852013409269534 0.005299499037021890 -0.277020897905837837 0.005600747979076004 -0.160870411182529233 0.004979247027647370 -0.092963551211169670
20.375000000000000000 0.002973015020669904 -0.069624743998180805 0.002678637773111428 -0.111734097348034286 0.002609907867800361 -0.169366029540833185 0.002604363050764736 -0.229930348200282547 0.002630846210719949 -0.288318499490775704 0.002671778156151769 -0.348353584463744981 0.002738646134694234 -0.401677612339736589 0.002814198640621348 -0.450729587523277520 0.002909225884217803 -0.491639204444728861 0.003009482457404436 -0.527544325715073148 0.003132886457223207 -0.565684484291808731 0.003286972420097635 -0.579024489419838195 0.003438715002720486 -0.599097180074007585 0.003633877834573716 -0.600003428277275042 0.003838664646758485 -0.576513660359644908 0.004082972337184654 -0.546642584621015670 0.004349862685344474 -0.495050887362314063 0.004633764774388155 -0.411047889277870671 0.004931468804035757 -0.316792216007299066 0.005208919872274513 -0.184887245699878966 0.004549976257665630 -0.088163674854608118
20.625000000000000000 0.003204361247943738 -0.068124843120598175 0.002844437467967079 -0.121342969822253829 0.002730084685201111 -0.185704544092843843 0.002687492481025350 -0.255206240465610079 0.002678645659623020 -0.320405792401495804 0.002684163964167327 -0.378643394661017374 0.002719016767805790 -0.440695896662892550 0.002758179037425432 -0.501035560510810551 0.002823617815193648 -0.550168716918804424 0.002893230436528515 -0.590284419368282243 0.002983233485052433 -0.631715590744815980 0.003100919795174880 -0.651807118597984458 0.003217883867865078 -0.675960058481985593 0.003374086028253567 -0.678569106474042893 0.003546501475750904 -0.655463018465481939 0.003755222361796740 -0.623452812321821814 0.003990286639464901 -0.564479808747698097 0.004242881464063281 -0.468903401386103424 0.004501830605460034 -0.368615194714698557 0.004745751890817779 -0.218204600104001806 0.004056809215597259 -0.082412150271982662
20.875000000000000000 0.003402349086286572 -0.064633967245651458 0.002960315142559467 -0.128624541559193867 0.002804809655570354 -0.202495158398064201 0.002723313827721896 -0.277379850855590138 0.002672155290367564 -0.348173683348114327 0.002640640617492590 -0.409163288010995829 0.002636675727890528 -0.478533060591241288 0.002635093629592073 -0.543318607527360053 0.002664006056133482 -0.600647370261705560 0.002695678409570950 -0.645459073571718500 0.002748887408032029 -0.699710630630873465 0.002829248512512439 -0.729239690890418957 0.002911225955747671 -0.757642386548762481 0.003029477933452453 -0.764073221262439928 0.003168535055448391 -0.743697580551439863 0.003340395948607217 -0.710445852586087723 0.003541059605139714 -0.644831182356428556 0.003758342769207991 -0.541545107054239305 0.003977166057771253 -0.425044921811724430 0.004184921666384002 -0.255974573099320757 0.003503000752396123 -0.081181455840727099
21.125000000000000000 0.003721088794184779 -0.063945285251518616 0.003226935455130844 -0.144356901258043457 0.003031759972475934 -0.231143092972012826 0.002923911730294904 -0.322014385966449712 0.002851995769143673 -0.400374431570529710 0.002790623262081436 -0.466268796788362805 0.002761281150885888 -0.538806021156715609 0.002725968362149735 -0.612452001813104219 0.002730924083856584 -0.675790764662985044 0.002744108853136990 -0.733052500607138335 0.002768111733212081 -0.791520836837130592 0.002828002688203200 -0.822897558070514679 0.002871316809032775 -0.846990602570741768 0.002964408030546006 -0.857002416131241174 0.003075539539504925 -0.829434824329582709 0.003225465656323315 -0.796209249700345012 0.003399177714072272 -0.726262622074275055 0.003603704483519628 -0.600343418376355409 0.003803386597869202 -0.466920329035745041 0.003975843925170417 -0.276494162645630925 0.003192079178749905 -0.072795476710124832
21.375000000000000000 0.003935472292762523 -0.058099294674592537 0.003342354859414115 -0.150241543407980627 0.003091790325455175 -0.246403578377413529 0.002930489070983786 -0.338806844538305618 0.002805546539525775 -0.424081230905622719 0.002696750720249830 -0.489814697825150636 0.002620462433672852 -0.569099714447693916 0.002544495175950602 -0.653300826172244165 0.002507083854840096 -0.727400283823872895 0.002475778413987015 -0.789686941060137149 0.002465652350240431 -0.863192033106759515 0.002481737012089220 -0.907710129043500791 0.002489164732992139 -0.936768407878863285 0.002538083289587320 -0.949724932113438114 0.002602969743824713 -0.922491065656942943 0.002712685922571800 -0.890927596915146780 0.002836557105726929 -0.817147690265104476 0.002992470681618065 -0.693564438061429311 0.003137157810168121 -0.541507252874805167 0.003272367977062545 -0.327015913176577411 0.002543286974226914 -0.071550040036375384
21.625000000000000000 0.004187067594665440 -0.051663029164887402 0.003504671479500538 -0.147337249538974979 0.003203194920438500 -0.246860551003120404 0.002999835403272325 -0.333800617143586331 0.002826048862861850 -0.411925933413265777 0.002668820866912401 -0.476354862919041000 0.002548456275565557 -0.558475375745353220 0.002424464238221245 -0.646651191001575421 0.002338433192133521 -0.730817231542704504 0.002260268423569502 -0.799254136272862126 0.002205646820207870 -0.881276421655711073 0.002170879034006020 -0.936447531062287064 0.002146261120338993 -0.978962869682082459 0.002166169619654654 -1.002889248756180907 0.002191336432080675 -0.981557560492565262 0.002257002017310003 -0.949870037847216131 0.002352955722573285 -0.874579088330697529 0.002467227901377055 -0.759126569599085865 0.002572968745670533 -0.596071089076032457 0.002667225845470613 -0.361555275329401737 0.001996533301605974 -0.069695652136126204
21.875000000000000000 0.004341107200677432 -0.051833569708608078 0.003583538612025567 -0.152172111537224347 0.003240915087408326 -0.254806760579070257 0.003002358439663161 -0.347622594655636108 0.002790117011535258 -0.419449507704176272 0.002598002974298964 -0.488852576074191525 0.002440623043347008 -0.575569166267464682 0.002286102438745906 -0.668497475302493371 0.002161097186928013 -0.758126442035676695 0.002043951404050507 -0.826464798893905117 0.001950345363412660 -0.919012786007344040 0.001872803147813171 -0.973441205574581581 0.001812382296774774 -1.023900929133368054 0.001781108751838908 -1.053934276265370729 0.001775839449785326 -1.040761374825360797 0.001813097608804005 -1.011218558709996440 0.001880928926402079 -0.948662603015803407 0.001959444046576093 -0.830857497621122376 0.002053487069470348 -0.668428557144967295 0.002142814381044664 -0.413922459716139834 0.001472528480875161 -0.070744437993829984
22.125000000000000000 0.004610250851124029 -0.058503811015598699 0.003780346911767955 -0.172872482419119483 0.003393020809491251 -0.278930629556034315 0.003117211043145058 -0.372150411490143107 0.002868923002960082 -0.449736912898358876 0.002641625388839092 -0.513191024447025468 0.002443954745090618 -0.598285714512510780 0.002249632000684089 -0.686207443739937917 0.002072511262315895 -0.774125441984050422 0.001914971661316111 -0.839278601323736773 0.001771906640182559 -0.929387561349939051 0.001635087818845243 -0.990572555490703888 0.001538217291512279 -1.054665502688349132 0.001460301436953023 -1.091802099582918295 0.001428548085825670 -1.084027903723731701 0.001436986998279499 -1.058385397376618631 0.001469965388327951 -1.005900008534147627 0.001524904092317992 -0.892231345378245333 0.001586740894989008 -0.727116908142257934 0.001635489750919898 -0.452133252925188911 0.000928865915762734 -0.081177839350498535
22.375000000000000000 0.004760240350267468 -0.057721941733577822 0.003882206211988630 -0.177493772839712793 0.003468950993036169 -0.284176861189430641 0.003170869274095007 -0.372449307953567454 0.002898948248026036 -0.443818288770227443 0.002648545582181907 -0.507401434046324984 0.002419142113629512 -0.585310779545490711 0.002189780983712006 -0.657800243213948810 0.001970864697813316 -0.746622983521613381 0.001768321873419457 -0.817711981949992506 0.001583714347332213 -0.910698858274454515 0.001413326587370425 -0.980730088498498187 0.001282858142346800 -1.045461558321088447 0.001178214256704489 -1.089799853041406585 0.001118480424614540 -1.084521587783525254 0.001090417029349601 -1.065837165156378497 0.001089029658895890 -1.010817253991569631 0.001107343325936294 -0.906999528406457034 0.001130812195910323 -0.737953626999469536 0.001137557124707612 -0.465305217778727853 0.000423340373252913 -0.087734671997397470
22.625000000000000000 0.004848715457841971 -0.064729270319513990 0.003986005646830233 -0.184381504822487996 0.003572229608819287 -0.281162116766245473 0.003270166217695176 -0.358365956723197321 0.002994900885740453 -0.424835631450103612 0.002737206116439416 -0.475657333933928450 0.002491842324897055 -0.543861461375011679 0.002246290609881895 -0.603004019618464282 0.002005068433409002 -0.680956695100069953 0.001783528418875957 -0.747387731628566310 0.001561533834622183 -0.832054839690629433 0.001358552587955191 -0.896083740028924991 0.001198462386455188 -0.972926162750995638 0.001060926804588391 -1.021668161779403672 0.000968089170204597 -1.025876201732733861 0.000916034327249722 -1.016907473352826052 0.000894561428690942 -0.967644201472446452 0.000883534106711211 -0.871220262232875742 0.000876055545254242 -0.714525339604177967 0.000834422042961898 -0.453699593077417584 0.000053469251443736 -0.084730532092098867
22.875000000000000000 0.004896381617404476 -0.067241869526791759 0.004047096516460358 -0.193722687563477797 0.003644738937584705 -0.284718887664758891 0.003343095683055874 -0.355505086603479237 0.003069473528667277 -0.414470481775492283 0.002820223696937889 -0.460185170422348244 0.002569874670493172 -0.520043278708972379 0.002317890545629977 -0.570203697231878248 0.002071214192352662 -0.632481852555715429 0.001831196691912412 -0.688707305912352519 0.001590703459364512 -0.765467520531810997 0.001368986773911889 -0.826734344028325685 0.001177964118711891 -0.900220706106086177 0.001005051156827289 -0.948899042816991778 0.000876479301650001 -0.961032922230928177 0.000789609229389964 -0.958619430414612950 0.000733166160464476 -0.922717653717585518 0.000686394687453725 -0.827812019959303758 0.000643834316314100 -0.691119963373954871 0.000572126387029446 -0.447481279597770398 -0.000224932675255638 -0.078948720955367424
23.125000000000000000 0.004918621258566820 -0.062792145936501245 0.004112535505585950 -0.191221990526592417 0.003734943411631005 -0.270854917156330810 0.003442076244440890 -0.328343463097582666 0.003178601078479168 -0.379539614299304440 0.002937302819570083 -0.412938738271520056 0.002689521739620807 -0.455732656941475356 0.002436073693623426 -0.494174169073814451 0.002190704924124307 -0.541595147391291998 0.001944584997463495 -0.588639427813822835 0.001693634856882458 -0.651461776014430449 0.001457820044486866 -0.711983897762481499 0.001252539060202601 -0.788316931279059552 0.001053478763115357 -0.836521924155037344 0.000896552524909614 -0.857550188224308951 0.000772768307103783 -0.854418041863100330 0.000684919037601380 -0.823653931829167574 0.000610861394176462 -0.745530798169288134 0.000532038809966012 -0.624320329715134736 0.000402117584037591 -0.409430798022399345 -0.000472051326236115 -0.071031775751117771
23.375000000000000000 0.004866781499466837 -0.056052294068270413 0.004101025699182355 -0.182682708701964791 0.003755942214915138 -0.252886904335552609 0.003482680610718026 -0.297513132306830630 0.003233705374462952 -0.331285959630514548 0.003005301037234069 -0.364073516008212306 0.002766821437147609 -0.392259286337438173 0.002522353085215173 -0.422715351262320738 0.002287753946802092 -0.455523172777244800 0.002034759322483207 -0.497400458546228386 0.001776667807463657 -0.539436708099749751 0.001536279938276589 -0.596326321791930347 0.001312436743973188 -0.671027061768289190 0.001098798747123428 -0.722872378187236375 0.000914160572063117 -0.751577789410365682 0.000759203973684722 -0.746174846205201248 0.000639803169118157 -0.713124368589446500 0.000521158646050642 -0.646029705306547575 0.000391243800841523 -0.542644160226265715 0.000218783919926286 -0.368931590854345237 -0.000665269549731234 -0.061101293977432934
23.625000000000000000 0.004845581743468600 -0.054734573619955006 0.004114662751252276 -0.176652810151199380 0.003804154607098203 -0.243650740715921882 0.003550102885221011 -0.279986563120525001 0.003316331787778844 -0.302537114098269944 0.003104028739293098 -0.330112130723288766 0.002879548223912460 -0.347203477381154035 0.002652189107622437 -0.369535535014913319 0.002431315565678141 -0.385425913405566700 0.002190103195468845 -0.415559195442509854 0.001939993202556168 -0.446420067957083722 0.001702534428457779 -0.496052020068395771 0.001474186241600031 -0.568793158630187534 0.001248290790468591 -0.617444535193534261 0.001045994203556487 -0.648878758447410497 0.000874811983155744 -0.645929311452611343 0.000732992732742154 -0.623421073293256467 0.000588367369885649 -0.569574683532314774 0.000435627381845059 -0.485826701138994121 0.000249410858920593 -0.336735891033193735 -0.000631187120937749 -0.060077948427860892
23.875000000000000000 0.004800032463199565 -0.045623781861105224 0.004094391747709592 -0.165940275115073949 0.003810715360280281 -0.235468522758845611 0.003579200561335557 -0.271238307567435777 0.003366258271635413 -0.285711320512685218 0.003172974089155086 -0.313938624982607273 0.002968837380342359 -0.322559687027728748 0.002762180619894255 -0.334819934692629939 0.002556056024866373 -0.342797134267096792 0.002322957633766196 -0.363959582450679608 0.002086481373098661 -0.378152873216473284 0.001850191516405694 -0.433192390777710823 0.001618326502383898 -0.487423426311622554 0.001393507319471517 -0.538377918977296144 0.001186792910702407 -0.564603364950639453 0.000999330954243047 -0.559793841865062203 0.000838152916365689 -0.542580848055062348 0.000672757998843344 -0.500623499681679629 0.000498747378914551 -0.428433888715451794 0.000310741331134569 -0.306815738931094595 -0.000608981950351517 -0.057846334335662358
