# Index(['mlt', 'mlat_eb', 'ef_eb', 'mlat_05', 'ef_05', 'mlat_10', 'ef_10',
#        'mlat_15', 'ef_15', 'mlat_20', 'ef_20', 'mlat_25', 'ef_25', 'mlat_30',
#        'ef_30', 'mlat_35', 'ef_35', 'mlat_40', 'ef_40', 'mlat_45', 'ef_45',
#        'mlat_50', 'ef_50', 'mlat_55', 'ef_55', 'mlat_60', 'ef_60', 'mlat_65',
#        'ef_65', 'mlat_70', 'ef_70', 'mlat_75', 'ef_75', 'mlat_80', 'ef_80',
#        'mlat_85', 'ef_85', 'mlat_90', 'ef_90', 'mlat_95', 'ef_95', 'mlat_pb',
#        'ef_pb'],
#       dtype='object')
0.125000000000000000 0.000018740384628704 -0.001013060915798036 0.000015747406080224 -0.000579505635687871 0.000013341163668409 -0.000262277902723373 0.000011633582747253 0.000109599399562497 0.000009955735208304 0.000103853858767047 0.000008860939764313 -0.000200444520194113 0.000007663089696693 -0.000849215814555844 0.000006660921350239 -0.001356733947861792 0.000006089854879718 -0.001973782566935296 0.000005609874761672 -0.002751886157888955 0.000005062341655970 -0.002951559710425280 0.000004801855057302 -0.003221220123290154 0.000004289390922955 -0.003285890440967433 0.000003834064911677 -0.003140544193765371 0.000003323349115652 -0.003150636747380728 0.000002754987044339 -0.003155075340194473 0.000001804594993103 -0.002610351536987416 0.000000545198477587 -0.001804394780283403 -0.000000546345101079 -0.001370395505534221 -0.000002500706462686 -0.001396038344157060 -0.000006123956431626 -0.000942081865994969
0.375000000000000000 0.000019110589834313 -0.001039431925405236 0.000016167906293708 -0.000623265764962992 0.000013625410932376 -0.000251902431908657 0.000011787467592519 0.000076992784059435 0.000009959948421428 0.000086649742105749 0.000008613262566427 -0.000247247876361303 0.000007268429580865 -0.000899502164269680 0.000006111715661648 -0.001496454839677819 0.000005348185490376 -0.001975972257377638 0.000004598643094464 -0.002844548979324823 0.000003962923316092 -0.003193821739430326 0.000003585547653754 -0.003456525383562866 0.000003002644707693 -0.003394255158138897 0.000002632595433261 -0.003113825760259340 0.000002105304764711 -0.003404235282398041 0.000001559431773796 -0.003429353918349182 0.000000698204730839 -0.003018765242437564 -0.000000413386532972 -0.002382136214667858 -0.000001575407297263 -0.001670324690242753 -0.000003178069082813 -0.001519567320372161 -0.000006738032204188 -0.001039515637548108
0.625000000000000000 0.000018535536611227 -0.000998718656559850 0.000015407817726439 -0.000395020636625907 0.000012968663013120 -0.000009353411219350 0.000010966579797963 0.000467792100990839 0.000009038323622243 0.000547567741983300 0.000007480943104639 0.000220418996790743 0.000005905546745094 -0.000411875637707499 0.000004631401210579 -0.000946159967759795 0.000003695144472168 -0.001388301531013638 0.000002877027451766 -0.002290632367205311 0.000002130050076256 -0.002727843004595752 0.000001621732020712 -0.003143282488683323 0.000000869426850917 -0.002963640388672680 0.000000545374384103 -0.002695341020171443 -0.000000010513510651 -0.003163865979071789 -0.000000736059851405 -0.003117248353909799 -0.000001684333331438 -0.002608259142164060 -0.000002665378584684 -0.002125329500769058 -0.000003677361882402 -0.001591992922628347 -0.000005477582520053 -0.001288758063767461 -0.000006098392710871 -0.000917460186492788
0.875000000000000000 0.000017375536674404 -0.000979165834361474 0.000014897121975909 -0.000239454401021115 0.000012908863216646 0.000151900503505192 0.000011038764246005 0.000754339318836395 0.000009232481070875 0.001092723200148255 0.000007645469967983 0.000933235109846160 0.000006101515648884 0.000364737625028513 0.000004898684009024 -0.000135198964671345 0.000003953333281311 -0.000558070464550208 0.000003021096877210 -0.001606671385443656 0.000002253047092780 -0.002226382748468827 0.000001816776253022 -0.002880110107458304 0.000001234056546345 -0.003038892355261584 0.000001110013540669 -0.002778866423180875 0.000000746788763166 -0.003102341933007116 0.000000425690036426 -0.002821520137339579 -0.000000270675457878 -0.002372811840192430 -0.000001025646390530 -0.001964146063812234 -0.000001985785800985 -0.001544112324189783 -0.000003010692225229 -0.001136366579939467 -0.000003995619555811 -0.000963751326010948
1.125000000000000000 0.000018366853397520 -0.000989904883090620 0.000015549669793548 -0.000394370408217947 0.000013442430839338 -0.000019664770300155 0.000011393331882350 0.000264231273527059 0.000009587618270431 0.000448832206738455 0.000007953159554447 0.000149534968349944 0.000006387951468692 -0.000276835367625661 0.000005150077768841 -0.000826564467838002 0.000003991624205815 -0.001361830902875747 0.000003012168572172 -0.002257612966494950 0.000002301369029353 -0.003056489564928879 0.000001806575322870 -0.003652260672461950 0.000001206399640596 -0.003593748793462780 0.000001040775584960 -0.003299048442736081 0.000000490676914365 -0.003399333686493129 -0.000000065758094051 -0.003088733729165499 -0.000000983154429325 -0.002702585884988395 -0.000001981091786661 -0.002094888501124391 -0.000003076389155853 -0.001834204266825505 -0.000003574467534499 -0.001518460396774704 -0.000005447623440060 -0.001127334677538560
1.375000000000000000 0.000019254363052207 -0.000992538598017300 0.000016352991187735 -0.000484763816430097 0.000014149354226940 -0.000255947445304060 0.000011978243667502 -0.000078559972403599 0.000010279659193807 0.000088603283651301 0.000008674852273502 -0.000296735000615752 0.000006976361893998 -0.000738558775190776 0.000005786119559563 -0.001369399533582337 0.000004498438370742 -0.001687251616386434 0.000003426422502096 -0.002521588548065059 0.000002807893483401 -0.003279554627424008 0.000002261606452016 -0.003831032083633861 0.000001543732712432 -0.003751911342037712 0.000001246378825552 -0.003451775423671843 0.000000509095662684 -0.003358037150386481 -0.000000433806722085 -0.003055156342806297 -0.000001647082000077 -0.002746192654404294 -0.000002826486481681 -0.002334610082320093 -0.000003569516497643 -0.002151578661396317 -0.000003443906702673 -0.001778944831245230 -0.000001883847812743 -0.001213267148617187
1.625000000000000000 0.000021030406959268 -0.000969138724184149 0.000018068140014253 -0.000554417451671622 0.000015822219925604 -0.000351055806184047 0.000013802095284178 -0.000237863409488280 0.000012142950221688 -0.000207402926301306 0.000010585902724592 -0.000491097202318126 0.000008826882195397 -0.000753239369573149 0.000007565681676709 -0.001325277739546767 0.000006292848380075 -0.001504011796905126 0.000005218650486641 -0.002112799038508066 0.000004501522997061 -0.002862058527452175 0.000003788105164706 -0.003310534323909841 0.000002871050227368 -0.003040892593344335 0.000002144102734015 -0.002912770084294667 0.000001028093643512 -0.002989122025551955 -0.000000047152698853 -0.002842397394625155 -0.000001319362858981 -0.002714803377649077 -0.000002623132410161 -0.002304094940104889 -0.000003161218366416 -0.002325356964543367 -0.000002940704827620 -0.002003868782879656 -0.000000008100244603 -0.001100807050312852
1.875000000000000000 0.000024014346368798 -0.000930399068861391 0.000020760618733459 -0.000623471114956998 0.000018020829613801 -0.000445770485756082 0.000015993678887043 -0.000467036848385452 0.000014271851507456 -0.000510210057291437 0.000012749247840213 -0.000916270804140806 0.000011187266649063 -0.001212436857627242 0.000009933475953224 -0.001845090037599117 0.000008523877943503 -0.002101984722668162 0.000007403724393062 -0.002520559168839133 0.000006565058693212 -0.002914528748863659 0.000005880822829687 -0.003173824270186248 0.000004917849202820 -0.003242856697469244 0.000004058499791988 -0.003058095370320916 0.000002871345050951 -0.003053383657533408 0.000001772579167318 -0.003092790519574587 0.000000634725194446 -0.002959953503635038 -0.000000874940569731 -0.002613420086515094 -0.000001615332600170 -0.002606671187582282 -0.000000813746143467 -0.002147769931223664 0.000000412716741102 -0.001130752995176903
2.125000000000000000 0.000025595526461108 -0.000851159354137502 0.000021311141418360 -0.000677492380390041 0.000017978732923848 -0.000729896072391866 0.000015683513804939 -0.000819080821815212 0.000013833128360556 -0.001059415570625095 0.000012179121766665 -0.001576104219280554 0.000010572885172760 -0.001887543659614066 0.000009207726375387 -0.002449287812719832 0.000007759635884115 -0.002865994950456244 0.000006578202022198 -0.003120824012500333 0.000005585303232566 -0.003239816463194170 0.000004782717140559 -0.003437121597999616 0.000003539285257972 -0.003328329643517904 0.000002462748971182 -0.003150038489019998 0.000001194992583506 -0.003345401365137247 -0.000000273267717708 -0.003465567466828034 -0.000001592105960735 -0.003375747060131706 -0.000003135883432553 -0.002787138847787594 -0.000004258815799889 -0.002547213121123960 -0.000004185843882673 -0.002141052739524104 -0.000001718492978286 -0.001005149136917794
2.375000000000000000 0.000027537155895842 -0.000640213822915543 0.000022782027435964 -0.000673680314957494 0.000019254092063408 -0.000861940027752071 0.000017025954498767 -0.000942909568355199 0.000015223292496301 -0.001455762259485197 0.000013513076781921 -0.001960144611087173 0.000011923126531497 -0.002388858451628025 0.000010620650396423 -0.002848926648208182 0.000009353526089909 -0.003236490181008702 0.000008242087861327 -0.003517428612967748 0.000007163537198822 -0.003397422232167698 0.000006288452543489 -0.003412783441293851 0.000005024286587239 -0.003386810831114064 0.000003893153738866 -0.003395206497037403 0.000002701992653074 -0.003517300154631484 0.000001230058771939 -0.003529166499409454 -0.000000040816731221 -0.003488641859628741 -0.000001497013178173 -0.002888781886712041 -0.000002565649669773 -0.002321409924678875 -0.000003406291344359 -0.001992840119350364 -0.000000420033069713 -0.000821712364418249
2.625000000000000000 0.000028169087559540 -0.000496386604628882 0.000023171812828346 -0.000471972185328148 0.000019505144949138 -0.000744436372093369 0.000017338181212957 -0.001028108519004640 0.000015533643625034 -0.001751537947751534 0.000013927818361100 -0.002113945168252802 0.000012623393189844 -0.002814058316507824 0.000011368415899994 -0.003100771474052861 0.000010194475060536 -0.003630797649454967 0.000009186892586861 -0.003834380474567020 0.000008137936366610 -0.003684851297939904 0.000007309322483532 -0.003552435576179976 0.000006159695388076 -0.003349828629495971 0.000005104230548610 -0.003434649110591151 0.000004013734325487 -0.003665358628471475 0.000002718109051733 -0.003890060957100886 0.000001494657685642 -0.003549166063637438 0.000000192869383093 -0.002854954248840550 -0.000001041293122878 -0.002146737598154823 -0.000002135163895317 -0.001774617517940295 -0.000001844793319928 -0.000717105636628574
2.875000000000000000 0.000029013274995509 -0.000394699738327546 0.000023526345509584 -0.000535452413502267 0.000019759751701466 -0.001030072595862405 0.000017429186227958 -0.001438530971840677 0.000015660788761267 -0.001966755917004930 0.000014033018011249 -0.002424853462289786 0.000012832971565507 -0.003120466470994772 0.000011471932297935 -0.003400728018122750 0.000010296116303232 -0.004200207992318046 0.000009275643318214 -0.004379772352305773 0.000008186950943297 -0.004216661754248265 0.000007294343696090 -0.004141714083905529 0.000006127691372649 -0.004165768878761136 0.000005220821966741 -0.004226832827692536 0.000004282493353230 -0.004153855010105671 0.000002873856962458 -0.004069317503962621 0.000001559864188002 -0.003560950764013091 0.000000253479265932 -0.002845107245728922 -0.000001318271477538 -0.001925799251410067 -0.000002662459867608 -0.001535460045983867 -0.000003958063140853 -0.000636133673563684
3.125000000000000000 0.000028665199982455 -0.000570135809864669 0.000023615686931358 -0.000576608266200281 0.000020449651159071 -0.001094071059413788 0.000018470214131311 -0.001455896159891802 0.000016916148779000 -0.002122020003318116 0.000015540408642016 -0.002385578407301455 0.000014410419839033 -0.002971836074413490 0.000013259370188557 -0.003187678441677774 0.000012227826938320 -0.003649134962483410 0.000011453635458524 -0.003733932667815085 0.000010519683866981 -0.003741375046052438 0.000009693600392508 -0.003682062092196700 0.000008704003818834 -0.003468915487970820 0.000007777624689646 -0.003481370780874659 0.000006830217383044 -0.003511773454005392 0.000005656337902244 -0.003443849719926454 0.000004549683926366 -0.003153016867857037 0.000003376121061804 -0.002639253476716727 0.000002095460441612 -0.001838778897663819 0.000000996296528806 -0.001442472401619509 -0.000001275231617430 -0.000808113950393113
3.375000000000000000 0.000029354760825464 -0.000294374172772379 0.000024144334549192 -0.000303091285185126 0.000020917731577846 -0.000931053054049442 0.000018872582436850 -0.001388849678153720 0.000017458762582762 -0.002121890050202206 0.000016201265471180 -0.002429924134667654 0.000015284431387853 -0.003117352278138406 0.000014207497949215 -0.003376149519155304 0.000013326950670416 -0.003997357362952389 0.000012673568324357 -0.004062482233741253 0.000011861841065679 -0.004061819200463618 0.000011154177291903 -0.004172428043051159 0.000010321646258696 -0.004102226202438012 0.000009665886089431 -0.004046504030452269 0.000008966316664208 -0.003723733920770544 0.000007856864687635 -0.003561636119820190 0.000006869983570136 -0.003175473724645435 0.000005892253572717 -0.002576026582585935 0.000004712599248881 -0.001785303846481179 0.000003864255802230 -0.001276817173364489 0.000001600165013719 -0.000787815530093807
3.625000000000000000 0.000029063423656128 -0.000026072558185898 0.000023980539606181 -0.000062966118685924 0.000020917554278815 -0.000636244670939283 0.000018994240734251 -0.001318777852571474 0.000017732067129835 -0.002173815059012530 0.000016645287220020 -0.002421457903452372 0.000015836948231249 -0.003246988791350830 0.000014879152908606 -0.003367971491131942 0.000014208956046625 -0.003899359915830972 0.000013740588018148 -0.004148962228842287 0.000013036702594340 -0.004156877593117841 0.000012367349373972 -0.004323353883446072 0.000011768342850030 -0.004125866383516105 0.000011182264033405 -0.004055248310972905 0.000010544614311661 -0.003718380080880333 0.000009604787169317 -0.003530580351778629 0.000008733337449747 -0.003121294238218385 0.000008003627659405 -0.002561175270643468 0.000007076268420698 -0.001778894833576109 0.000006148571395534 -0.001255261369488540 0.000003428743179569 -0.000755875029812306
3.875000000000000000 0.000028382375029187 0.000187333574648279 0.000023736199338070 0.000176549526536957 0.000021052868635390 -0.000441041054530046 0.000019414790898928 -0.001146020636860199 0.000018356660703700 -0.002091853629926827 0.000017519269880212 -0.002441014973062932 0.000016947648445332 -0.003196251922264852 0.000016242517804126 -0.003318805987948046 0.000015711570540720 -0.003781855763131320 0.000015399730903655 -0.003904774657891426 0.000014864896289291 -0.003959357628456355 0.000014322996447634 -0.004161695754347238 0.000013906529307167 -0.003774044456416612 0.000013432670413306 -0.003700733645635693 0.000012867747215736 -0.003222954992839437 0.000012121722079406 -0.003092666662064482 0.000011452079196678 -0.002764572855098230 0.000010884826566293 -0.002335762925114034 0.000010231487926366 -0.001629543456710456 0.000009605605016268 -0.001129092028433715 0.000005862146171674 -0.000685833283453553
4.125000000000000000 0.000026330798597129 0.000025957409934683 0.000022312211686786 0.000152510669450558 0.000019962416670184 -0.000431230966980844 0.000018553711470769 -0.001007549065152811 0.000017643847622566 -0.001876391941876150 0.000017013761065481 -0.002218684419690421 0.000016634324649816 -0.003082522120631663 0.000016152026182377 -0.003224577550611033 0.000015830132650452 -0.003517605187325687 0.000015722189407801 -0.003660464033922144 0.000015338353932099 -0.003575811114993938 0.000014895591121498 -0.003748569499860477 0.000014603356975191 -0.003394415505659987 0.000014261760576522 -0.003207060889567876 0.000013842511059273 -0.002879749357090787 0.000013259578185983 -0.002810674519246800 0.000012653239249045 -0.002550757361091394 0.000012282716539721 -0.002223464263192467 0.000011829465869798 -0.001645512036926194 0.000011947530754675 -0.001056242997394334 0.000009178659087090 -0.000707829673842387
4.375000000000000000 0.000024223059294839 -0.000048360437533913 0.000020731050056034 0.000100792823786165 0.000018723193494602 -0.000511518219162951 0.000017584816894088 -0.001037546015818352 0.000016933977064008 -0.001862287095056423 0.000016482483538257 -0.002254910598765787 0.000016247495628471 -0.002923856276773151 0.000015946547797480 -0.003066251682625496 0.000015729301567240 -0.003319541511615062 0.000015749281336150 -0.003398900296808651 0.000015459932665073 -0.003303375484520114 0.000015119788408334 -0.003607445091005396 0.000014954570105190 -0.003235159508654525 0.000014718039264479 -0.003011583835840832 0.000014391448759549 -0.002756865880407865 0.000013968628607019 -0.002538580927468942 0.000013597044048476 -0.002295075395040453 0.000013386200148860 -0.002130391827722260 0.000013049286846593 -0.001586524922479924 0.000013507557324400 -0.001018557239267958 0.000012058740611253 -0.000778393988030235
4.625000000000000000 0.000022094203583209 0.000008156809212499 0.000019167280659802 0.000212634218165660 0.000017498630313909 -0.000456451251015339 0.000016709239081649 -0.000937813986346492 0.000016290075835749 -0.001948333085951446 0.000016101326582261 -0.002246415944338328 0.000016081690822778 -0.002951643020411639 0.000016077227285586 -0.003109966048820854 0.000016026255524609 -0.003355747330135544 0.000016238797660917 -0.003424369981081675 0.000016158555683692 -0.003349766600096925 0.000016007804311225 -0.003668197238323880 0.000016057718477995 -0.003209988769153324 0.000016064704062197 -0.002965378334733291 0.000016031617430342 -0.002612253972598376 0.000015858119868680 -0.002494622877759265 0.000015760649045113 -0.002242718580073054 0.000015685863510544 -0.002058738957311443 0.000015728551218469 -0.001615411094750439 0.000016505596758940 -0.000972062191914018 0.000016406096606598 -0.000775219820886909
4.875000000000000000 0.000020083505852531 0.000217120487418798 0.000017550111788441 0.000393691610883196 0.000016095682574953 -0.000186341740618730 0.000015555919629237 -0.000766905716857032 0.000015367656532132 -0.001624337642551308 0.000015425127761552 -0.002090113486354241 0.000015572576149768 -0.002916253813360247 0.000015795436640200 -0.003186182275394463 0.000015975518640272 -0.003382056194314864 0.000016316822186701 -0.003474788416956266 0.000016427322356166 -0.003360246360734542 0.000016445959494640 -0.003549494080918273 0.000016667839352050 -0.003058731645964231 0.000016879954157926 -0.002822823350447033 0.000017054098799297 -0.002596822430732251 0.000017015471119430 -0.002400480701917338 0.000017084021532526 -0.002018272087244449 0.000017081564040313 -0.001928604008451284 0.000017519382353570 -0.001525710011246325 0.000018732341064761 -0.000849541268718376 0.000019981221271074 -0.000645904739490419
5.125000000000000000 0.000018549052408316 0.000290638011950186 0.000016075895005248 0.000504834972252722 0.000014733811490181 0.000011259345691739 0.000014203571899959 -0.000588895393614664 0.000014075859357206 -0.001327343914434152 0.000014224832538362 -0.001980274635268216 0.000014640507902248 -0.002756089661071068 0.000014973149850316 -0.002972659196774188 0.000015309392786760 -0.003232864256869159 0.000015778900701882 -0.003419656255099781 0.000016009926001907 -0.003392200566788998 0.000016228886685218 -0.003685505169655217 0.000016698072574469 -0.003178292470463055 0.000017143667518206 -0.002982750525038695 0.000017494670620933 -0.002674746291761983 0.000017620824701841 -0.002522488184230738 0.000017907280387787 -0.002059100129008531 0.000018137608155380 -0.001878706979039615 0.000018912030035874 -0.001376461980088900 0.000020271294144188 -0.000762576817371391 0.000022725082539262 -0.000536166732076394
5.375000000000000000 0.000016369453514813 0.000289218931610492 0.000014557946812470 0.000485918612360214 0.000013183798571483 0.000045152017432477 0.000012884984856422 -0.000418166111905631 0.000012855504031488 -0.001105082707756186 0.000013081994066878 -0.001890019294530684 0.000013621632575766 -0.002568283878626116 0.000014150770148712 -0.002977799353783463 0.000014670523123312 -0.003299500004427700 0.000015332248280172 -0.003510649278215542 0.000015776867509412 -0.003428553320710864 0.000016184742599466 -0.003676883259715017 0.000016858876314744 -0.003212144832862484 0.000017539725840849 -0.003018570722739551 0.000018118435819149 -0.002837320291656283 0.000018722532352928 -0.002620382674903118 0.000019212335990865 -0.002103488094407389 0.000019673211975119 -0.001879122731951137 0.000020576006537681 -0.001396298560078592 0.000021899590287690 -0.000827257577115986 0.000025385603835845 -0.000414697242689334
5.625000000000000000 0.000014489830836762 0.000104805914336642 0.000012734335154183 0.000326069114252854 0.000011528085375493 -0.000126922793375304 0.000011509806561331 -0.000544485414438425 0.000011531040503766 -0.001122179327538860 0.000011861362375485 -0.001897500966523054 0.000012444867275610 -0.002494319886855390 0.000013079618605715 -0.002909574476235099 0.000013685883435329 -0.003064656997786758 0.000014427799495737 -0.003283522764618346 0.000014933195205776 -0.003261128677318808 0.000015419802393432 -0.003392779342097337 0.000016119696525806 -0.002837537492489981 0.000016851876478096 -0.002756443698822824 0.000017564753035941 -0.002751995660030617 0.000018498457236136 -0.002522399065345579 0.000019280476706212 -0.001989853157463803 0.000019859331077084 -0.001931233458598972 0.000020876668421466 -0.001246240315515664 0.000021931104665561 -0.000800318311259289 0.000025448584137888 -0.000394819626739926
5.875000000000000000 0.000015771739089869 -0.000170908319991783 0.000013877860157467 0.000002431958540684 0.000012924502809697 -0.000559594000730595 0.000012960244746830 -0.000773990347134586 0.000013051929462550 -0.001274949397963148 0.000013441301404035 -0.001966229278251609 0.000014097750761791 -0.002505331947417973 0.000014860049349777 -0.003093883334646893 0.000015626790449960 -0.003240565326664396 0.000016445889948281 -0.003404566293251002 0.000017209127540649 -0.003551850700679350 0.000017902988178443 -0.003642897792439256 0.000018691718911529 -0.003038350184097799 0.000019623424533383 -0.002973181746029639 0.000020599810354471 -0.002966722615093621 0.000021698927767462 -0.002615822649455689 0.000022760706204363 -0.002083963276974969 0.000023379021205218 -0.001936522165149304 0.000024593682295137 -0.001211598310202947 0.000025849787330836 -0.000730770708773743 0.000029568023785908 -0.000421367129769960
6.125000000000000000 0.000018034831118012 -0.000494993417120105 0.000015969470108756 -0.000428232900029468 0.000014787304735398 -0.001007211334363283 0.000014654943995203 -0.001274143875558511 0.000014484459323324 -0.001820276323644392 0.000014722607584861 -0.002403410610058836 0.000015233718432709 -0.003038701944615134 0.000015796785744938 -0.003660106808364808 0.000016481889073492 -0.003911607344437235 0.000017241050146888 -0.004228080609226592 0.000017856774220125 -0.004450822120326822 0.000018517637670285 -0.004400624368536649 0.000019299699810374 -0.003979731774321658 0.000020328479611566 -0.003861656202998774 0.000021473886268242 -0.003946313441516238 0.000022656113344104 -0.003385529499966683 0.000023563744187915 -0.002738010476494323 0.000024215374864448 -0.002530713383754778 0.000025546504774073 -0.001798396668820747 0.000026728239127225 -0.001065887634117906 0.000031077489416979 -0.000538257285657290
6.375000000000000000 0.000020967598554046 -0.000458258591247206 0.000018026403446900 -0.000477939568302094 0.000016397746142041 -0.001142134905187455 0.000016075902806711 -0.001666576311435468 0.000015714894651962 -0.002174409643669274 0.000015864693413648 -0.002847328811544301 0.000016266561714190 -0.003320787824932089 0.000016742606552139 -0.003848092666279748 0.000017189037805840 -0.004200329195770315 0.000017747315427755 -0.004392978780429363 0.000018328995527303 -0.004794152334424938 0.000018884199514015 -0.004825606410299666 0.000019633057207757 -0.004362615756312025 0.000020685385840973 -0.004396493844506901 0.000021743081791493 -0.004312166276997634 0.000022949534440309 -0.003644351545175427 0.000023929515411058 -0.002957176998393960 0.000024404470673712 -0.002720741319515275 0.000025531554443390 -0.001965629468883525 0.000026050952326763 -0.001189796934585394 0.000027689045615611 -0.000597857120129099
6.625000000000000000 0.000026191322212876 -0.000553195768935730 0.000022258215596219 -0.000647611064896173 0.000020275782357238 -0.001298981478579104 0.000019511567979457 -0.001869283924401512 0.000018740191873242 -0.002483383123490629 0.000018570753670613 -0.003291216948902417 0.000018760368788079 -0.003849163019818643 0.000019137376776190 -0.004448352257801123 0.000019426354597693 -0.004782669453022651 0.000019792044201368 -0.005075407132172719 0.000020261677438805 -0.005476829259323643 0.000020728938407200 -0.005347166318632624 0.000021459846466957 -0.005033798667756392 0.000022380932486770 -0.005013844089460758 0.000023313601502858 -0.004804921980647763 0.000024328792551734 -0.004185210995702405 0.000025080606630266 -0.003490254928638720 0.000025279751405513 -0.003132191973789091 0.000026191356867166 -0.002270147258984398 0.000026215850920041 -0.001411337220378484 0.000026432121413345 -0.000687559312208595
6.875000000000000000 0.000028127648408050 -0.000594119061043074 0.000024003732205147 -0.000657164975140418 0.000021460025053093 -0.001094640815762754 0.000020444675259697 -0.001700852278628091 0.000019497071823966 -0.002205054425103310 0.000019170871219875 -0.002978888424141892 0.000019170847223473 -0.003663397653577726 0.000019380608422297 -0.004217808222849186 0.000019582579087429 -0.004447122513084780 0.000019894323354388 -0.004757727773164346 0.000020179604822498 -0.005189331541577473 0.000020629614874931 -0.005222619235442551 0.000020999907356904 -0.004989565135437039 0.000021773126850221 -0.005042596904137499 0.000022685451425741 -0.004866975495315696 0.000023718771355182 -0.004324663489884242 0.000024425717289825 -0.003570964677934475 0.000024797397313072 -0.003253265513742374 0.000025467350866149 -0.002300862327812217 0.000025183303496527 -0.001495343281380355 0.000025705774065460 -0.000829351820220437
7.125000000000000000 0.000034250753975550 -0.000842980370965614 0.000028853132943464 -0.000951891192649125 0.000025738049201532 -0.001505675105986942 0.000024412506383729 -0.002048915564314704 0.000023018514440359 -0.002662685139734163 0.000022313867328726 -0.003377337974240530 0.000022113569323484 -0.004152848723793448 0.000022145142938727 -0.004608954581357585 0.000022003210600035 -0.004832635078633219 0.000022060266549052 -0.005184301949267745 0.000022122886500975 -0.005662805264564580 0.000022305056633906 -0.005788767741527261 0.000022426942714917 -0.005742635550875174 0.000022988008024676 -0.005730481882486663 0.000023744498304636 -0.005419907710681869 0.000024569924305254 -0.004918379415168373 0.000025145214864793 -0.004272773185747936 0.000025743771642517 -0.003994372531744493 0.000026145830333653 -0.002791179672279218 0.000025524569411277 -0.001873260313425631 0.000024762324703270 -0.001008354542530940
7.375000000000000000 0.000035463552847334 -0.000921579497031526 0.000029960348651520 -0.000985923496732554 0.000026782892285151 -0.001390731050388313 0.000025428193287358 -0.001865253334477210 0.000023839538522554 -0.002698716612851253 0.000023199688440270 -0.003236989996840880 0.000022771016770300 -0.003939791201660632 0.000022820385991309 -0.004403902230692004 0.000022610845696669 -0.004567661970806441 0.000022578939234415 -0.004910435410510876 0.000022636198010789 -0.005267814644725714 0.000022806103912185 -0.005541635104301285 0.000022870907566871 -0.005407571165773470 0.000023285573560362 -0.005491276475298367 0.000023974775531637 -0.005295052426769704 0.000024898258654488 -0.004910075965162788 0.000025579087162019 -0.004276053278319795 0.000026244308252884 -0.004122864661688427 0.000026627247386795 -0.002982913834685020 0.000026311219127964 -0.002131939793448211 0.000026273228230953 -0.001107143137917446
7.625000000000000000 0.000035663138667689 -0.000991494930199877 0.000029932399443687 -0.001064091091916291 0.000027007318825565 -0.001417095858750731 0.000025689664336069 -0.001875647754210590 0.000024125484937433 -0.002622013777399805 0.000023838870260715 -0.003110555875948703 0.000023378331696867 -0.003779221013038804 0.000023394874221985 -0.004151451204891137 0.000023184590796948 -0.004337499718977883 0.000023156628960198 -0.004687747048030804 0.000023209948668625 -0.005064007135375902 0.000023335339855192 -0.005287673384455518 0.000023352741255574 -0.005285347179988168 0.000023735867471019 -0.005286860240705987 0.000024295243262870 -0.005091349841014263 0.000025055525976980 -0.004836563810002799 0.000025585852165670 -0.004208896541534814 0.000026293256231247 -0.004130667881478946 0.000026753351062800 -0.003081252475940268 0.000026790330883143 -0.002173418977600109 0.000025597245157721 -0.001295723998098116
7.875000000000000000 0.000035475515712226 -0.001147287374197856 0.000030670727585348 -0.001339181396857771 0.000027988109160917 -0.001503982137483403 0.000026627763601003 -0.001841609272388737 0.000025189278775857 -0.002552571374431682 0.000025097328638351 -0.002878942973842716 0.000024776523372255 -0.003439550408128592 0.000024802839905022 -0.003802243772178295 0.000024619805808609 -0.004050982944336073 0.000024622231762343 -0.004448483093482396 0.000024631477669096 -0.004740271764159047 0.000024774863254219 -0.004948204361615781 0.000024852916002900 -0.004992844610055207 0.000025200011662172 -0.005001336273607851 0.000025808212862831 -0.004925522674927406 0.000026470936477441 -0.004756592099832619 0.000026862646513808 -0.004118994007230248 0.000027448004888652 -0.004035996733646347 0.000027997958315278 -0.003114602732127481 0.000028188095415813 -0.002222003193020706 0.000025046755726680 -0.001254709552140716
8.125000000000000000 0.000036778503028549 -0.001203265335490897 0.000032164478435671 -0.001407759354846622 0.000029738922751905 -0.001497371537822737 0.000028503038458532 -0.001800202114981585 0.000027242698013777 -0.002530096007290157 0.000027236691312705 -0.002850397926889866 0.000026736998979045 -0.003279276050879186 0.000026796391933939 -0.003521885425071416 0.000026519174663698 -0.003962995285944116 0.000026538867355637 -0.004186389978093141 0.000026502444405186 -0.004432144217676071 0.000026481933268907 -0.004677563120335166 0.000026495537817461 -0.004769557075810681 0.000026752789493484 -0.004909515840476246 0.000027126634336000 -0.004727055262797705 0.000027726915607109 -0.004589871373820652 0.000027881887954754 -0.003969861755145179 0.000028432339143593 -0.003938023633714079 0.000028659221353212 -0.003004034559531122 0.000028694438415594 -0.002200584349362160 0.000026036614835388 -0.001318439220729239
8.375000000000000000 0.000037131504028694 -0.001227587717706716 0.000032146087781898 -0.001467648011458892 0.000029985726795964 -0.001495191567591858 0.000028633655874870 -0.001840392973103931 0.000027969427078079 -0.002511098151752633 0.000028555280075657 -0.002844950278926855 0.000028631421069500 -0.003199582544060471 0.000029002424222315 -0.003446012284480000 0.000028746675030626 -0.003665539922260210 0.000029053926089833 -0.003891962478848374 0.000029234532224072 -0.004044499876590881 0.000028976730414641 -0.004358000882388855 0.000028875212362174 -0.004421010734672812 0.000028943688137400 -0.004551428118281867 0.000028943363437868 -0.004439394763837554 0.000029421518497417 -0.004281203991295859 0.000029545296520919 -0.003705180809504952 0.000029954961408991 -0.003665716470146992 0.000029844878937698 -0.002686734170681381 0.000029324046792437 -0.002110714126648849 0.000027136322202643 -0.001370970280835187
8.625000000000000000 0.000035834649606223 -0.001250600654624413 0.000031604193607245 -0.001523413350098001 0.000029765350854136 -0.001481092989400285 0.000029034406700575 -0.001643513547631811 0.000028827097512495 -0.002239355860625959 0.000029748812703086 -0.002542043989258698 0.000030089091093405 -0.002933923375430030 0.000030493074005508 -0.003216536473624577 0.000030469676248574 -0.003349533471917046 0.000030931627533210 -0.003619515641914836 0.000031182518997284 -0.003608822847033940 0.000030998023884555 -0.004050223062446071 0.000030890973238118 -0.004099586530758061 0.000030961864141713 -0.004121574121498679 0.000031148318994382 -0.004135960672839148 0.000031564935839074 -0.004082697438087575 0.000031456049060360 -0.003467112710965820 0.000032131033660039 -0.003470041734490408 0.000032028653977716 -0.002431719619803882 0.000031454893175489 -0.002002234882934851 0.000027611497138008 -0.001406101033131098
8.875000000000000000 0.000035163514033369 -0.001182370563066621 0.000030857302415166 -0.001475243084407232 0.000028832298273606 -0.001479320626526194 0.000028708087402686 -0.001653715118942326 0.000029165550189678 -0.002114536929508452 0.000031091916108852 -0.002349820993149759 0.000031892382934074 -0.002752482822248196 0.000032674466996625 -0.003014672270373040 0.000033159845233017 -0.003103553182403252 0.000033825477061664 -0.003306386210936000 0.000034165031616841 -0.003281710214837451 0.000034033953450886 -0.003747205321696316 0.000033940059004602 -0.003756688436932044 0.000034061712175173 -0.003858858765247117 0.000034432987323966 -0.003840337738831291 0.000034969328748108 -0.003815561688281946 0.000034995752447106 -0.003160289646478626 0.000036000607676600 -0.003116446632474070 0.000035820923614373 -0.002121377010114749 0.000035202642335374 -0.001832907954296701 0.000032382987262247 -0.001317439610311208
9.125000000000000000 0.000040564764909134 -0.001429932623655203 0.000036435754263740 -0.001732646295707467 0.000034399543448210 -0.001771225502559419 0.000033552213585314 -0.002101534361164436 0.000033257310794495 -0.002726923784472706 0.000034354626183012 -0.003079853047361883 0.000034746896430521 -0.003459914370517095 0.000035144155753218 -0.003582583144455702 0.000035558107997381 -0.003933677460849229 0.000035997881800631 -0.004163725166090635 0.000036003741972536 -0.004265862224085214 0.000035981065584626 -0.004452562883539950 0.000036205680633771 -0.004547882465054734 0.000036675641983145 -0.004630653338890680 0.000036917200306059 -0.004421829931901767 0.000037684323451777 -0.004391782185194676 0.000037818674167991 -0.003808338683125818 0.000039097079493149 -0.003612979117764844 0.000039546068146219 -0.002949586250737954 0.000039233388005768 -0.002193327170851042 0.000037163225552676 -0.001647686654311826
9.375000000000000000 0.000043403206240680 -0.001512616088904210 0.000039051599586998 -0.001840161660758561 0.000036928963784101 -0.001856337749349066 0.000036246514624893 -0.002217331388349960 0.000036165459246710 -0.002759681513650697 0.000037292530522694 -0.003095040874236367 0.000037552477866902 -0.003454442295960225 0.000038143843269411 -0.003563779025750837 0.000038391864623909 -0.003791987153064732 0.000038844756209099 -0.004018809298893160 0.000038865440587058 -0.004062806157253071 0.000038812886528127 -0.004279217036455168 0.000039033002044464 -0.004375085154338929 0.000039399786761162 -0.004437849450758297 0.000039463378287422 -0.004284713241544530 0.000039985720579365 -0.004277526714352229 0.000040221706866277 -0.003709313412400271 0.000041443555810114 -0.003551771848095429 0.000041650281156636 -0.002835810323189387 0.000041029271954367 -0.002195534508387382 0.000036909371538014 -0.001721662065947673
9.625000000000000000 0.000044373841424120 -0.001567521339928385 0.000040533421869272 -0.001884769754354895 0.000038553181641471 -0.001889389010308970 0.000037930239394810 -0.002128289060077978 0.000038188302943418 -0.002610505065013935 0.000039678739394704 -0.002916382855198785 0.000039942696290267 -0.003295320714869738 0.000040616146652622 -0.003432271652471235 0.000040940287358373 -0.003600250455313025 0.000041530848973372 -0.003856971781294871 0.000041632453393777 -0.003799799088673539 0.000041547993452548 -0.004081543347323946 0.000041797629642044 -0.004168539699516747 0.000042187878639849 -0.004172782137194166 0.000042350798886034 -0.004069080367676487 0.000042836219867002 -0.004168899327039266 0.000042920098142773 -0.003572212404838247 0.000044347917785656 -0.003465707489493394 0.000044578271623246 -0.002737857818412318 0.000044008790294495 -0.002176165742518757 0.000039737233059279 -0.001764740729930139
9.875000000000000000 0.000045895395104741 -0.001551517793168961 0.000042131412190045 -0.001870637012847863 0.000040086380717555 -0.001891203025163319 0.000039683135925709 -0.002124363286846803 0.000040209278039844 -0.002492250294502912 0.000042054564746988 -0.002758465616219241 0.000042416902777474 -0.003108306815617192 0.000043085455505956 -0.003233295059461697 0.000043423483202166 -0.003354211643340911 0.000044212085234511 -0.003571035574553925 0.000044348788981975 -0.003545770722371130 0.000044223821552320 -0.003809608482333177 0.000044409204166944 -0.003933195381699002 0.000044840818935651 -0.003991713087825162 0.000045007167168052 -0.003872328806332891 0.000045613002734057 -0.003973125562277803 0.000045819809836174 -0.003392522598770874 0.000047371047940354 -0.003305560707666096 0.000047529939762188 -0.002583596707617778 0.000046790646678788 -0.002089014807229451 0.000043230421640602 -0.001791651193617240
10.125000000000000000 0.000046826927167952 -0.001551651075209401 0.000043039082620867 -0.001890911719352713 0.000041495412490098 -0.001878488737394855 0.000040779947070774 -0.002022258482161203 0.000041389150198733 -0.002407239932187845 0.000043412025955603 -0.002689758788097073 0.000043922244063749 -0.002970215163255085 0.000044712857064584 -0.003063329868904854 0.000045281616635350 -0.003195380641746318 0.000046150727045650 -0.003421020691933562 0.000046415199010232 -0.003327850680120010 0.000046299953198382 -0.003492488588829265 0.000046901897780496 -0.003591706912755869 0.000047419365851393 -0.003647317622260471 0.000047662043886071 -0.003547064851665381 0.000048256202581425 -0.003692297528399322 0.000048587300168781 -0.003178013572856196 0.000050157046725234 -0.003087408951372839 0.000050373654103052 -0.002498736942245203 0.000050034571268970 -0.002027663439344586 0.000045349168203868 -0.001803451314240466
10.375000000000000000 0.000043637062093484 -0.001577352643392534 0.000041071434459718 -0.001842801257227970 0.000039758880622628 -0.001735890805082902 0.000039228877883397 -0.001861213930320286 0.000040134921635918 -0.002233704780759119 0.000042456555788223 -0.002466334128804253 0.000043231771344407 -0.002670609572308525 0.000044090345663827 -0.002764870820349341 0.000044865781235550 -0.002857839126424711 0.000045876020124075 -0.003095524862965135 0.000046212235760946 -0.002804627725207748 0.000046261790293200 -0.002992734518132914 0.000047224628994566 -0.003016910274853366 0.000047725299390682 -0.003116195534774917 0.000048026862265234 -0.003066124077963377 0.000048521567137188 -0.003294601085025752 0.000049059900342669 -0.002832082996445625 0.000050884061449574 -0.002766872856172223 0.000051408672629765 -0.002373041746322804 0.000051298863369766 -0.001931391938613578 0.000048841931212121 -0.001858687331397100
10.625000000000000000 0.000039790940904016 -0.001512225765668995 0.000037951440447735 -0.001727126106824685 0.000036645911695350 -0.001565468814316312 0.000035993306658481 -0.001736757448300354 0.000037316534754423 -0.001972728529974014 0.000039725309837979 -0.002196248353952608 0.000040647888757729 -0.002365439259649951 0.000041621864779207 -0.002489965619001800 0.000042617091257586 -0.002492424776351889 0.000043900251581931 -0.002736609588330243 0.000044392635126493 -0.002445533371318144 0.000044406879039078 -0.002557844303794571 0.000045541695086898 -0.002637366251202380 0.000046199911870085 -0.002586231817027742 0.000046357404076188 -0.002649826089978921 0.000046373186123438 -0.002794848033283660 0.000046558728075215 -0.002497946079066261 0.000048567913205028 -0.002439196441565772 0.000049300093132736 -0.002270922586613305 0.000049323600236679 -0.001835228516717975 0.000046057193682508 -0.001969432948991497
10.875000000000000000 0.000036254232491453 -0.001466003599969930 0.000035357305374282 -0.001709576517226649 0.000034564506921491 -0.001483456674742099 0.000034184810977135 -0.001606088721500183 0.000035702324069914 -0.001832049748044458 0.000037986448271827 -0.002047524032943344 0.000039051087731943 -0.002215850487667244 0.000040126411624087 -0.002260673684552605 0.000041207211665163 -0.002215120477244829 0.000042380750477352 -0.002426318999858305 0.000042784427767564 -0.002182992201512053 0.000042705249714418 -0.002251296506548477 0.000044052851460164 -0.002352909403961575 0.000044782058538060 -0.002289604180558077 0.000044706153669708 -0.002373273884362104 0.000044714143601718 -0.002523990906370348 0.000045150054285361 -0.002285831123700381 0.000047291639177601 -0.002244199901841297 0.000048471033491060 -0.002213146029457386 0.000048717889719417 -0.001821167729654337 0.000048930254296835 -0.002052931928432537
11.125000000000000000 0.000029513413412164 -0.001508317829200923 0.000029119685548082 -0.001707553116290457 0.000028918539772859 -0.001536731391268191 0.000028791344729946 -0.001617236914525019 0.000030516164756058 -0.001796717256823011 0.000033043251312038 -0.001913939862030832 0.000034112728633296 -0.002136997953765088 0.000035574103957485 -0.002129627109562598 0.000036334460769745 -0.002084020927711411 0.000037566964638617 -0.002237363553246265 0.000038045252376246 -0.002057757075087275 0.000037966529368705 -0.002050743663845100 0.000039340319548316 -0.002130530517759045 0.000040234765517077 -0.002078464070081105 0.000040058153843078 -0.002011808615739908 0.000040031257483452 -0.002248056671485931 0.000040112627909278 -0.002149705468464297 0.000043067329944951 -0.001997225026291381 0.000044397064229150 -0.001993078616386703 0.000045092956192061 -0.001845202449198093 0.000047013487540386 -0.002239007343576996
11.375000000000000000 0.000022406387986815 -0.001587879379399660 0.000023151311638628 -0.001831918460795450 0.000023152141252229 -0.001539014052305230 0.000023686766163002 -0.001687760691945913 0.000025915079771529 -0.001804754476422093 0.000028763891583778 -0.001930878559955701 0.000029961215107964 -0.002074378440446128 0.000031433874372698 -0.002034198678693809 0.000032326478114968 -0.001842160971999039 0.000033676607189980 -0.002014694172465062 0.000033869717302929 -0.001805338558974402 0.000033357349440807 -0.001736271535538639 0.000034880075081415 -0.001789711553710349 0.000035878235927862 -0.001672561190755577 0.000035795389122265 -0.001678104906214752 0.000035604351030490 -0.002029096790887610 0.000035400513128764 -0.001957584781753896 0.000038688515763701 -0.001949850888387074 0.000040362506172790 -0.002032370464208473 0.000041135639840557 -0.001886923216942403 0.000042395376751932 -0.002273267346389095
11.625000000000000000 0.000020089590881810 -0.001665985441181142 0.000021795564522222 -0.001919975402284498 0.000022027988183246 -0.001663547240129155 0.000023315419632659 -0.001778634101005251 0.000025445556320235 -0.001786053114114106 0.000028500921193820 -0.001873618331468559 0.000029319381614781 -0.001992887956133554 0.000030662995738006 -0.001931926727668284 0.000031795922741880 -0.001824230630101809 0.000033050627753356 -0.001875909361146300 0.000033314953405522 -0.001716629996048166 0.000033132174997492 -0.001618475926754993 0.000035033446517808 -0.001732398855646371 0.000036307332985540 -0.001541827972759354 0.000036360394925939 -0.001505482778509244 0.000036275597962824 -0.001940888790267538 0.000036236327357053 -0.001894624738236718 0.000039768040291650 -0.001956009223241050 0.000041848017152888 -0.002103932994920432 0.000043271266305548 -0.001979576045749993 0.000043101385754172 -0.002313187161428597
11.875000000000000000 0.000015169983686904 -0.001759320977644445 0.000017620930966569 -0.001870954950607565 0.000018885113764956 -0.001689508455036753 0.000020061837912402 -0.001800066175130421 0.000022335542787550 -0.001742838688512893 0.000025449301873944 -0.001837666513913304 0.000026340485213453 -0.001889466781464792 0.000027926465058862 -0.001776008082409983 0.000029486438550785 -0.001674975791798334 0.000030856954279565 -0.001701256902759781 0.000031553750314312 -0.001615260926187808 0.000031644719728819 -0.001363242196593390 0.000033316250630276 -0.001560099025250628 0.000034404261792778 -0.001403774519573516 0.000034217750093587 -0.001240003053412430 0.000034131171034063 -0.001722865555135763 0.000034547975267023 -0.001792975823154047 0.000037913462931115 -0.001832767386354259 0.000040198501762609 -0.002122396260447684 0.000042188537207703 -0.002107615787346796 0.000047859628333961 -0.002411323919617887
12.125000000000000000 0.000008104583353871 -0.001619118573715315 0.000011407001863885 -0.001752427372885220 0.000013488664281934 -0.001575263081521456 0.000014743359653385 -0.001660723628914862 0.000017189049572844 -0.001521370206476972 0.000020097741633870 -0.001592246556585118 0.000020944466361719 -0.001575687625973987 0.000022457675941541 -0.001408808657567637 0.000023928115518144 -0.001371782980661334 0.000025510147833154 -0.001416372552354737 0.000026604642439290 -0.001319935190571233 0.000026756439345906 -0.000974552623465838 0.000028554706068273 -0.001233252999706985 0.000029666690321781 -0.001051195307643319 0.000029446755746587 -0.000901813335538835 0.000029254746410082 -0.001330155203339382 0.000029508165502354 -0.001567582682235054 0.000032759680458719 -0.001704313265890735 0.000035143346143544 -0.001998345123999050 0.000037514004487051 -0.002022532154255257 0.000042788407658252 -0.002430917120528512
12.375000000000000000 0.000001994086705985 -0.001546483084402741 0.000005653934652484 -0.001706225578784945 0.000007932736664164 -0.001601122534213260 0.000009472824955770 -0.001618549859554295 0.000012504048517128 -0.001486845472412233 0.000015556470757497 -0.001631695408850034 0.000016781449634098 -0.001585215990075854 0.000018737331086743 -0.001430470223586833 0.000020432897262569 -0.001301908051106924 0.000022365040841141 -0.001352936284318750 0.000023671458238944 -0.001261416909994160 0.000024021884162776 -0.000901942168018188 0.000025846774624975 -0.001050853828717382 0.000026555518141587 -0.000884719195813998 0.000026391718901003 -0.000791277196922985 0.000026493951150681 -0.001103444428365616 0.000026908932129569 -0.001333978764754207 0.000029940303928954 -0.001618113853036663 0.000032185652074468 -0.001968015017674182 0.000034922889962930 -0.002033719233791686 0.000040685932022647 -0.002363120922840941
12.625000000000000000 -0.000000270623590108 -0.001563864494536839 0.000003348537344111 -0.001788823223744817 0.000006114060153855 -0.001773299686690302 0.000008285548918878 -0.001867585703931502 0.000011508498322496 -0.001636037164170651 0.000015116806567926 -0.001851426850307588 0.000016928487744739 -0.001761667616938200 0.000019161004234997 -0.001673813075542198 0.000020957516600957 -0.001360468092437477 0.000022466241988256 -0.001376584229293289 0.000023829695880835 -0.001288557077312555 0.000024173940591729 -0.000922501305101264 0.000025881593581094 -0.000985076704062546 0.000026326925555900 -0.000858274517833948 0.000026272910133899 -0.000742300282140057 0.000026400961529891 -0.000962992892773479 0.000026810504252601 -0.001243422380756942 0.000029516346830247 -0.001491043785827508 0.000031546179392404 -0.001823288003189424 0.000034422443979625 -0.002065746999486672 0.000044554237332637 -0.002321062454968078
12.875000000000000000 -0.000005944611639990 -0.001796040070538649 -0.000001669147579995 -0.001938884779648433 0.000001820286962756 -0.002136576948462405 0.000004781395543615 -0.002156808837086177 0.000008407268933540 -0.001978989470693191 0.000012484770491018 -0.002214166945754467 0.000014856702037812 -0.002118771368329536 0.000017378163891584 -0.002012504649007259 0.000019341045773654 -0.001683821229438206 0.000021189977748581 -0.001597755366065027 0.000022773238748848 -0.001405125602374578 0.000023249802636704 -0.001130434436515733 0.000025185497535817 -0.001055391747841173 0.000026031198327643 -0.000797787870428966 0.000026707878712179 -0.000703929880009350 0.000026899478213490 -0.000863844347178559 0.000027561713295391 -0.001124177778793821 0.000029946488022331 -0.001463139772971383 0.000032068729505452 -0.001819443090624621 0.000035410785829556 -0.002121851760397313 0.000044155313516259 -0.002337218836359567
13.125000000000000000 -0.000009793970291298 -0.002137809527400224 -0.000004791195952414 -0.002445741927795382 -0.000000858343035184 -0.002785172621405191 0.000002354464224683 -0.002868354468613222 0.000005978996131400 -0.002752750942567399 0.000010156064007860 -0.003134357724741260 0.000012843525133086 -0.002991401302408990 0.000015542961798077 -0.002842875185138156 0.000017571862971575 -0.002699888757895982 0.000019787476878716 -0.002536379523347978 0.000021556924103062 -0.002212118310370896 0.000022233062445388 -0.001956350832859402 0.000024330051377198 -0.001626524043163474 0.000024826141546672 -0.001404986754231621 0.000025586308859877 -0.001128877601852268 0.000025998409984399 -0.001208481989783004 0.000026373797423063 -0.001323019251368345 0.000028433945076395 -0.001566826407620084 0.000030770902267833 -0.001851635845053110 0.000033868259941111 -0.002150468595800191 0.000041110934404628 -0.002309726691339367
13.375000000000000000 -0.000013163946826022 -0.002224484086526139 -0.000007767092477520 -0.002596783125105755 -0.000003612442914033 -0.003179785108250986 0.000000462168827400 -0.003405278884380603 0.000004462194336234 -0.003494397858548649 0.000008735604506300 -0.003854200948291541 0.000011536280579265 -0.003925007120104523 0.000014462568872860 -0.003763688814601343 0.000016733709915438 -0.003668786366864293 0.000018954534362621 -0.003536275953997808 0.000020903958443028 -0.003146048702445889 0.000021794107206895 -0.002798779769962940 0.000023872386321045 -0.002471623807661492 0.000024622379522152 -0.002175214046201308 0.000025545497596952 -0.001739766638199520 0.000025720611486988 -0.001682640945368277 0.000026067716705321 -0.001642253101468300 0.000028170460959294 -0.001804597282565923 0.000030418748660231 -0.001901448310432528 0.000033967926262288 -0.002162654443921822 0.000042560197315205 -0.002168312164786866
13.625000000000000000 -0.000017911816278145 -0.002139167123025650 -0.000012273238504491 -0.002522757694369329 -0.000007640625006149 -0.003217590950082336 -0.000003737577081732 -0.003494362989932569 0.000000479571792332 -0.003695839472617057 0.000004950349273333 -0.004159603106895427 0.000008135581460385 -0.004357186773666003 0.000011006232958962 -0.004190275579576316 0.000013584872462765 -0.004191187336190771 0.000016101047385562 -0.004118505577525414 0.000018270971846901 -0.003786204240369601 0.000019675525758690 -0.003353816346850137 0.000021819197294925 -0.003052806710081502 0.000022871989069380 -0.002864658193589510 0.000024029303274382 -0.002287245080655805 0.000024836127757238 -0.002163779942681786 0.000025464478050460 -0.002023355841573747 0.000027786999876990 -0.002120853871902095 0.000030445246835950 -0.002000421236355002 0.000034558098831437 -0.002138537293408946 0.000044299550424163 -0.002078321755223415
13.875000000000000000 -0.000019258150938495 -0.002012820698469559 -0.000013386082488629 -0.002430595336298871 -0.000008526153100671 -0.003090905295490329 -0.000004411164788011 -0.003427059843623126 -0.000000555533670063 -0.003663946656977542 0.000003515905360368 -0.004114578940593187 0.000006524977295359 -0.004302713778982258 0.000009372038665230 -0.004213385742239509 0.000011975024065711 -0.004220698631721373 0.000014386332874095 -0.004143672484957455 0.000016397981075393 -0.003860243556091337 0.000017991111772721 -0.003529415734982456 0.000020173822839827 -0.003295249305144598 0.000021418474671853 -0.003201754943734094 0.000022654738678016 -0.002634665494081774 0.000023659271383450 -0.002521561368409159 0.000024689862755746 -0.002390027369838035 0.000027081361443128 -0.002389079129736846 0.000029903576044762 -0.002141026481308783 0.000034062375442978 -0.002181987820362921 0.000045403529753553 -0.002057055310429046
14.125000000000000000 -0.000020651409428381 -0.001872251438980178 -0.000014576137443707 -0.002208492127365058 -0.000009760755678062 -0.002743283575488488 -0.000005661700603319 -0.003058938325096455 -0.000001973652036100 -0.003445086037852824 0.000001936156149917 -0.003777698839031995 0.000004837620821854 -0.004034223536792688 0.000007699166565183 -0.003889994179131511 0.000010280283738120 -0.003919326175720042 0.000012572791526740 -0.003923487337986849 0.000014534746236639 -0.003568564055277797 0.000016207741866220 -0.003335408772597873 0.000018291787521637 -0.003154514880915310 0.000019645154194760 -0.003078017295114181 0.000020919629641015 -0.002561428776972703 0.000021983936706138 -0.002569886398800293 0.000023431459508032 -0.002452428586793076 0.000025933644271434 -0.002423898084620479 0.000028999421935964 -0.002230403865529902 0.000033542094883112 -0.002201439834866750 0.000043829890672429 -0.002116559262479411
14.375000000000000000 -0.000022203534154932 -0.001880071413626459 -0.000015880377790348 -0.002122281604246401 -0.000011222381484414 -0.002638452318791002 -0.000007029137660978 -0.002903807230785410 -0.000003314048273768 -0.003200930919754841 0.000000341065608312 -0.003664765901295615 0.000003141888371867 -0.003926611107848904 0.000005930008198222 -0.003840013571852478 0.000008391843845164 -0.003975049506015757 0.000010571038535454 -0.004002011197697365 0.000012532454846675 -0.003591226860866120 0.000014278395153887 -0.003410897266057860 0.000016403970030443 -0.003339571627661040 0.000017991747225388 -0.003295512827473289 0.000019239023398376 -0.002872113965496111 0.000020446857150382 -0.002771553862807981 0.000022005289198115 -0.002704292820065929 0.000024663113535319 -0.002595931822921443 0.000027932123476813 -0.002321159889535603 0.000032594888567325 -0.002288021604572947 0.000043342587752767 -0.002154286981423502
14.625000000000000000 -0.000023409871691718 -0.001873786904101684 -0.000016842366597502 -0.002073220803831473 -0.000012215155605421 -0.002549064781605124 -0.000008076150610225 -0.002815272938365161 -0.000004385523521876 -0.003198043659585626 -0.000000916687118941 -0.003653490934901991 0.000001687299922150 -0.003956129075624246 0.000004420574561241 -0.003930405446335160 0.000006987171370344 -0.004079975525266289 0.000009099194346882 -0.004203917509669693 0.000011066359588574 -0.003795571874889465 0.000012878559659066 -0.003655792976852820 0.000014893257478714 -0.003601242664708884 0.000016534531785753 -0.003544586768222632 0.000018008975185686 -0.003107280168400246 0.000019593570399665 -0.003048870808410784 0.000021367674801709 -0.003004998262752194 0.000024135556904366 -0.002816935786475787 0.000027683083975047 -0.002531035137142412 0.000032648422147718 -0.002339253824934248 0.000042337320668906 -0.002093863424435080
14.875000000000000000 -0.000023453295372411 -0.001870550028268594 -0.000016966439307302 -0.002082193626752421 -0.000012413942881320 -0.002596506813785873 -0.000008489393062079 -0.002851392649801131 -0.000005006654760024 -0.003209381288621517 -0.000001708329832563 -0.003597415945209771 0.000000793948352827 -0.004013525415407532 0.000003405771645876 -0.003929141914275484 0.000005776384889656 -0.004065987694076502 0.000007726383850459 -0.004291414647494241 0.000009567189555157 -0.003899761286990738 0.000011345914508196 -0.003782803422402486 0.000013282636662210 -0.003704847149348444 0.000014964373712024 -0.003649720742771473 0.000016427041016543 -0.003228611137993460 0.000018306617885558 -0.003152966796729608 0.000020183576851878 -0.003122378107004905 0.000022816833772360 -0.002956999261076050 0.000026325439332090 -0.002594817801730943 0.000031181605304496 -0.002335918587596216 0.000041265838143555 -0.002098404980822068
15.125000000000000000 -0.000030246649608695 -0.001894834410166991 -0.000023061493171681 -0.002217184090816341 -0.000017692784763403 -0.002871636679759863 -0.000012815870891411 -0.003223745094101238 -0.000008723685425881 -0.003685915535978900 -0.000004575924169192 -0.004008242337857645 -0.000001241720610136 -0.004321309023294028 0.000001910727069361 -0.004042240060728168 0.000004411586910059 -0.004092831806637834 0.000006984886311696 -0.004097168389462513 0.000008995827810841 -0.003624360218725347 0.000011116454491279 -0.003409195104826040 0.000013119033146002 -0.003136047931974717 0.000014405754074826 -0.003161006094114629 0.000016028741094634 -0.002533823284336939 0.000017507139212462 -0.002418816122168439 0.000019251278851028 -0.002154982935567167 0.000021106407210463 -0.002182230432598150 0.000024101563986531 -0.001974997044577955 0.000029015709531139 -0.002002391325742228 0.000039078071170103 -0.002062316146200725
15.375000000000000000 -0.000029197795795864 -0.001875813166513723 -0.000022277787185799 -0.002054947882798014 -0.000017226336964216 -0.002632534386487191 -0.000012753646872518 -0.002901594376062276 -0.000008937052699327 -0.003271791313226965 -0.000005341436103422 -0.003783284796547255 -0.000002184347429936 -0.004096627819599936 0.000000674576068065 -0.003897728888503231 0.000003109270068034 -0.004032549623459311 0.000005355965164935 -0.004082404121318125 0.000007112686929234 -0.003581331358917691 0.000009296973404392 -0.003432051570547361 0.000011005462779675 -0.003264503418714865 0.000012506341999697 -0.003340060216884761 0.000014087508464014 -0.002837926987326952 0.000015739113736822 -0.002631732810155793 0.000017666332418549 -0.002360563471360071 0.000019493388877746 -0.002291315943256491 0.000022429458464046 -0.002026040430568373 0.000027235568364177 -0.002040127047180113 0.000036671864609708 -0.002008769932410210
15.625000000000000000 -0.000028032584728612 -0.001864345722322196 -0.000021050152416013 -0.001983940395487574 -0.000016378367786920 -0.002446592094426250 -0.000012120157902133 -0.002694385665414491 -0.000008584725099228 -0.003174942306274342 -0.000005499258822410 -0.003599339688066537 -0.000002862981973588 -0.004009001871674071 -0.000000319561402889 -0.003920856710549764 0.000002129956473196 -0.004127053090340871 0.000004112068255886 -0.004275204533359659 0.000005744916614572 -0.003799476335387470 0.000007828362835589 -0.003739044752532087 0.000009547346226002 -0.003602994625531609 0.000011108996771527 -0.003670824482397833 0.000012964311645771 -0.003123569084630158 0.000014841720609266 -0.003053534169545931 0.000016991304223798 -0.002832258406157250 0.000019036837509245 -0.002630897345831470 0.000022539861683978 -0.002283781199673745 0.000027468685970998 -0.002084831412249471 0.000035495663043046 -0.001829358513577787
15.875000000000000000 -0.000027242755240663 -0.001809354831301912 -0.000020416158751010 -0.001893200163406936 -0.000016039977550401 -0.002401663746777647 -0.000012543445900123 -0.002571133537624259 -0.000009527661132082 -0.003058400180295976 -0.000006941530607349 -0.003371302397502860 -0.000004772673129851 -0.003930355632115867 -0.000002544027555544 -0.003787112318110326 -0.000000436655827589 -0.004006480404441075 0.000001356564711357 -0.004329148989902914 0.000002832030454064 -0.003862297104239493 0.000004822260238843 -0.003843788518600612 0.000006502084683496 -0.003724552955156391 0.000008305097377440 -0.003761524172302914 0.000010048782593367 -0.003302354189808765 0.000012101242554461 -0.003227067417495079 0.000014396836030574 -0.003066768984320029 0.000016380379426486 -0.002897842228058976 0.000019835872100268 -0.002434338292577790 0.000024571896350117 -0.002061361958041743 0.000031924172591414 -0.001778982274439997
16.125000000000000000 -0.000028685513913159 -0.001574673474515529 -0.000022186500014838 -0.001639201693622583 -0.000018387814922221 -0.002165708362768427 -0.000015325903005775 -0.002467108872678833 -0.000012592829593359 -0.002921995210562640 -0.000010356270175636 -0.003199711086441974 -0.000008431282794534 -0.003904717720100560 -0.000006461128859381 -0.003765436661265883 -0.000004651750682623 -0.003912626082935964 -0.000002967878717897 -0.004235746989591765 -0.000001487893935659 -0.003946640691703226 0.000000580922982828 -0.003857325313525802 0.000002286865949549 -0.003863907926963780 0.000003930151330303 -0.003876350176612929 0.000005192090005790 -0.003388317124205392 0.000007444866387947 -0.003387398732793922 0.000009872476847528 -0.003261107047032373 0.000011977195601846 -0.003180818304006648 0.000015448693442938 -0.002508115431604670 0.000019780149381483 -0.002024559231051551 0.000027082649196241 -0.001631273744553810
16.375000000000000000 -0.000029765635856148 -0.001345059764915465 -0.000023821766441167 -0.001257831672755866 -0.000020586832713071 -0.001779318412783710 -0.000017799710831632 -0.002076047826573182 -0.000015317177164152 -0.002550812681691620 -0.000013508390834593 -0.002761373816532999 -0.000011879364522646 -0.003433514070978616 -0.000010177562835127 -0.003328792018640355 -0.000008501361932567 -0.003509545209510330 -0.000007067711304080 -0.004009478734305019 -0.000005570807373052 -0.003822262854502150 -0.000003608828947163 -0.003770087150202734 -0.000001983605286110 -0.003859114212846498 -0.000000118280131131 -0.003820847722390548 0.000001450387124199 -0.003539602222225120 0.000003695176781955 -0.003449772568955230 0.000006229830536925 -0.003451810720108142 0.000008424682220165 -0.003404255818767471 0.000011930206467810 -0.002642988512282331 0.000016206961376662 -0.002073404983112605 0.000022999268618061 -0.001561911761717398
16.625000000000000000 -0.000028832148074790 -0.001216603253159809 -0.000022922599977840 -0.000981070359972172 -0.000019900272284637 -0.001395280017982521 -0.000017309998149909 -0.001631747217932398 -0.000015117799583350 -0.002018046122975306 -0.000013470213247283 -0.002277736508312739 -0.000011977139796262 -0.002710125267177621 -0.000010435079864423 -0.002640030846680367 -0.000008985502352713 -0.003015862080577842 -0.000007631031253334 -0.003549177914046911 -0.000006305684028082 -0.003323527282377155 -0.000004381496750119 -0.003365699605320885 -0.000002757296739173 -0.003473252590854180 -0.000000801970558353 -0.003494650330071784 0.000000776583403462 -0.003362661033105014 0.000003135066547651 -0.003323308001294942 0.000005663522683433 -0.003313025580014154 0.000007902019679960 -0.003396941851760436 0.000011360155723879 -0.002576607493074038 0.000015705447698653 -0.002144544461615320 0.000023174096578591 -0.001652686356642265
16.875000000000000000 -0.000026845337380378 -0.001189843268022464 -0.000021165345384984 -0.000832477650386632 -0.000018461959829525 -0.001117635958274382 -0.000015966244577197 -0.001348121142409593 -0.000014049653975306 -0.001669133964762236 -0.000012616562894817 -0.001863376967764765 -0.000011293679773401 -0.002152313338838582 -0.000009953924338046 -0.002225176309640946 -0.000008689702853130 -0.002567058698773462 -0.000007513826133815 -0.003119322320090884 -0.000006391973745495 -0.002988287510877816 -0.000004671628797255 -0.003070612737009557 -0.000003128861723520 -0.003164679715113439 -0.000001217426620038 -0.003127902332528999 0.000000393129519613 -0.003051843470357959 0.000002594077268979 -0.003070915352480125 0.000004983685723222 -0.003202701653923378 0.000007139389843098 -0.003225415546110208 0.000010334016369997 -0.002517672091494567 0.000014454153237537 -0.002158385515874088 0.000022230807183285 -0.001637026059920882
17.125000000000000000 -0.000026091633760566 -0.001151114821734869 -0.000020870590644132 -0.000708048689492603 -0.000018420224366335 -0.000948942661824314 -0.000016320232835228 -0.001148875807266505 -0.000014515398666600 -0.001387148625193666 -0.000013170586798252 -0.001606288590543089 -0.000011914771792235 -0.001905705167615419 -0.000010787866212252 -0.001920150582674985 -0.000009612192050050 -0.002317359975456767 -0.000008619672966032 -0.002956095777728802 -0.000007561064714543 -0.002853027064548146 -0.000005974468856514 -0.002874541646365724 -0.000004468866198723 -0.003048535349884236 -0.000002609885231577 -0.003006802380278143 -0.000001011612334692 -0.002921689652848704 0.000001129399860110 -0.003024817700445128 0.000003572690907999 -0.003113256641478152 0.000005636872645339 -0.003131203681508556 0.000008667989536208 -0.002481550513662532 0.000012781447907802 -0.002151032049107338 0.000020288312577564 -0.001607712766050722
17.375000000000000000 -0.000023388699132708 -0.001169201132235541 -0.000018851001030862 -0.000761328337581328 -0.000016670024199203 -0.001086670647316119 -0.000014790478568098 -0.001331480759144348 -0.000013181895038541 -0.001507656177056151 -0.000012071729562495 -0.001713625137087645 -0.000011000714792951 -0.001922406177548334 -0.000010091432541919 -0.002132679742739736 -0.000009101211281875 -0.002505344948364929 -0.000008278174263521 -0.003274550289581209 -0.000007380443191922 -0.003145270699546350 -0.000005996527278885 -0.003266297180384196 -0.000004637289529326 -0.003606279933341688 -0.000003004434374107 -0.003527886446587664 -0.000001420746735524 -0.003443183293153685 0.000000535142243574 -0.003412637216125038 0.000002646842692566 -0.003418468843229778 0.000004464301754371 -0.003380998295734967 0.000007145936746311 -0.002676784651953219 0.000010916763794306 -0.002218924990599136 0.000018664409172191 -0.001460673541602421
17.625000000000000000 -0.000022110306006572 -0.001087120128772807 -0.000018006047076055 -0.000766245923331647 -0.000016039834000887 -0.001083112194618078 -0.000014310616390825 -0.001395935690433357 -0.000012923418193573 -0.001648939945945755 -0.000011854337587388 -0.001761103897148071 -0.000010906979551863 -0.001923872107000711 -0.000010112639334589 -0.002123293972742214 -0.000009336896387118 -0.002507365992900725 -0.000008584489436693 -0.003282617823924192 -0.000007839895866038 -0.003230469281719519 -0.000006708769061575 -0.003455227574859209 -0.000005522123493253 -0.003819322911428384 -0.000004147532372573 -0.003778686852370523 -0.000002680439622675 -0.003722351980854178 -0.000000885930764248 -0.003693561911039233 0.000001055354857285 -0.003655502451414577 0.000002757000062890 -0.003517921449897220 0.000005324656073063 -0.002900366868853492 0.000008819656604086 -0.002279823020603369 0.000015663899619417 -0.001364765500450155
17.875000000000000000 -0.000021184557433888 -0.001043960011566131 -0.000017895175837917 -0.000851767593776879 -0.000016183028420662 -0.001241633707180065 -0.000014768366616958 -0.001677103659249954 -0.000013595706385061 -0.001924829961316773 -0.000012651095076902 -0.002109212102472456 -0.000011792969176590 -0.002222509574246289 -0.000011186361978578 -0.002416012053939084 -0.000010672936526304 -0.002895748617021663 -0.000010050991181646 -0.003669258713505477 -0.000009410320340205 -0.003637135440102326 -0.000008407236619098 -0.003971473541486822 -0.000007330774622594 -0.004344093056867882 -0.000006068002273861 -0.004360884345093761 -0.000004760988602193 -0.004252859163524994 -0.000003259862812285 -0.003989950600689091 -0.000001524796939775 -0.003967549168496034 -0.000000007495906218 -0.003816985626847012 0.000002186913983520 -0.003144316122581308 0.000005308077328936 -0.002515002351183359 0.000009896436390762 -0.001333377139361749
18.125000000000000000 -0.000021132355678755 -0.001037243849261502 -0.000018233465387847 -0.000904056304425055 -0.000016724073113919 -0.001397825613945709 -0.000015299239488360 -0.001878524210154062 -0.000014158793486907 -0.002216399155608439 -0.000013245477008490 -0.002472025696320749 -0.000012473782870519 -0.002456530325259059 -0.000011914403505677 -0.002711201835726814 -0.000011530790094645 -0.003169754214608578 -0.000011084612144012 -0.003895823314914213 -0.000010596489062203 -0.003864214753915451 -0.000009735424496927 -0.004204092230937180 -0.000008813959035740 -0.004634574019921866 -0.000007786233382332 -0.004747823201761297 -0.000006551543328692 -0.004664787085895863 -0.000005259081245180 -0.004364528726785621 -0.000003683852842591 -0.004314375872221490 -0.000002347175513309 -0.004014453932032452 -0.000000371280475270 -0.003421558749202454 0.000002527079748322 -0.002680613827800914 0.000005909982884451 -0.001262019501992036
18.375000000000000000 -0.000019432297856890 -0.001065473628875047 -0.000017029606261219 -0.001085734376897892 -0.000015708329567471 -0.001716686312735409 -0.000014461019575643 -0.002239577448956027 -0.000013427923748251 -0.002688178408997945 -0.000012634589796616 -0.002972795215016754 -0.000012017884838142 -0.002822819928676283 -0.000011554033172616 -0.003130026647470967 -0.000011199360319447 -0.003680964680102938 -0.000010899071810659 -0.004481154162037977 -0.000010631694658103 -0.004368864379630446 -0.000009998305656213 -0.004786028376154881 -0.000009259347650036 -0.005090080548806473 -0.000008369440594324 -0.005301020745681262 -0.000007133674940293 -0.005334370301869153 -0.000006164186809320 -0.004942142443250527 -0.000004850368286748 -0.004790603141590109 -0.000003760390361668 -0.004359565286865816 -0.000002064392695274 -0.003887184536640387 0.000000579324809933 -0.003009603074825415 0.000003694478486656 -0.001288323914896026
18.625000000000000000 -0.000017101482844401 -0.001100826693882381 -0.000015118118250856 -0.001293860006590870 -0.000013818995092398 -0.002104089738329169 -0.000012692257670045 -0.002770711149591246 -0.000011665275696142 -0.003315085279789303 -0.000010836830410300 -0.003571692679093011 -0.000010255205858746 -0.003419054762123182 -0.000009849478473984 -0.003819689012530182 -0.000009565296855512 -0.004318038486750384 -0.000009304404699170 -0.004986916012639834 -0.000009192465678257 -0.004850473241525149 -0.000008772598420332 -0.005236235904333939 -0.000008231816853020 -0.005566705124895433 -0.000007633914329756 -0.005805292069683405 -0.000006793860540687 -0.005815111747873726 -0.000006019942140164 -0.005501094717850746 -0.000004920370883123 -0.005144363618842703 -0.000003972281165107 -0.004671140640021199 -0.000002613895570383 -0.004189998399994220 -0.000000267285511776 -0.003220095024623550 0.000002776827889452 -0.001294868435856047
18.875000000000000000 -0.000016782219677253 -0.001106346639398465 -0.000015353795006638 -0.001535428328829731 -0.000014206065710181 -0.002506606738085857 -0.000013216241442621 -0.003290192350128526 -0.000012269041662009 -0.003801789346354631 -0.000011508022735022 -0.004089104560286126 -0.000011080620271670 -0.004025078408126805 -0.000010747618561568 -0.004456002652563225 -0.000010583268929204 -0.004803188690156744 -0.000010504117365305 -0.005391237923872818 -0.000010540298455408 -0.005433502104148420 -0.000010332808325496 -0.005921901117717299 -0.000009993215029901 -0.006203852442008728 -0.000009724963105481 -0.006461895311937870 -0.000009140712716404 -0.006415281972310343 -0.000008572464095903 -0.006146236920826484 -0.000007729657885897 -0.005729432425601367 -0.000007129132236158 -0.005144230198406695 -0.000006042742210264 -0.004652902877858952 -0.000004073933319606 -0.003557467495521033 -0.000002250852827656 -0.001224509670194444
19.125000000000000000 -0.000015693443024672 -0.001049506511679489 -0.000014949936216423 -0.001820506394009604 -0.000014039767939426 -0.002975674800307371 -0.000013265448333019 -0.003866912265531994 -0.000012465583433625 -0.004388200727135679 -0.000011835278332519 -0.004767833755954688 -0.000011593297503879 -0.004666380950033904 -0.000011356331450794 -0.005035874465084746 -0.000011381783567349 -0.005439323552638708 -0.000011527237039220 -0.005925664248135689 -0.000011749790229682 -0.006073435950223562 -0.000011845736975758 -0.006613690380610117 -0.000011788877283208 -0.006865180510449469 -0.000011772597279315 -0.007173046978616851 -0.000011483998832216 -0.007143667586929277 -0.000011278459722839 -0.006865146036170915 -0.000010794640265124 -0.006300648203902250 -0.000010492443704066 -0.005731176146533532 -0.000009686179107772 -0.005220932871886602 -0.000008148509444866 -0.003862343404748679 -0.000007083319963232 -0.001203641215578409
19.375000000000000000 -0.000014633669413197 -0.001016431944140767 -0.000014174131380961 -0.001959854570801838 -0.000013496836951509 -0.003192863345299222 -0.000012874423426335 -0.004064713234617447 -0.000012218535406669 -0.004643841055209594 -0.000011721555829734 -0.004868652022529246 -0.000011613661152054 -0.004803487125588760 -0.000011477233935110 -0.005285966209052480 -0.000011580261085175 -0.005692604054605289 -0.000011855420135160 -0.006211668270520374 -0.000012122180366593 -0.006424764682429414 -0.000012261448345522 -0.007038075042301721 -0.000012405728315666 -0.007195903225722937 -0.000012621134336526 -0.007404309113260536 -0.000012618938938065 -0.007464906418505102 -0.000012771038105024 -0.007047509916633451 -0.000012737008727151 -0.006577080101691634 -0.000012708324496959 -0.006194287481548692 -0.000012160935640292 -0.005574241971653636 -0.000010975066921214 -0.004009924835698639 -0.000010679023682655 -0.001190986869960028
19.625000000000000000 -0.000012701692189143 -0.000934780293920711 -0.000012519970203444 -0.002064874001612157 -0.000012085325974845 -0.003332322262238361 -0.000011737471169377 -0.004206961979829894 -0.000011242082192170 -0.004734316787838071 -0.000010757040436495 -0.005076362789701834 -0.000010699236856996 -0.005116168898213574 -0.000010668716678201 -0.005499111985449260 -0.000010824346891523 -0.005957775193183025 -0.000011159051199394 -0.006431658630311111 -0.000011490172640381 -0.006790068927675814 -0.000011852810482585 -0.007352571323533759 -0.000012260694865358 -0.007307232988293748 -0.000012619704505348 -0.007585760312155744 -0.000012972167572917 -0.007605761696967240 -0.000013382063049178 -0.007357763079284607 -0.000013654603918198 -0.006968614029219934 -0.000013901281570988 -0.006522745480262939 -0.000013605263728361 -0.006004067201504767 -0.000012803092866167 -0.004369451992623061 -0.000013350520930424 -0.001225452422199900
19.875000000000000000 -0.000012233221697357 -0.000894996895486621 -0.000012448336189511 -0.002154911433188290 -0.000012180808087496 -0.003501506106578969 -0.000011982313715407 -0.004396176133177423 -0.000011532274556362 -0.004908831787667260 -0.000011188747750940 -0.005298116279460505 -0.000011184382986447 -0.005340097757984037 -0.000011248034851267 -0.005835428043468988 -0.000011442268437524 -0.006247394093960653 -0.000011832896080602 -0.006762090392328913 -0.000012243066002894 -0.007162205079017017 -0.000012623716014263 -0.007625370458616415 -0.000013125888324429 -0.007572217436267056 -0.000013592877397420 -0.007804410063767815 -0.000014044510301557 -0.007629846545002588 -0.000014567921178185 -0.007493290302098834 -0.000015047876492660 -0.007040279555066632 -0.000015694729312889 -0.006537048103716124 -0.000015810771212645 -0.005968499515936805 -0.000015393126305862 -0.004354897314573203 -0.000015767910011323 -0.001116073125743189
20.125000000000000000 -0.000012059979934739 -0.000862615186251401 -0.000012369893375605 -0.002132315877588721 -0.000012159591037663 -0.003480215971598562 -0.000011972222851541 -0.004301825661678259 -0.000011596105937162 -0.004795145921861007 -0.000011277642861379 -0.005180477744009235 -0.000011168261246688 -0.005159911962860630 -0.000011316007725075 -0.005708842332059960 -0.000011547061810820 -0.006085325451300286 -0.000011993708209259 -0.006488080292224195 -0.000012597045482046 -0.006902156676841116 -0.000013070504373956 -0.007271454550578549 -0.000013675605066527 -0.007249419370432655 -0.000014128214620010 -0.007355623560888895 -0.000014706514020239 -0.007385523511633159 -0.000015397406572502 -0.007334948727735641 -0.000016000783318464 -0.006843714896126760 -0.000016881050038953 -0.006342014728987046 -0.000017215776902750 -0.005832758022530351 -0.000017109560297482 -0.004256455452811081 -0.000016498189656420 -0.001197917817787140
20.375000000000000000 -0.000010371859341443 -0.000895224527790884 -0.000010960877781415 -0.002216975807395991 -0.000010964540531742 -0.003481417747427659 -0.000010980511916459 -0.004361587806716350 -0.000010829959773569 -0.004805009633734536 -0.000010627909706257 -0.005244836868455796 -0.000010517017735403 -0.005277090092562796 -0.000010798525863790 -0.005945141858370381 -0.000011021088147757 -0.006305175728580497 -0.000011473801345790 -0.006657346313716847 -0.000012123182581487 -0.007145207875803747 -0.000012654983314199 -0.007437598778836828 -0.000013321384712453 -0.007373119725237640 -0.000013854175397986 -0.007487345760975021 -0.000014550996810699 -0.007523124327695776 -0.000015276000288719 -0.007518620400347665 -0.000015974824556991 -0.006937952802898879 -0.000016896472563419 -0.006520854172702035 -0.000017500443873707 -0.005925268556957317 -0.000017645218431319 -0.004295137411026555 -0.000016976961373814 -0.001227386458434359
20.625000000000000000 -0.000009466901932044 -0.000943749644206219 -0.000010238146485144 -0.002226374439063472 -0.000010370358238942 -0.003317152979345140 -0.000010478957309820 -0.004202301488795022 -0.000010464622718819 -0.004589510857462667 -0.000010360642238924 -0.005027122260456267 -0.000010323548213772 -0.005116451189234461 -0.000010677903968993 -0.005786446949418683 -0.000011009293114918 -0.006143609632991766 -0.000011433891922884 -0.006375514315488121 -0.000012052131669056 -0.006818433681972718 -0.000012692450423136 -0.007114332348514841 -0.000013439935032230 -0.007109478919380388 -0.000013979701300001 -0.007168356354499560 -0.000014854757086013 -0.007175947759841234 -0.000015695323338306 -0.007246449530771127 -0.000016551803600891 -0.006672686904614525 -0.000017625556312793 -0.006224594534569035 -0.000018513664448137 -0.005540513164444658 -0.000019049123718885 -0.004098985265976511 -0.000018942720973023 -0.001199789615572665
20.875000000000000000 -0.000008233184700799 -0.000948002065504981 -0.000009193809512872 -0.002183007714500728 -0.000009477732976794 -0.003135484549251270 -0.000009699277087112 -0.003867692433783940 -0.000009809017137038 -0.004187793900870041 -0.000009864293016972 -0.004705583053171260 -0.000009929673269473 -0.004757322004827915 -0.000010325323669499 -0.005415452662773062 -0.000010828198666039 -0.005729359078823631 -0.000011366999056609 -0.005891934446152628 -0.000012044093722354 -0.006355109959384069 -0.000012800553214280 -0.006659106173833760 -0.000013699043292579 -0.006601740658372802 -0.000014413348474613 -0.006642591715327917 -0.000015325156715413 -0.006710766721119871 -0.000016255742548782 -0.006769947631630895 -0.000017296651829883 -0.006388606268419805 -0.000018512106747710 -0.005966539274982947 -0.000019573275244958 -0.005411449830408614 -0.000020506174438257 -0.004026169041564642 -0.000020124371322610 -0.001184214697394553
21.125000000000000000 -0.000004597097160323 -0.000978252827701056 -0.000005824421157794 -0.002217087660931973 -0.000006328586624221 -0.003020553392962392 -0.000006776407080980 -0.003789929835543436 -0.000007108933117722 -0.004124413017942346 -0.000007214936158498 -0.004751002329044543 -0.000007102148083136 -0.004862581348827682 -0.000007730635129455 -0.005569232589135329 -0.000008203504038763 -0.005855696013760831 -0.000008600577900697 -0.006059602984657369 -0.000009398813351774 -0.006259820211500496 -0.000010339271395474 -0.006374741277803211 -0.000011342043238249 -0.006510570295377328 -0.000011999962190974 -0.006553986331538148 -0.000013063777198933 -0.006552507256369016 -0.000014015251910420 -0.006803666664505908 -0.000015041023714023 -0.006377986879242687 -0.000016544858923202 -0.005612226590162069 -0.000018041689840640 -0.005205098550382987 -0.000019229302679287 -0.003949043923599719 -0.000020250579974191 -0.001207165481547839
21.375000000000000000 -0.000005194536618066 -0.001170232769711473 -0.000006567222693394 -0.002221647960732527 -0.000007128049832516 -0.003014276756464642 -0.000007470341779514 -0.003714934974510186 -0.000007740914659317 -0.004235170374238939 -0.000007966105224963 -0.004870291248017754 -0.000007865873683443 -0.004793209052105985 -0.000008390678803590 -0.005644038185020282 -0.000009064933743857 -0.005819101598284977 -0.000009590238818177 -0.005684924290735241 -0.000010413667525564 -0.005776790059009604 -0.000011265338452425 -0.005824675748239689 -0.000012223518583522 -0.005942308772859786 -0.000013017853395594 -0.005894727284391593 -0.000013931498719327 -0.006056538443963394 -0.000014745961799635 -0.006122524704329563 -0.000015809431137645 -0.005701403183302740 -0.000017237392440843 -0.005093537227562344 -0.000018833642768952 -0.004652705784030986 -0.000020469199253100 -0.003565005394206572 -0.000021457817169333 -0.001186778746601372
21.625000000000000000 -0.000002711121451479 -0.001242519022596465 -0.000004370464584300 -0.002027817895372325 -0.000005156406009732 -0.002790895905688361 -0.000005614390982157 -0.003542424886625226 -0.000006079155296580 -0.004157375363371003 -0.000006121375457485 -0.004881295128580048 -0.000006138394756118 -0.004882612691292090 -0.000006698375736769 -0.005498135353175108 -0.000007506911231235 -0.005697859957048509 -0.000008063277586683 -0.005250524038728672 -0.000009014825127086 -0.004892160015923880 -0.000009944299039065 -0.004850758551915617 -0.000011053578082710 -0.005003401477931586 -0.000011932533759488 -0.004904548554789662 -0.000012755005761439 -0.005407856817047957 -0.000013786456920116 -0.005392329063928576 -0.000014801234129601 -0.005006403669759845 -0.000016291523763988 -0.004535958962044422 -0.000018178474282714 -0.004255935817306340 -0.000019911378486979 -0.003467184454631587 -0.000022314975873172 -0.001198511920352567
21.875000000000000000 0.000002076738640940 -0.001147216042347737 -0.000000244458750121 -0.001802490436579768 -0.000001335165401931 -0.002542356082199324 -0.000002046427023414 -0.003346025844914615 -0.000002643617891455 -0.003945659201033363 -0.000002862829764619 -0.004602976950480264 -0.000003213524647745 -0.004685676335085717 -0.000003882602742950 -0.005156940532337794 -0.000004866995663215 -0.005312779347286550 -0.000005443027174966 -0.005050640184494184 -0.000006292953683993 -0.004682247903547393 -0.000007299273826841 -0.004582628199216106 -0.000008410492718035 -0.004588928633876680 -0.000009498585620213 -0.004714548173183596 -0.000010432182926762 -0.004951551299867285 -0.000011394172318247 -0.004966012155118756 -0.000012544181337436 -0.004754126101861925 -0.000014404304929983 -0.004341399173593623 -0.000016668573221563 -0.004044077530768826 -0.000018539069069658 -0.003364998167975222 -0.000020257942227411 -0.000957298196863830
22.125000000000000000 0.000002508379594847 -0.001039312794971858 -0.000000170002469957 -0.001368425222019494 -0.000001430983984704 -0.002072894888237562 -0.000002151907997258 -0.002854833928704678 -0.000002668255138349 -0.003486074561959343 -0.000002916052811025 -0.004082868541606600 -0.000003372545424113 -0.004265214528803400 -0.000004188824156147 -0.004541337948982027 -0.000005104413864647 -0.004780410418251316 -0.000005704673465488 -0.004468510446287523 -0.000006585973697104 -0.003838228354573738 -0.000007685067405063 -0.003897222390095054 -0.000008972515595600 -0.003752771133964272 -0.000009917417477947 -0.003655037304437534 -0.000010860933686878 -0.003758679824906690 -0.000012011886945366 -0.003905890012657768 -0.000013370415085999 -0.003929834096115841 -0.000015476396652521 -0.003448122524932513 -0.000017925904578931 -0.003082943556162821 -0.000020116836903963 -0.002821362475452456 -0.000022953789700539 -0.000864704919086364
22.375000000000000000 0.000005101675523737 -0.000862082366019581 0.000001955673027457 -0.001092001442245171 0.000000510918137894 -0.001823015017787862 -0.000000384717883411 -0.002419948224381773 -0.000001059368356592 -0.003008449778241668 -0.000001416456749321 -0.003791102768177148 -0.000001918546538059 -0.003757624080380043 -0.000002700304363672 -0.004128488725694003 -0.000003691430865415 -0.004133148445990529 -0.000004451180115109 -0.003975685861914815 -0.000005540067816026 -0.003472275481718257 -0.000006640660590426 -0.003287132720823336 -0.000008104419229671 -0.002805240383230654 -0.000009306824082741 -0.002906470024031352 -0.000010392127227941 -0.002817869714606653 -0.000011746605247663 -0.003076913283040178 -0.000013296612112675 -0.003176774423647354 -0.000015529178394722 -0.002949680980235181 -0.000017965088700235 -0.002777007723103645 -0.000020310606095328 -0.002388323362689933 -0.000022951331208841 -0.000718946116490365
22.625000000000000000 0.000008312096743495 -0.000757684016317061 0.000004734630444218 -0.000872086237070915 0.000003117329917678 -0.001571553222765954 0.000002122209046469 -0.002135220503404677 0.000001383567913237 -0.002836701305596703 0.000000896407600635 -0.003567747516802346 0.000000365760100541 -0.003731119387650040 -0.000000455094486088 -0.003951974700631415 -0.000001279082178252 -0.003997445075387277 -0.000001902702778822 -0.004026092660099306 -0.000003184489245342 -0.003315571101552856 -0.000004207715099217 -0.003068535432557049 -0.000005662484261097 -0.002608853421341064 -0.000006727437861772 -0.002585212104966322 -0.000007986090217268 -0.002314358531344545 -0.000009475336594007 -0.002441118345224735 -0.000011062477234792 -0.002633582938947931 -0.000013235294129772 -0.002400074776781434 -0.000015973323647907 -0.002035331859853131 -0.000018354788318618 -0.001965695189804261 -0.000022083726869045 -0.000524200870156189
22.875000000000000000 0.000009412603752769 -0.000813242194502031 0.000005641287404671 -0.000724229465025057 0.000003899772430362 -0.001150663423616512 0.000002698848515870 -0.001526947601896422 0.000001996367269640 -0.002076698657737601 0.000001134812550910 -0.002852811904594368 0.000000478081819443 -0.003016057571588671 -0.000000296831262996 -0.003459760077134999 -0.000001013570272479 -0.003402326449087413 -0.000001544214969375 -0.003746086533676747 -0.000002704769898269 -0.003408319491727108 -0.000003505402233935 -0.003118096842187213 -0.000004778609752473 -0.002529397187747845 -0.000005883868917621 -0.002453596669771467 -0.000007353232156147 -0.002145149667401514 -0.000008834319914416 -0.001922400220687251 -0.000010738354568920 -0.002266094349414019 -0.000012915055485052 -0.002032831537361125 -0.000015311655434253 -0.001742635502328344 -0.000017883758834743 -0.001628982257612959 -0.000020997268780377 -0.000588994227247517
23.125000000000000000 0.000010283074380853 -0.000964134166290245 0.000006608247170590 -0.000614537672620554 0.000004705776021176 -0.000859020194928217 0.000003316334804540 -0.000977121064821944 0.000002477912314682 -0.001465820618421571 0.000001687152997953 -0.002362130680430200 0.000000979475719397 -0.002766818254979667 0.000000435827386929 -0.003231354071474278 -0.000000103707288163 -0.003286646325635804 -0.000000431299774584 -0.003724013158690582 -0.000001387606975120 -0.003277597962037191 -0.000001895929695331 -0.003016195639104953 -0.000002961495085161 -0.002683997645885498 -0.000003849195087800 -0.002485795895262373 -0.000005113864366814 -0.002014706160699887 -0.000006500339781690 -0.001742328943061987 -0.000008446070069705 -0.001668127477652392 -0.000010308325902029 -0.001229457330205956 -0.000012434114222306 -0.001103054311856155 -0.000015332109642746 -0.001129159236908531 -0.000019783942662300 -0.000626517747125830
23.375000000000000000 0.000011849610032876 -0.001010199703364729 0.000008365707118428 -0.000677482102014067 0.000006391718126688 -0.000783868128733907 0.000004876709118161 -0.000656564571582086 0.000003922620873549 -0.001011697615238472 0.000003053852741362 -0.001831825389858095 0.000002248331277333 -0.002121479940243317 0.000001837943748169 -0.002705468197508945 0.000001243372854605 -0.002818531376087856 0.000000973147379653 -0.003389133324237638 0.000000260659321784 -0.003220082744086412 -0.000000036882682970 -0.002913618577843205 -0.000000822001993114 -0.002659291061182081 -0.000001710203732646 -0.002583685700245487 -0.000002850055824643 -0.002139508196115141 -0.000004057208904078 -0.001715311724951775 -0.000005904621119352 -0.001689835065282148 -0.000007616187113912 -0.001078778166310329 -0.000009530886050673 -0.000951787731969187 -0.000012127757562335 -0.001228553199048192 -0.000017217811363258 -0.000690650222332594
23.625000000000000000 0.000015329812595895 -0.001082899148741007 0.000011830035014335 -0.000718828562521284 0.000009526616985813 -0.000619903175673308 0.000007914501010786 -0.000549279539438489 0.000006819979466011 -0.000935830585239012 0.000005889027504489 -0.001601793626848756 0.000004942421924927 -0.002264527793455445 0.000004352563146806 -0.002786665549364625 0.000003875380799135 -0.003063479690278815 0.000003685901331161 -0.003615881249319708 0.000003172247759803 -0.003447476065749765 0.000003000333103409 -0.003153835275537799 0.000002367726637535 -0.003074691233707562 0.000001601269035535 -0.002797277128100974 0.000000638732083969 -0.002536027261086324 -0.000000569009026559 -0.002148725155054257 -0.000002298867554743 -0.001984724763820935 -0.000004061773619522 -0.001232913458122773 -0.000005650168283516 -0.001037748453947140 -0.000007928517468906 -0.001497403594885612 -0.000011898500436164 -0.000832137068761956
23.875000000000000000 0.000016482964270213 -0.001089889392954193 0.000013236732092947 -0.000589814442644627 0.000010866505319473 -0.000353402496711493 0.000009145655241952 -0.000173154005904347 0.000007810851577777 -0.000196992213450562 0.000006821313654838 -0.000715348109961346 0.000005735512558873 -0.001387417439027389 0.000004959537352242 -0.001997102461414079 0.000004419999872104 -0.002342605887774613 0.000004070292712734 -0.003056921976771944 0.000003622429478904 -0.003168107324285668 0.000003551990482005 -0.003065641139697678 0.000003047550871293 -0.003088817654527846 0.000002300674448443 -0.002874508112631801 0.000001580135579539 -0.002835892978642105 0.000000632434821186 -0.002662283473725266 -0.000000838164049917 -0.002142132021630574 -0.000002509821190279 -0.001460246333257007 -0.000003638189568079 -0.001287785468818213 -0.000005592307806349 -0.001380670791748564 -0.000008515550788906 -0.000957550253094734
