# Index(['mlt', 'mlat_eb', 'ef_eb', 'mlat_05', 'ef_05', 'mlat_10', 'ef_10',
#        'mlat_15', 'ef_15', 'mlat_20', 'ef_20', 'mlat_25', 'ef_25', 'mlat_30',
#        'ef_30', 'mlat_35', 'ef_35', 'mlat_40', 'ef_40', 'mlat_45', 'ef_45',
#        'mlat_50', 'ef_50', 'mlat_55', 'ef_55', 'mlat_60', 'ef_60', 'mlat_65',
#        'ef_65', 'mlat_70', 'ef_70', 'mlat_75', 'ef_75', 'mlat_80', 'ef_80',
#        'mlat_85', 'ef_85', 'mlat_90', 'ef_90', 'mlat_95', 'ef_95', 'mlat_pb',
#        'ef_pb'],
#       dtype='object')
0.125000000000000000 66.513902235010931463 133.352912878058049273 67.025134229385201934 151.459294387574999519 67.399180190892892028 168.403430749596708438 67.715529597626073155 185.773521174939418188 67.996734869179292104 205.907995264412363667 68.258841746995926769 221.415684128712939582 68.507340714163944995 239.491746217233583138 68.748226362017234692 258.951696113745015282 68.982474630077248889 278.574293155887175999 69.208357563039456295 295.971304702014322174 69.428869123982423162 313.429655781337203280 69.645214962338513942 320.399226448014474045 69.860225192849597420 325.983668471751002471 70.072623437373195543 327.118405698516482971 70.287283298722812219 323.329536648115947628 70.513759502684578706 318.316167507541081250 70.762890299341336231 300.868582799157536556 71.040074090292506526 276.482336592015712995 71.372103695781902388 238.878953533329934089 71.829657700905073625 189.071119955719950667 72.282523555139874816 138.030596075980298565
0.375000000000000000 66.387685583852231730 133.695910156146453573 66.879517734707235377 151.387489534487087894 67.242352969862437817 166.763863296128221236 67.550734972732257688 182.255364402804417523 67.825999829395442475 200.952002291084653507 68.085028507926480756 214.251879727735399683 68.329820775385272213 231.331975112091242863 68.568112795329369646 248.721000702910117752 68.801028746345707532 265.059224287527911201 69.026358233418122268 281.096887985582327474 69.248839918276132721 297.735810195670580924 69.469045270547667315 304.387701138177419580 69.687935120976220560 311.117480191844890669 69.908372842452251916 313.756904798187974848 70.130622619851749278 312.198364206829353407 70.360718705714731414 305.261710029278617640 70.614976384746370286 288.797251824150635002 70.897633120018952013 265.483998520630052553 71.237890149740053403 231.683315664107510656 71.706480597155717760 184.156783654494716984 72.157329575921423270 137.810299159887335918
0.625000000000000000 66.301017926004846004 134.638094424066309784 66.771800810894248457 153.103915790616866843 67.124169216823617035 166.517698941109358657 67.423454013880643743 180.128750323682368162 67.691399715087385403 196.991557813817451006 67.945599489809850979 208.710342599564086186 68.186678326058640209 223.846634135922045061 68.421047927417120604 239.063689287032190123 68.650286730138731173 252.654404184859714633 68.876633480096785433 266.470673961330874135 69.100693196540873942 280.062093185865251144 69.325071992097349494 286.743652590081921971 69.549660457778529121 293.696448241289772341 69.774211605585591656 297.444956031119716044 70.004190460879840430 298.561213944611949955 70.242214792317184902 291.039120701024899063 70.507234338080706948 274.799941473961894189 70.800978412857972444 252.938404826432815753 71.159866459054683219 223.356789975575765084 71.636903091786592768 180.155387388118128911 72.081921467384376001 138.077726017095159250
0.875000000000000000 66.231181012545690123 134.148753924729618348 66.685481563528398397 151.480383623350320477 67.027665006377674217 163.220950716814371617 67.319525003975357436 175.239678906565103489 67.582238728139472528 189.232411862815837367 67.832688006135910541 199.478666631019677880 68.070708715746349071 213.397413228200946378 68.301412489292189889 226.173846536899276316 68.527591003840470307 236.591594430144596117 68.752051717517332463 248.874101649995139951 68.974962284089798459 260.578018244879217491 69.200515241638186126 267.087803700731626577 69.427461724771632134 273.592643357807844495 69.657340782477021435 277.473980334984617002 69.896016943453545878 278.498805634702648604 70.140445558815301297 272.536993040025834034 70.412244374587700690 257.572524005849572859 70.718943614703903222 238.813602128899844956 71.089575064007860306 213.406880124010541522 71.574549980212864853 175.660322047940553603 72.008589587522180864 138.412234968999769080
1.125000000000000000 66.175088479515707718 131.756802264152128146 66.613305663644069909 147.875024535655001046 66.945196016308969433 159.069674717506785555 67.228842833139395907 169.678378161413291991 67.484330792592729154 182.888948764577605743 67.728013514036447873 191.063719305692018224 67.960704142863363586 203.498246547738176560 68.186105293982919306 213.243876902388592498 68.408775382013715216 222.084199674780307987 68.630992164879089046 231.647485542437038930 68.851104445872877591 241.251784337890256893 69.076822473222534882 248.675583714470491259 69.303850679902936349 254.713849634455783644 69.537230518694215675 258.368062901966482059 69.781755720953583477 258.301538309642353397 70.034326376906648193 252.943500345748788050 70.311673671399674390 239.494247195394052596 70.629164200246819405 221.812065750355401406 71.014049921061740633 199.846150867903901371 71.512288303403636291 168.476965256722678532 71.940703405789250269 136.983493376373104411
1.375000000000000000 66.145608955248164307 131.671384420665248172 66.572642819848468321 147.194583739536909661 66.899824916413848541 156.444737910648257184 67.177435863573350616 168.447935403151689115 67.428732912907889840 180.570464644054681003 67.667645144544380287 187.695964472680088875 67.896869144703259735 198.938175187945461175 68.119412857909736658 207.480856295817147839 68.338535887110410272 214.509652813786857450 68.556242273727747261 222.685621345438676144 68.774507845288482599 231.594966750991375193 68.999727179858709292 237.725611544693180122 69.227704131161701184 243.842497163810548955 69.462153931613840996 247.403340077140370568 69.711153475267366275 247.345128490555566714 69.968746893686528665 240.813960583550056072 70.255044830650945187 230.069475584403647872 70.584837782573430331 212.373560846991694007 70.985455442843672813 191.689022485865223189 71.509146905091185431 164.226706453382831796 71.908759226688360400 135.913612651084690697
1.625000000000000000 66.157559902679977881 131.092730422566489779 66.572633470039761505 145.444333574889924421 66.893692218176440178 154.426111063884150099 67.166724236052630204 165.058504831080426811 67.413404857682039051 175.841937009412305315 67.646811463162109135 182.921532654293855558 67.871695603315686185 192.181787348101011048 68.090092891077674153 199.026557286021642312 68.304575744011430061 205.828975053440075271 68.518608373245555754 211.887567777518029288 68.733826819945804232 218.898556299058725472 68.955758130098530501 222.997572342640296483 69.182557580773021755 228.610644932617759650 69.414109069207668767 230.852172134212480614 69.665414843731653605 228.684583976415410689 69.930922589270934964 223.726142015888967762 70.224827951618067345 214.550495869736295163 70.565377907808397140 199.355561547573444159 70.977289180683797554 180.456008662951433053 71.521518252674084692 158.221346276586871227 71.929436417501008805 135.340031913617423243
1.875000000000000000 66.201090029021344208 131.893695125861057704 66.607809381275103533 144.559798391651384009 66.924469933267616284 152.767655034366327982 67.196015675387414490 162.959085694645978037 67.440545003728232132 172.295085250537283628 67.669580298715786171 178.362347006417678585 67.892230041789659367 187.573508754712804603 68.108648763642378299 193.814895029314044450 68.319454582879444615 199.959040398567651664 68.530114421497373201 204.839035990010302157 68.743416354860997330 211.160613899612229716 68.962419679188300847 214.684884967223752028 69.184511461209339700 218.610220120821452383 69.416592716781110539 219.427654541735989824 69.668720461472759098 214.253958340948884143 69.940238867593564009 208.219212177393245611 70.239717796654886683 200.391227149979329170 70.589592114415836477 187.859471607271473204 71.014164468985100598 170.832343753516425977 71.582716762862560245 153.098060272868451648 71.978177617545597400 133.392123480967882188
2.125000000000000000 66.281476793369549227 131.131331795124424389 66.686758912855481185 143.119503867221880000 67.003244077367881459 150.185278511180115402 67.273372918607279303 161.527060283379796601 67.516684004093107774 169.223552705569716181 67.744468137245377193 175.645572018006191684 67.965871612357275922 183.790899734465853044 68.181225952997564832 189.392926338185020541 68.391057814521474256 195.606337815351594145 68.602317049345899136 199.504699631030121054 68.814961429001215265 205.322730021643593545 69.032459546546817819 208.470404810411622520 69.253999341224911745 212.242440421515055959 69.486839983213883443 212.463323372849600901 69.738232439298244003 208.017516125006949324 70.015791865633900670 201.163377213516781694 70.321824933179428285 193.846555076826376762 70.680065017041357578 181.019462359121234840 71.120406105868198665 166.226179072206065257 71.707990363470884176 149.573867237886474868 72.084278551625985187 132.237585373012308310
2.375000000000000000 66.386449539002086340 131.852082824268308059 66.789036256366728139 143.426319299239651173 67.108385780989635805 149.561571964869756357 67.381222560539768551 161.244079138559868625 67.625900223271955269 167.043768428796937542 67.854473580126210663 173.874606222446772108 68.077441298774047596 181.602080395639063681 68.292570768628635847 186.533328187685185640 68.501939205054100057 191.264164956447871191 68.714761642873995129 194.327716380134575047 68.928913206155840498 198.323238490834938830 69.147486325072719637 200.843375302082250755 69.370860886355032449 204.260327552288401876 69.605430321109054148 205.922186631893424646 69.859990405976816419 202.948808024260557659 70.140107260084505469 195.312479370011743640 70.454372459240417470 187.699672706677773704 70.827369082884914064 175.762367951879156180 71.283293058530972530 161.924021412640883000 71.884466777293340556 147.577469556377025128 72.257018656810842572 130.922557897947370975
2.625000000000000000 66.544291349906060873 131.294885645189680190 66.942874538112221217 143.052401400055316572 67.262833280027933824 148.469561865999253314 67.538493002440006308 158.176767283568068478 67.784346754880857588 163.580502287242069315 68.015280818518903061 170.763253684178721414 68.237942640736548583 177.650203910753731407 68.453057078757680642 181.787575628389049598 68.662681866973628075 185.915253560893233953 68.876598271614028590 188.485693062318006241 69.090604195794597331 192.655606123691939047 69.310646235475132926 194.703254762231267705 69.536474806110277314 196.258112240788790359 69.774019839274785681 197.387526968434627861 70.030752554569133395 194.817338710728762408 70.319575193176277139 187.208075182190896157 70.642416715793487469 179.551678937517465329 71.024113506478258273 167.657091479434171788 71.498590472575486388 156.518684599283915304 72.108782552188529280 144.034241282621820801 72.444487735880443324 129.496665563358988038
2.875000000000000000 66.677234156145132715 130.768313215661407867 67.082818346480635796 142.368182403595909591 67.413812520970438413 147.241374757207410084 67.696399140315421050 158.296344373130182248 67.947461626190246875 165.116086835288456314 68.181956686722330119 172.533296670450681631 68.407443282262022421 179.703576529754542435 68.625136646855608547 184.274921999660534766 68.837530540914073640 187.900559609807658035 69.053471800242149925 190.522519383448525332 69.270954299336040094 193.152553702901712995 69.494528836439613428 195.776601758357344352 69.724767912604136200 195.031471874308266479 69.973942720025860353 193.552188109713029007 70.238881146038693259 191.597479484011415707 70.538036304803000576 182.363099909312552427 70.873807963592994952 175.919863281856663662 71.268990848849554709 164.211235440193405566 71.765579043476847687 155.034842281095848193 72.395660250342700692 143.580632997585524890 72.704040259031074811 127.857703213675904408
3.125000000000000000 66.816100180592258084 129.686684433756482804 67.235739781076063082 142.602895645180041129 67.581210698917033142 150.613183491605497011 67.875618352905689790 160.368214595002427814 68.136469822062878166 168.054051420035875708 68.377267501050624787 175.389755949431588533 68.608838228793757708 184.230729897343735502 68.832182797300291099 188.794509205967500520 69.050066456061287568 193.175231391355112009 69.270955957453097085 195.822029311469520962 69.494953989188516630 199.120056032966289195 69.724994592948448258 199.305263640835846672 69.963347652385721176 199.204972480703560223 70.217680999595017965 196.493637073126308223 70.493990334647733675 190.694969731335845609 70.804572284348822109 183.237218620807709613 71.155205267646593370 175.122632244442769434 71.569194306524067883 164.385564207898028144 72.074184484016555530 155.263674405995459438 72.719719054194797536 144.685120635637161968 73.062217703648286715 130.216037927105190874
3.375000000000000000 66.958315365191253932 129.237645012667400124 67.391004009960838061 142.816428118925358604 67.749420320061830125 150.628053551136474653 68.052563394273875019 160.246025134527286582 68.320915695194216255 168.221076069154833021 68.567794936130468386 175.877732544638490708 68.804310027971880004 184.945778051701296363 69.033537545991322304 190.276718397680610906 69.256938865947333284 194.370622242544726532 69.482597276784289875 197.230016839126307104 69.711460443639040818 200.151753074471486116 69.947753214909127450 200.281210884837577169 70.191849294948497118 199.003567292465533001 70.455243984199086071 195.223739469354256926 70.739480290291581355 189.637101740968290642 71.060421758212925170 181.156514132137516526 71.423646239001087110 173.373169372881335448 71.850054017751631363 162.989882483380995382 72.375344558512679782 154.028066457281227031 73.040279509723077922 144.555514804559862796 73.383633106683078040 129.681057447006708117
3.625000000000000000 67.093689823962577634 127.963861402515860277 67.544254535315303656 142.812147295829191762 67.917513982396400252 151.269013396383257941 68.230096621153919045 160.900999144955108022 68.507283847846991875 169.828748467503288566 68.761896862729784630 178.281199939725183867 69.004410317557713483 185.828367532685604147 69.239071048731332780 191.623785316065180950 69.468652901536486866 195.686022923814476826 69.699909131234534243 198.753550950536236996 69.936122255506546708 200.646837600825477921 70.179114625274493733 199.574611537702111264 70.431445930582555093 197.473043477501249754 70.703321568250174778 193.312217472432337217 70.997943954217205942 187.779866269060306649 71.329445677028729733 179.318630458261679905 71.705729684842680172 171.824011053460026233 72.148495618823659470 161.759313797490904108 72.691713371761110807 153.372008972300392315 73.377336136210658424 144.375045353761748856 73.734637569754866604 129.977515480189424579
3.875000000000000000 67.237850076313449676 128.087145036756538730 67.702936116070191019 143.265774523618091507 68.091605502263135463 152.659949818213988237 68.417261186581256993 161.671421379163803067 68.704925230641109124 170.896180552126452312 68.968140535375411559 179.278998695697822541 69.217805222767225359 186.799645940503125985 69.459362978268316624 192.690781558284811581 69.695623146049626939 197.057714260472636170 69.933438933493988543 199.358865249723805846 70.177377929409672674 201.081958098594498097 70.427568429568083275 199.012620754101760667 70.689529551022147302 195.457598767321314881 70.971083811838340694 192.188911976568164164 71.276661690474867328 184.811554876808429526 71.620750549844501620 176.188932170928666210 72.011406466092509504 169.098478897049972147 72.470586992489259615 159.410745729208656485 73.030516824464640990 151.639582063038915294 73.735093198442484663 144.116370000495237491 74.102440068716816768 129.519467054449904708
4.125000000000000000 67.379631176127830372 128.805214634349937342 67.858910203365155667 144.866403409717349859 68.263871438216369825 154.978068850534810963 68.601699507624999796 163.892783894776272291 68.900022384219013816 173.904667761038865592 69.173051170678149902 182.226558087294080224 69.430520891522192528 190.352488042198586982 69.680227677699875244 195.841642679210082179 69.923862003412125432 200.911657424165127850 70.168669349772230248 203.046475512117751805 70.419986140246678019 205.171867566191821197 70.678363224217704897 202.219619919131190500 70.949635582248433252 198.112831322459271632 71.241043155245023399 194.181882831368966436 71.557154367754137070 185.179724983481406753 71.913749256131936249 177.016332703233189250 72.318010856435094524 169.289004779647541454 72.790559542150603534 159.976652722341867729 73.365037128602835992 153.162672791088056101 74.084431518042251241 145.530782409184809012 74.455725492095794493 130.673187556875120663
4.375000000000000000 67.516875889017285317 129.134653939042323145 68.013857494641314361 145.386311544812230068 68.438386666495944155 155.889022610230938426 68.790231677580891301 165.628356664488762817 69.099217102907374510 174.949453567362780859 69.380872011837240620 183.237907500867123645 69.648231632542078273 191.038918877861107148 69.906098127173834200 195.874618316890831693 70.158977716145344061 200.757183487390079790 70.411734940465962040 202.933467658738578621 70.672980945828143717 205.030124621914239924 70.941454144499928702 201.546958737513506321 71.223338910742228336 197.617078132765442433 71.526563914911861275 192.344814559107561536 71.855217300984833173 183.633747435113974689 72.224238975756222203 176.362456193609972388 72.643149120490278392 168.861148881474235850 73.131660464348257733 160.587825027596579730 73.714927033225293940 154.286885341209966782 74.446872663323347297 146.664470687460067211 74.849236987283859435 131.542225456586123755
4.625000000000000000 67.689981423266374350 129.418812921182819764 68.198560453122354374 145.867792771071037805 68.637218504570313371 156.497962104096785652 69.001553831370699754 165.329314044531400896 69.320607564198340356 173.304514766703107398 69.611818733258743919 180.408358790538500216 69.887885226430256580 187.791966414715318479 70.154946446694054885 193.091853088288758045 70.416038733404221261 197.453877176141986638 70.678056740800982993 198.872653889444507058 70.947977263589052654 201.320865457164984491 71.226347175597027217 197.603666187534571463 71.517488588031227437 194.398123673159147984 71.828615913675690763 189.856683276332290689 72.168628057238095153 181.469719498534800550 72.548567867311390955 175.161561019975721365 72.978758629117209011 167.419997768512530456 73.477974600293947560 160.291429541981557350 74.069188616806115988 153.720885328068135323 74.811913725929443331 146.746375967362467918 75.237360263106936031 132.125910895314802929
4.875000000000000000 67.837713360752346148 130.001943205099735223 68.362760877939805937 146.479907258394405289 68.817104559646040229 157.181953479253593287 69.194704617321420415 166.165571368601888480 69.525125389445719293 172.895363137204554960 69.828171454321008582 179.317351653307298420 70.115570922278408261 185.661643158385203378 70.393328268592441077 190.195425553191370227 70.663891257403960822 195.019347533517844795 70.935971454944876768 196.642734742844595530 71.215406914389006943 198.815452232769416696 71.504699903283139406 194.852292955737453894 71.807448787768677789 192.391070672041308853 72.131134479996120490 189.237857419450449470 72.482288703875056513 182.478878906094479362 72.872138587003078669 175.735312882157273862 73.312442239784459730 168.317564970736015084 73.819977198956848952 161.674770230895887835 74.420643023478035616 154.360590055243278584 75.173380989971832378 147.130844604170135881 75.619093053730296106 133.034495672292621293
5.125000000000000000 68.019755003631871659 131.031296274568063609 68.559381228781134610 147.560078280659126904 69.031114481060754429 156.808306789793050484 69.422480620308775201 165.924343840640489134 69.763659786595184187 171.840852469103055000 70.075920970454021131 177.156110871939915796 70.372554877929857753 181.504849063196445513 70.660303686787969468 185.990995962631956218 70.941822572370170974 190.583905467969458414 71.224901450531092451 192.176839946975405837 71.515151625011270653 193.595882860239129286 71.814160765212648130 189.839622029817178372 72.127445714849287128 187.237497229388594633 72.462434290208932453 184.970275235166667471 72.824330969007263548 179.984154087729621097 73.224219810804626718 172.888625213365259015 73.673562336881829538 166.784955430787903197 74.189475870774316490 160.628025184823741256 74.797314770250793003 154.505398174815383072 75.551951840200217703 147.359222288381630506 76.014753039767896325 132.691311167402858473
5.375000000000000000 68.197526744600594384 131.180795152019925354 68.752333728955093761 147.988553121002240687 69.239458159003959281 157.001415191030247342 69.641852417450280655 165.162844102686733549 69.993672414326923104 171.139221158681380075 70.317588098842151112 176.119724618653691550 70.623940737767782139 179.347100156272773575 70.922633122720142751 183.951132614248251684 71.215209333672532921 187.522908023549689460 71.508513225236214339 189.001581790497681368 71.809135392194903602 189.717709284169444572 72.119614462531956178 186.559895822507058938 72.444666197137763675 183.721039464694001708 72.791562003947731796 181.852663622873706117 73.164793826397570342 177.392657691159087108 73.575852384342013579 171.634622449042211656 74.035923335825543745 166.355878964962272448 74.559713851640893267 160.791998423058174694 75.177796859104816463 154.728596244113759894 75.939219957637206448 147.751856898400404816 76.417915188585780584 132.676549228218021881
5.625000000000000000 68.375482521013111636 131.644242346424590551 68.941306402480591942 147.846456816356123909 69.443290930835644303 156.005388968105336289 69.859686852420992409 163.984955608900492052 70.222529882332153761 169.689095803923095218 70.556193709658487023 174.115686451717607497 70.872696836450884916 176.606226996297237974 71.179915717599669733 180.815826431014443187 71.481983487320462700 183.480870382223855586 71.784778303667280852 184.308081561371409407 72.095663383345225839 184.983024826208833247 72.416289267396024343 182.088096869337078942 72.752893019623613213 179.544657882559505424 73.110911917112716196 178.307993177272237517 73.496587304518598671 174.600102289774497422 73.916648614316457611 169.973004688679736773 74.384688452853694685 165.477176929076421175 74.915326332670787224 160.472785981509304065 75.533088393412285200 155.488388965160254429 76.293259106639879974 148.359471484691283649 76.783501306367682560 132.996783168613546877
5.875000000000000000 68.565247926485866969 131.898425632337904290 69.134642906257283812 147.535170866478750895 69.650457738982765932 154.896464754964711119 70.080142552641945031 162.017284141148195431 70.454095653486675133 166.302571395678285171 70.799082115083848521 169.626998550930949250 71.125873174589202108 172.860230349918339243 71.443319426132489980 176.006031921597639212 71.755988426856234241 179.127765846561374019 72.069354499228140298 179.745785063309313045 72.388228040038526956 179.500981960042821584 72.718755279232979660 177.682082417054772350 73.064907765612773005 175.363791049381632092 73.432254122488501480 175.508454555375834616 73.826819973162145061 172.002821485216173869 74.256011259613103448 168.526616287394205074 74.728106124249691788 164.420725602846005131 75.260127897648885664 160.193908214008246205 75.874544244888042499 155.433108718606177945 76.627030421954330563 148.712060545462122718 77.135626665466261898 133.174406003044680347
6.125000000000000000 68.769341283194549419 132.108212685956829091 69.339214823386583930 147.798249739505052958 69.865826662503621947 154.465919736103359128 70.307370511015960801 160.552397718412521499 70.690890384704744065 164.354688628725511990 71.044957747905030487 167.041588017842599356 71.380839651548726010 170.022823638930958623 71.706275055297254539 172.940145975290846536 72.027733025300676672 175.368451348187221583 72.349994381291907075 176.745533655082510904 72.676012079672176469 176.030495014422086797 73.015140704634873714 174.865511982855963424 73.367840119916735375 173.501076621139418421 73.742940267668487309 172.673957450266328806 74.145138281746667985 170.766653897539725904 74.579880776003349752 167.461107407296339034 75.053822047805169859 164.328722301200144784 75.586452917087200376 160.634734987728620581 76.197015185530631243 154.685957804493853018 76.941075064766494052 148.871082611271219776 77.456449818167357080 133.483544563330440269
6.375000000000000000 68.987232756896972319 131.660846854003722228 69.562838792702478941 147.299771909387629876 70.101334726540542874 153.122721078570549480 70.553726349119642691 157.211485599973968874 70.947839521211179203 161.026046711981535964 71.313107486902680421 162.549373411417150237 71.658487955551251503 164.501648545558680325 71.993800101641824085 167.379322722682530866 72.324811258420538707 169.554945125987728716 72.655673669245672386 171.715791340863887626 72.989355952650768700 170.555782002123976326 73.335557119054541886 170.390268238943207280 73.694229178321378981 169.518019051736871461 74.076332536759494474 169.421686733392931501 74.483683701502243935 169.054273317624023321 74.922172653100076900 165.957381363116354578 75.398491590043832389 163.934754117415138808 75.925756997462954700 160.841590426811308134 76.529159361611775125 154.357216337962142916 77.266764174023975897 149.016978334349175839 77.803648759334436136 133.296679112651332844
6.625000000000000000 69.233858184100867561 131.529374656252144860 69.809059876301105874 148.348624180757269642 70.352693060193516317 154.497154715223160792 70.813383954212611116 157.542781971198678548 71.217791707548045110 160.571970228140088466 71.593529231914800448 161.479910623136561298 71.946398710045940561 163.646644347906260464 72.288419086286950233 166.618453558793646607 72.625380959300315453 169.278527823749755044 72.963036795752287844 171.403139293321601144 73.302255146458605850 169.777324000082558086 73.653206565418642526 170.347204103161345756 74.015719329095134071 169.898745522971069022 74.401692060269155604 170.421803940529173360 74.811747999254777142 170.256499489582722617 75.249882046585767625 167.791610077463786865 75.719424167742218401 165.714316654863409894 76.239700497890098063 162.618019149702860204 76.835637189943255976 155.451214797612095708 77.561028818696954090 150.003879902767152998 78.112148067361076187 133.150320967155977314
6.875000000000000000 69.469882954748527482 131.992010073837974460 70.047634427432626580 149.412599044537756754 70.598417097334476011 155.448479192959098327 71.069506070841157452 158.468260127835719686 71.484582067102977021 161.772242809584668066 71.867333473223425244 163.541842678852646031 72.228393208307551276 165.434615529460700145 72.576886613296181849 167.983592684896450464 72.921610893997026892 170.179593285788115509 73.264209566610261959 173.311402864021943060 73.608243949093747460 171.770748851092889709 73.962989202582818393 171.955925168635701539 74.331453347825103606 171.929750712443620841 74.720603724235274967 172.665812405678934738 75.130482593300300209 172.822969376101355010 75.568708117470094976 169.976212534267403953 76.035264132214507526 168.717512936372941112 76.553252897441097957 164.584729965851778388 77.143135074289972408 157.309911070989556947 77.852548005767701511 151.516331791160325793 78.411735012119905264 133.615024592646534529
7.125000000000000000 69.718431543273638340 131.554679007880764630 70.294332861560164361 150.113828271364383227 70.850639171150433526 155.976139272577370321 71.330394139284791777 158.800202143085840589 71.755490490523413882 162.510687843456963719 72.146244333868409626 165.213203298790205054 72.513851013924295330 166.569331670502549514 72.867443071911836228 169.248810634094951411 73.218214467105084964 171.298798141551202434 73.565272051677666809 173.158036066209490400 73.913659267262644903 172.332747985395400292 74.271585124152608159 173.307884095380330791 74.640989813299682964 172.502955167042898665 75.030762879891739203 173.254776233240079364 75.441028073773750862 172.513266461086601566 75.879063892840804328 170.515401048124800809 76.341836692392433861 169.558031112771487869 76.853824940252508213 165.088269577164112434 77.434100962099108756 158.023037824899518000 78.132952429501173697 152.145628803497544368 78.706554211899828033 132.620008823914304230
7.375000000000000000 69.992884397875840818 131.621815473376500449 70.562386724148737471 150.610596088370868983 71.118803346835832713 157.023631137272843716 71.603688576872059457 159.440863054222859319 72.033854277676255151 162.374228435168902251 72.432410397361337573 165.885182024001807122 72.806012846808243921 168.316902987452010620 73.163702283190346520 170.641704930236443261 73.518529148286120289 173.171723284084634997 73.866380277744255523 174.977523565178813669 74.214971241621384479 173.722608102513675021 74.573627278056164869 175.004025791207567408 74.944359748896346218 174.422478372766647681 75.330901599041780514 175.450661906565017034 75.737715164742724028 174.213993809805629098 76.172270764319591763 173.415313110816242670 76.627552810709914866 172.247430792637914010 77.131794495161088321 167.628792506301664389 77.699752908351371161 159.961799142756035508 78.380454422822737115 153.980601259036603778 78.954137287672210732 133.574340597844098966
7.625000000000000000 70.276651654800502911 132.210316865764298200 70.833995603184618517 151.348312718381521336 71.391108595558179672 156.553528472966121399 71.883492266914657876 159.542527606323687905 72.319948018110011390 162.261392061439920553 72.723680405369833579 165.807252885238142426 73.100368218909977713 168.412052246504373443 73.462837123069903100 170.469361729993892141 73.820297284226995771 173.144913871732569532 74.169627211177214576 175.981399626364179767 74.518500151327359049 175.348198788914885426 74.875416225340870824 175.821573432748238019 75.241144884801244075 175.791995768170892234 75.624472370478358130 177.092179497636124097 76.028250917485507898 175.891863801939308587 76.457741272285105083 175.181907427633149155 76.905895341461146586 173.683912567562856566 77.398303803174016480 169.016533138160269800 77.952292604646075347 161.556875551807195279 78.613099014775684736 155.178469290139446457 79.208416397762164252 134.341351796560644516
7.875000000000000000 70.579629740989688003 132.791089155548036160 71.117602659905713836 152.060601196140851243 71.666077414926220968 158.013459933845581418 72.157848352457008900 160.933420113131802509 72.596231638174216982 162.566794928868972647 73.005384766956623821 165.859215371284051344 73.385662244080862138 168.005425264185333845 73.750235434018719616 170.046738743452436893 74.108350039134123222 173.070886948510320735 74.459955461939685506 176.238093526088704266 74.808788957817142773 175.541865769886783255 75.164410146655697531 176.702334302506983477 75.528162039568670139 176.804934733934658198 75.907071291415178393 178.191379343953826719 76.305292804396245288 176.946369747994509680 76.728059141567015899 176.841115948039060868 77.167623857357938277 174.746263635604464071 77.650734105285323494 170.920745700045188187 78.189580320466134822 162.893757012601469114 78.830352165161372113 156.570585525958279050 79.411052346511127098 134.982223075734054873
8.125000000000000000 70.880159893932159321 133.472133183171280280 71.396199290871180665 152.620526320765179662 71.933287239335797381 158.909834167523456472 72.420363336503456253 161.312854087567671968 72.859406290402404238 162.732716907691383312 73.269333094532669293 166.276394461352765575 73.649286871305335467 167.944622596239611312 74.013686000557498801 170.175013560094583909 74.371786417138636693 171.754056467761103022 74.722713634343179478 175.302992798065986335 75.069358543561776287 175.651363689753338804 75.422953032316286226 176.229286253889654290 75.782538568219408148 177.923686537145385955 76.155914046394002526 178.428837696492877285 76.548123327156943674 178.120475494442274567 76.959789494778505059 177.988867981841025312 77.391449623745714348 176.244995099210314038 77.861369494947922476 172.335230164110271289 78.386357296568547781 164.462782198653570731 79.003417270938456340 158.025437286843470019 79.576016410896400544 135.407291706605519721
8.375000000000000000 71.161108888942337103 133.944902649843839981 71.665161032087311810 152.867696129890248358 72.189592006104206234 160.325417687857225246 72.671986272684080177 162.847074815407012238 73.110975053190045969 164.234621480466159937 73.519739835344779522 168.003892894150538950 73.900273230535660218 169.858980768652713778 74.265796994033223655 171.066811135635617802 74.624683688852542218 172.889375410698619362 74.973456028786245042 176.820265960601545885 75.320064001858938241 177.856252185620121509 75.671745571254618312 178.264289963324699784 76.027025074055330833 180.432828505209840841 76.393678875179389820 181.831565162640629296 76.777642896678273132 180.496453496122740034 77.181578181239117953 180.930725198164481071 77.605249027256206773 178.644378099714657537 78.063063001415727626 175.013638032866907679 78.576917104522024715 167.675845090581418617 79.172934325607386086 159.519457629792725584 79.753906644037016349 136.529679074840913700
8.625000000000000000 71.398442705235481753 134.632291100665185013 71.886214053545714364 153.690563195817190945 72.398894238440092863 161.782670341536061187 72.878415227188924064 166.318855242167813913 73.316467368335437982 167.075569933976908032 73.723333568877350785 171.381272515214988061 74.102781984563620199 173.419483995091155748 74.467829954237970469 175.011789295097486274 74.825052865014185954 176.519660819520453288 75.172277125218514016 179.644049010785835208 75.517731235277736346 181.135071869687863000 75.868432521701251403 180.514644157774398536 76.221572557512033086 182.714105988493201949 76.585799846968356519 183.777841146762710878 76.966126073325099810 182.396703361632205542 77.366306292474305906 182.825104127884230820 77.781054813849991092 180.784224340737836201 78.235886513085702632 176.359799162414276452 78.743267881638331573 169.852715852627682125 79.323313843459530403 161.120973469841800352 79.877113454305217033 137.115544836937232276
8.875000000000000000 71.602339144761046441 135.634927434148380598 72.074771060217827312 154.978398254531072098 72.573576171603548346 162.991814550072120937 73.049134133902370536 168.379997917569710353 73.485705344934373784 170.178170125194839102 73.891786393310695757 175.015433007965015122 74.276037703522703737 176.804504631770583956 74.645008000691305483 178.770432525539632707 75.005670985176166710 180.580670727604626791 75.352915141005070154 182.505052846310064751 75.698055313292670121 184.021494190937346502 76.049192509814872665 183.446503167477345642 76.398628072484967788 186.153675138658343258 76.760029154270284835 187.469659663657949977 77.138621756018906694 185.105131467907881415 77.533459412189770887 184.737725614218419423 77.949808641091777872 182.797514349797097566 78.401531117668966431 178.240288569090665760 78.906985554533690674 171.759617744756440061 79.476685048679442502 163.119628970025075887 80.013399644892913898 139.291008095108793441
9.125000000000000000 71.422540039778070309 135.155187347749517812 71.899887271159741431 154.091207338602174559 72.407487776853386663 161.299958868242640619 72.882517334593458713 164.812504573397404783 73.320987722074889348 167.211584366035339144 73.730266769466254573 170.245548222663330762 74.120410209224729670 172.397592135095209187 74.489402932564743764 173.955272902674948909 74.852998130281335420 176.463490952630962738 75.207297581017002130 179.812200714945760183 75.563375228626611602 179.934839467865089091 75.922624938184654297 180.725764187832055541 76.286312001012035466 181.741496363063191666 76.663148148471677246 182.187151708360232760 77.057460500808304005 181.493568213907082054 77.473712876718067832 180.234219611557278995 77.905845051198298279 179.509270880754456812 78.375729547958158605 175.739536223939182946 78.893210834369085660 168.794998026742320008 79.482644896411784430 161.664905055928102229 79.997520395674385441 139.283709192539703281
9.375000000000000000 71.620596148425022420 135.674520421621366495 72.089207650273621653 154.778555365504672636 72.585479414653548247 162.402361154342941063 73.056434364893149791 166.021232673646977673 73.497687754018116379 168.682127694418852570 73.906144695049576399 171.728205056489343860 74.298889034339055115 173.895048430703667464 74.672590596305624899 175.004450948810813316 75.039961869584203669 177.419954799540505519 75.394832273463990191 180.929229940008582389 75.752549154453348024 181.536896540040231685 76.114083903394643471 182.372821205290165381 76.478174078234815170 183.304778282884285545 76.853423073817282329 184.431811224539330851 77.246974455423256245 183.599917217010187187 77.661214110440539571 182.578791244126023230 78.092500468712529482 181.275705772254383419 78.555962139920609388 177.757567232296366910 79.067927870225531706 171.505251425738265425 79.644294185430354105 163.453457664018174000 80.166365114571362938 140.904829257894135708
9.625000000000000000 71.811413259898472461 136.098973541329087311 72.267378408731843820 155.494048456106384037 72.754242537178328121 163.662284662068344687 73.221793300022284257 168.505880101438577867 73.663068214401917544 170.982907896188464747 74.071782350340072298 174.299862867031777114 74.465908640214891534 176.569386183670559376 74.839811591193225127 177.798917759514068848 75.208346037013399155 180.028139573482974356 75.565960639010043565 182.920566430592543838 75.925584869221225404 183.768264294183438778 76.288289410260048840 183.936710445172622030 76.655380819401969461 184.823336725785651424 77.031487120268295143 185.698218783289121347 77.426321712400095976 185.020887146997722539 77.842436601042564348 184.154066021465581571 78.272064405548590571 182.992955699376324219 78.735664228784472130 179.144543878608430987 79.244188092334027829 173.247765035974822467 79.811652233417575530 164.828248082148348885 80.330564235217380542 141.926263735786363895
9.875000000000000000 71.981268262259021640 136.448680113880897125 72.425562417542451499 155.620861438058341264 72.904529890430481487 163.828870940975264148 73.371217754968398594 168.961344282411658924 73.814060823105521081 172.259689611035696544 74.223299843052274127 175.758493210157723752 74.620589141889922757 177.887956347141908964 74.998362591360631768 179.473051234703518730 75.371921846337272655 181.746280828307050115 75.731969553337322054 184.148697613404920048 76.093497379760080435 185.035550576337925577 76.459106118090886639 185.102045304091660682 76.827914616860553565 185.815770687207390210 77.204718049745423514 186.873855056445592027 77.601626392137006860 186.005006565219957793 78.016491829497979893 184.859995190137794907 78.447569430438576887 183.833211319532182415 78.911085995382407532 179.970856974915875526 79.418035742370051366 174.543176863879068605 79.975746986121265536 166.089616926943932640 80.486971536457986076 142.867089144719983551
10.125000000000000000 72.145473553475056860 136.417233615959901272 72.578888718106526312 155.590515092459014568 73.050285549579953681 163.924080391889106068 73.510054097270312923 169.117335706877810253 73.951264147529613524 172.485689911496109517 74.363423120095490049 176.258810110229461543 74.763213902235847286 178.280916195442500793 75.143707656468805567 180.125103154638793512 75.519111033946060729 182.425149412796343995 75.882411231745095392 184.817086048726281433 76.246868045438390027 185.567596562198986021 76.614456774076799661 186.236068157769182108 76.984673231593802711 185.889708604916847889 77.363426303561794839 187.065333599882876570 77.762646344385572661 186.359459295311097549 78.178085669122211243 185.177186864365779684 78.611732813973489442 183.827430039175197862 79.072872762936469826 180.664697128119769332 79.576327299475224208 175.369054324568679704 80.127622612016779158 166.902519196118532818 80.619761347776346838 143.501882234085400114
10.375000000000000000 72.315693485493639514 136.912361625163924828 72.732328307454309879 155.934756865358281175 73.194373149329919670 164.287937851495087216 73.649516267938324177 169.688452377824773976 74.089277289630729229 172.689360824717425658 74.502001931200751983 175.832903930937021642 74.901154015130941843 178.547218246664755270 75.283525146881373757 180.404514628622706596 75.659818522428992082 183.030770273694372463 76.024595111900993061 185.915206762835765630 76.391486106391568001 185.826144441024666776 76.762437141695826881 186.643023577799709756 77.135918030420185687 186.654377527206776222 77.516373735909482434 187.557217157374310545 77.916035627638322580 187.338884151982341564 78.329477501302960718 185.712390733268364329 78.763103443169399043 184.817421493367987750 79.223628586511878780 182.263192726556866319 79.718298878477057201 176.893819375572036279 80.257951328603610364 168.365440895175282776 80.736937060598719995 144.839663493024914942
10.625000000000000000 72.465950426125530726 137.161384150801040960 72.870368738290366650 156.057825730705474143 73.319852469385466520 164.595286082352657786 73.772071899008707874 169.309234699621811160 74.213547536766526491 173.657871338442191700 74.627761043500427718 176.328011367637259355 75.030047961405870183 179.023158111485514610 75.414244950153843661 180.285656743406576652 75.792510706357163031 183.295896253924695429 76.159828938606892734 186.205148299544191559 76.530407260557552718 186.274952935574560797 76.904413798632290877 186.849627514395677963 77.277396682180921061 186.424273039043413291 77.659629609171162201 187.181953810184978693 78.059250489579611099 186.847818094995403726 78.473750808974344295 184.960760906783207247 78.908487144829976501 184.425028448811502813 79.368013158301522481 182.245271359791672694 79.858857962553486232 176.683681327418753426 80.396765938306259613 168.460909190495613075 80.875121538597596782 144.966881972276922852
10.875000000000000000 72.625342453565664869 137.246020722222993982 73.020293402074514688 155.731106591427447938 73.459157302432629422 164.899469726617752485 73.905900823390396681 168.951785242437040324 74.344901545546889565 173.692930666196275524 74.759127266156255587 176.251010530553969602 75.165499634334821621 179.673067723678087759 75.548413786510465684 181.016170719974837766 75.926756432234597582 184.137919273064341041 76.296588717958840675 185.999447697784859201 76.667517942486242077 186.454431470206685617 77.043204509494429999 187.556170408552816298 77.418783149501336993 187.036283833028051049 77.797715657173327486 187.808049660721280816 78.197637796529960497 187.528676345802409742 78.611944078339618613 185.159295944180286142 79.044374395557468915 184.766749018840073404 79.504112638910797273 182.420261645378019466 79.989602760777387402 176.382564362241566869 80.518904944280862424 168.375268893827865213 80.987989818841100487 144.233416720531181454
11.125000000000000000 72.828415816897404511 136.512405643462926719 73.211044206663174805 155.225081803932823732 73.642120101702758461 164.673054286815300884 74.081893530118961166 168.832371132783833900 74.515988384283872392 173.905625177653973878 74.928557293613252455 176.429308237152298489 75.333943653328191203 180.149334127902989167 75.716370319906332043 181.340908336972489678 76.095321420400139800 184.087159980496181788 76.463037987699834730 186.146352659298628396 76.829790393172885388 185.922757893701316334 77.203744179064997866 186.711784526314943378 77.576844392918502535 186.018577659686599191 77.954412485848806114 186.793167672885061847 78.351445118266468626 186.389135503190232157 78.764451078949662133 183.786017738159529245 79.196599275642839189 184.031271349317449904 79.651942427752757681 180.949410188669020272 80.133307126686958100 174.924855642186884097 80.649674003895114538 166.747307059701739718 81.113427480273202264 142.908635250468364575
11.375000000000000000 73.023257932501451251 136.353353225954748495 73.400937830445528220 155.192865356211825656 73.824814048287237256 164.627160630497371585 74.261590755727453939 169.016163615218687255 74.690777237786406317 175.065433948543414999 75.102278544893820822 177.120008207156985236 75.507806082069834019 181.526000434596625155 75.888833369951981922 182.275629413668610823 76.263109950907065127 185.588643682207248276 76.627850864042102330 188.137025090913198255 76.993132049973553421 187.634248316287738589 77.366262738345312755 188.902420527509121939 77.736915855418487808 187.371488829373248564 78.114670179994803334 187.726197587871183714 78.510127962560005699 187.096559465011921475 78.924845972656171966 184.603795907196399639 79.355955435526468023 184.418084383401037485 79.811316292374613113 181.435476313706516294 80.288240864365747029 174.724996274832307108 80.801102276556335369 165.945529880772198794 81.249777392580639912 143.380461857502012890
11.625000000000000000 73.214753627600373420 136.380077951450658702 73.583719408138762219 156.350417483439741773 74.001622935082849608 165.538227165003320351 74.431751876452509009 170.713655551693875623 74.854168338788014125 177.520805614690061702 75.260314640904425687 179.477316477990910926 75.661678463576237164 183.959084713662264221 76.037132686458591024 185.146833642387747432 76.407155361161187557 188.377788062604338393 76.768358880811987888 190.592182228387770238 77.128123867023433036 190.207625950522896119 77.498221476984568312 191.707806537470673902 77.866629791527799398 189.848725286799634659 78.240561894994925751 190.279181259732865783 78.634033807905652225 190.009591000467878530 79.042036099570850638 187.002182005505801499 79.469069992445511730 186.224621692129829853 79.922466348623856902 182.556444503938223534 80.393486613686860665 175.771846665422174283 80.902560072171056049 166.367161188999801880 81.334988572755477776 143.252714870828555149
11.875000000000000000 73.399069370086976960 136.874311307306356866 73.764151594323848826 157.320565299914761681 74.173777742155593273 167.560042235117720111 74.595153455153379696 173.092024710956707167 75.009180818208946562 180.438583609531320917 75.412983455276986433 182.691947857240535313 75.809443128023261238 188.330671731499080579 76.175640764606768585 189.567946754358644057 76.541413700531307995 192.895219858302169769 76.900738129247670827 195.418970021081491950 77.257306767049442442 194.719295305054941991 77.622946313298044174 197.320254471234278526 77.987126818424783892 194.804843615963392267 78.354470345548307364 195.416393090552844569 78.742138721681413926 194.499922073195449457 79.142900024463557429 191.646823680842913973 79.566111754793737987 190.373933786336607454 80.012478838517310464 185.892738204982578054 80.475114869297556197 177.887369299149810331 80.978965779263390345 167.225585068450186554 81.418218849570010320 143.683140752725194034
12.125000000000000000 73.560340650857241940 137.118195162513927698 73.924765359552665700 157.326440288597098061 74.335948150320959371 168.312198612942012232 74.749812041817222052 174.058083616813092931 75.159503665978689924 182.210706778254291294 75.553508534271301755 184.945102129450702932 75.940790526404725824 191.065749196446233782 76.298711888184627128 192.798985120143981931 76.658526101869810532 195.145318159224132160 77.013841166083807366 198.905753932995196465 77.366715652173738249 198.622516052440317935 77.725079070781887935 200.746087356339785401 78.086386837106815051 197.891727201136234271 78.447734014650194467 197.960834211826664841 78.828398713688969224 197.490507925149472612 79.226503058627756104 195.055639597311540001 79.642144920578090250 192.545038568637721710 80.080865396137568268 187.599513676772573945 80.535126389312850392 179.255116341827061888 81.030592245337828672 167.308355552411399003 81.444215122180935396 143.229414556068263664
12.375000000000000000 73.713278205995507619 136.715115034226556645 74.074482966833940623 157.476606927137936509 74.477345563702414211 168.800146654989049466 74.885492869544961536 175.084765130763543084 75.291480801944274504 183.000919747935910209 75.682458708606631603 186.422961171564395499 76.063792318731259456 192.781016655065116083 76.415170000544591744 195.002830831930964450 76.770294160087829027 198.381159719734569080 77.119039604480164485 201.808551041202917986 77.463819577357185153 202.082085996495067093 77.815269186998861528 203.755882567257202709 78.166377504543035570 201.792085489447146074 78.523191032046199211 201.845938116519107552 78.893201322866246983 200.830524652146607423 79.280952287094763165 198.292949592054441155 79.687063341790008053 194.613232768518770399 80.113772938816424585 189.354828315661592342 80.558920674957136043 180.016890925838254134 81.043451487046013426 166.745984606086750546 81.432125920934822716 141.910464470508827617
12.625000000000000000 73.880303255858407852 136.572762228793095574 74.235027066484079228 156.979827854557356659 74.635293564806588051 169.225071973455186480 75.039114248979558397 175.515518333848120847 75.438685247801757328 184.401244760053259597 75.821572202625276304 188.477901344072876100 76.195395832273035808 194.820638649486340910 76.542301712061913577 197.751492340669216219 76.889625146779096099 200.452199641993729529 77.229670917138449227 204.527178282699480860 77.564335479956667996 204.976177363551357757 77.908086201674734639 206.817006230986493165 78.251788292675001912 205.370027563521830416 78.598547505210532904 205.878287360952811014 78.956110765478825897 204.014061603150622659 79.330574407361623912 201.102915260824971710 79.726224521244390075 196.524847055951198627 80.141620924151425243 190.152530343785173272 80.579166115155047123 180.368677776354701336 81.056327575770950489 166.199921201157508222 81.423548465339209201 141.716292701271726173
12.875000000000000000 74.010063960836220076 136.653480640557546621 74.364353980003770062 156.943037141245952171 74.757286584688856124 169.935011368015523203 75.159676410137237212 177.201774406502693182 75.556181176183912385 185.431866192288680395 75.934916582845232824 191.081061550533689797 76.300969063323435648 197.846436040196039130 76.645484538820994658 201.113837082804053580 76.985363904779916311 204.493236141517598980 77.320208980386112785 208.761007027386057189 77.648098815299192665 209.885694555102389813 77.983976604981847913 211.652914346119047195 78.319221017659359063 211.123444460445028881 78.654874896839459097 212.114237203397294707 79.003427391362151866 209.359602316618179429 79.366517642993713366 205.802351385662660732 79.753202905243213650 201.238674450285856210 80.156351582670552602 192.851966520349890288 80.582934797834255392 181.876580921068551788 81.055294669736824176 166.926875892656681799 81.411261398624787944 141.618766945841542793
13.125000000000000000 74.115303718802877597 136.665363657566018674 74.466361843526655662 157.057924642497027889 74.860014942404916383 170.073885014516662295 75.261196519315262776 178.586460860386267768 75.651510880675914450 186.833673878375350341 76.025183426563117450 193.169031616251771766 76.384179382449246987 200.469679891437237984 76.722259842987099887 203.937718156424438121 77.057349835310930075 207.675837887749054289 77.386230514629048116 212.655669413913642529 77.706124581842374255 214.122213002016735572 78.033157253848045798 215.592327870961526060 78.356231727730019543 215.217278945409674407 78.680566734102953319 216.275263346203445280 79.017492192172554155 212.949956896060115241 79.368009540727570084 209.840666754259700610 79.744862712462818877 204.457357661839495222 80.135362344683741753 195.094831840787918509 80.552402156562578739 183.783305461625161570 81.017013569062498846 167.976659977634369625 81.362227881708804489 142.679122668427339704
13.375000000000000000 74.173257630134060037 136.997649507072594588 74.526403434637231271 157.160943228556845952 74.921072309176167892 170.876544933037138208 75.322618129994410197 179.422635473898225200 75.708486052916384779 188.654925535136783310 76.078819931085902795 195.534354304349250242 76.433741311609935565 203.143793304255893872 76.765929557069142675 207.033266559844207677 77.096234740627124893 210.999350257011144549 77.420803626246595286 216.757506494749492276 77.735004543303048763 218.254995229136397938 78.056113540759980651 219.731972292538046077 78.372057455783945557 219.921917434541342118 78.689033107214072515 220.765202205346781739 79.017453897592830003 216.925537997111035793 79.358575431911702935 213.040764731820047473 79.726761952035289482 206.929467219556585178 80.108718276151932969 197.107340813238607780 80.520888678339332500 185.496525537337646483 80.982362569249289663 168.521454647728376131 81.282453936231050307 143.096624111130694246
13.625000000000000000 74.218438280535764306 136.811856431345972851 74.570804739555441643 156.336800940987529884 74.970921817728935821 170.441909278879990097 75.373722507842728646 179.181164694936143178 75.756448361291148785 188.516106679547078784 76.127899131309632708 196.062095296777528119 76.480138407030821668 203.557897465956330052 76.807666775340024401 208.186186288696461588 77.130568211828929748 212.643351156244932554 77.450422802259083710 218.788362617650477659 77.758627103894895072 220.247186379510139886 78.072135125010419188 221.936607479627440398 78.380971414457164315 222.093375395645665549 78.690463779586750093 222.968746236894190815 79.009315892566817752 218.570909059971825172 79.341912867401447329 214.239161065090542024 79.700712348796997730 207.613493925190226719 80.076659900944108017 197.915840288490699095 80.481001391162621417 185.970316237524400549 80.933911945532202026 168.825863052958851540 81.205436855653317707 143.066272243663348718
13.875000000000000000 74.251829584165534470 136.786841210766027643 74.606487010576429952 155.470647277432163946 75.006571309151553351 169.698163372729538878 75.412405277596292308 177.927004233963913293 75.794965353027421884 187.319341704033035967 76.160489758167742025 195.068816325319147609 76.509231053552682056 202.836394268002891295 76.833342383273190990 207.332598547467085837 77.150372614603909938 212.725544254154385726 77.464232367934215517 219.146203478295063860 77.767159917854428386 221.086865614361016696 78.074562220400054002 222.921842477247110992 78.375294300784958068 223.299118144283795573 78.677100670554239059 223.904737685050008622 78.988077576376028333 219.561861168164341507 79.312356210718277794 214.547977708457608514 79.663261678440051128 207.184607938581592634 80.031317510071687593 197.757316910631686824 80.429156127447228641 185.762081267819212371 80.877676581556031010 169.077959241776113686 81.119896110944551992 141.574787344137831724
14.125000000000000000 74.277654557849658090 136.394264747606769106 74.635368741574964702 155.043919167798037506 75.040377750818109348 169.092597029585022028 75.443005174905337640 177.195911459423427914 75.819437443759923667 186.205579947756149295 76.181501714522326552 194.074508415283617069 76.524590333298831979 202.540765248368302309 76.844870848210931058 206.880935921302551606 77.154667471399037026 213.038550936785924250 77.463322378835158588 219.599722604482280985 77.760573367573982750 221.629884324141073648 78.058492207020790943 223.115321580214100550 78.354530813285251156 224.081922445071171524 78.650019421337205472 224.467626766093445667 78.951955550452709076 219.739611800294142085 79.270543695069122236 214.255787132187180077 79.614932096927319094 206.613125239797255972 79.977153572326798781 197.010287196821934685 80.370884824923507495 185.195240297251643824 80.817070426639986636 168.498915782625971360 81.047432127137170710 140.456352416029289998
14.375000000000000000 74.264334639659537629 136.333167218840117130 74.626970627671326497 154.826242523901868253 75.036045801837005342 168.140574650491430475 75.440460793972931697 176.300559259883954155 75.816139113977030206 185.285439343447563942 76.176550518076240337 193.597684045778947848 76.516004816375200903 202.317992991416161885 76.832191240045204950 207.151073140532673733 77.137608908484210701 213.324039275149090145 77.440182841214763698 220.127493468159826762 77.732352795522501765 221.712765851892953606 78.025638681779852845 223.506888481084075693 78.316173092460999783 224.100061700013981181 78.606774229824992517 224.315217621604915621 78.903689288222636833 219.408319053158976430 79.216183289519165101 214.164915834231123881 79.552900951319060141 206.491046264661093801 79.910612634761477580 196.493303311862774763 80.303075833246964521 185.012947079888874669 80.744531635133341751 168.268923152877391658 80.958260798508803191 139.957472447476618527
14.625000000000000000 74.244931487246503821 136.468670910724597434 74.612730340910985660 155.127045032732354457 75.025266851981768923 168.239414104545204509 75.427521935338631920 176.840532845573193299 75.799681348033388417 185.515021600410904057 76.154031511446405034 193.416081665994767036 76.489995835888279885 202.376637300522418172 76.801620757976749587 207.217287626082850238 77.103505426359035368 212.896796030012012579 77.401195950476960661 219.711897576269848287 77.688446868369496201 221.386997541187184879 77.975351469995004550 223.280969657330359723 78.260403603398742689 224.038598078214562292 78.546309316699733927 224.236125623109217031 78.838801516540797820 219.243773470842626239 79.149252347165173660 213.582493802851701048 79.482224285777249406 206.054183961606895537 79.836226888156375026 195.621009198513547744 80.231047183124587718 184.671163296164337453 80.671461056646236898 167.746926947930575125 80.862314585282987878 139.681754000704785312
14.875000000000000000 74.203054620379958806 136.044242033007861892 74.576419315324230297 154.983647041060379479 74.993568162597057380 167.847943660685700706 75.393815086155214544 177.368230619643043156 75.764425564893954856 185.088213635878759078 76.114758020417170314 193.935548148245317179 76.445135649876931438 202.129481063657323148 76.752326719918812614 207.775367728404177114 77.049697789870293718 213.283001614328554751 77.343112552101018764 220.007750342503925367 77.624436253953120968 221.509190093341004513 77.906676453627298429 223.670398825108748042 78.188002620176973778 224.074794296073918076 78.470824347460137460 223.571518700285537307 78.759131489427048223 219.158633810424475996 79.066864868437008340 212.754012236513574408 79.396694466116755962 205.254003087431073027 79.751001081652376001 194.512051391463899108 80.145361747741489467 183.753368647449264017 80.588496620023391870 167.056590642690792947 80.758079317037569922 139.830146518438198200
15.125000000000000000 74.303787121024868156 138.216616115741771864 74.677277315450055539 156.836342102663849118 75.093219827026317148 173.226867057472645683 75.494832621872518530 183.857714190896899709 75.863554383185785923 194.061006878063579961 76.200871709140670873 205.147956075783554297 76.522874603212116540 214.285497576330385527 76.824881125511140567 220.807955767485680099 77.114118362338786028 229.098066562992471518 77.398480400919822841 238.067114891230716012 77.672447051949291108 241.854029243289517126 77.941673625681843873 242.547503158346614782 78.210071892442499575 245.142675403732397399 78.478559913108057344 245.125676239564967318 78.749279793768110380 238.907894044908886144 79.039325770764051526 231.191241838837640898 79.352191905916200199 220.320472328032991527 79.681438784534762476 207.605354028156540380 80.058306155492445555 193.853411793088753257 80.490479743985474670 173.389726346915495014 80.667334286166664015 142.149759202026956473
15.375000000000000000 74.171258118498499812 137.268496382357028551 74.552788853375147937 155.457280051713070179 74.975123923371626233 170.108137676762254387 75.383751153155131419 180.475569466861230694 75.755557539389172916 190.066878902970842091 76.101718381473247632 201.618855617807952285 76.426059398407048207 211.020644015029461116 76.731173321553470146 217.452392593461041770 77.020562067201694845 226.254343289787186677 77.303038279741400629 234.830579858463863729 77.575280353299135072 237.673598297463428253 77.845117648342068151 239.031014699300385473 78.114325972174881940 240.770583682372659950 78.383659883255035083 241.052117083947194942 78.655067782831196155 234.751917867626303860 78.942732122430797403 227.057025845151940757 79.254677249127652772 217.255646734332714232 79.586941551703304754 204.641503518226357983 79.967969712113742276 191.807845948303423711 80.399405213217335131 172.363915534038909527 80.574462653487813668 140.921265131075443833
15.625000000000000000 74.034686344916195821 137.209397123334326807 74.424829706886001190 154.870975940880953203 74.856725170062034636 168.691117851289988039 75.265447984457694020 178.926282824921770498 75.637408890837704689 187.937799838169610211 75.980780801842257688 197.732365435354040528 76.304085834530880561 207.368173893284534870 76.608992230319913119 213.794053865284467975 76.898948957986817732 221.313706979739748704 77.179918576337072977 229.736682779918083952 77.453164392428064389 231.912382839324919814 77.723389811948308648 233.630995842824006559 77.995041879611790137 234.981046132404543414 78.263996813523320384 235.139774498549087411 78.538197592098441646 229.617169532415800859 78.829095590771785851 222.031993973849807844 79.142661075163630358 213.367095607666101387 79.480743408357980684 200.860529356876327256 79.868398455523390567 189.489306164724553128 80.304705019221259477 171.479479827142029080 80.461030045365930619 140.847080234807464194
15.875000000000000000 73.866700068335916285 136.447954353299337527 74.268158661540212506 154.352411231960132909 74.704964875997163176 167.037449461638857429 75.115313245485168636 177.733208503141469237 75.489426380990508392 184.982527787148086418 75.834870854780859872 195.466778233113643637 76.158471937332791413 203.812280010320847623 76.462530696356779458 210.601045100608075700 76.752719024638309975 218.471542615561702405 77.036013826330190568 225.999787119558789072 77.308828131662124861 227.706928022963808189 77.579010728576278666 229.589828835848322797 77.851206845806942169 230.127981434517010939 78.122579578514390164 229.157521422158993119 78.398831854846136480 224.741577429356254925 78.694928839918347308 216.641991476002402806 79.012340208323479374 208.831635925620076932 79.359171733239023183 197.155495809612119729 79.751380251679719890 186.553758633814794621 80.196844142174484205 170.075469610491495587 80.337213703203715909 140.957430005302512654
16.125000000000000000 73.668914703518666443 135.772007760120970943 74.077709604200933313 153.334455316126252455 74.522018434273192611 165.272197669472831194 74.932081013869037633 174.804703334546815086 75.304174710338088516 182.882484056239263737 75.650439749083261631 191.701943621859356881 75.973705706267850246 200.104111234441660372 76.274822685522465804 207.072522219387309406 76.563099648688350385 214.750356940364582670 76.845568293073483801 220.940482159278843710 77.119107664430075033 222.679741783363851937 77.389548261966325526 224.440565568929628171 77.660290218696317766 224.617762460852247841 77.934317890404926743 222.054749297928310625 78.213812854466439717 216.862267540912171171 78.516611274547699395 209.711869336410046571 78.838323630506394579 202.243948771540232201 79.193335380789235955 191.489808895536725686 79.594792480124340273 182.494685463566753469 80.049619395708887737 167.825746372337960111 80.142440153762819932 139.566150692382137777
16.375000000000000000 73.424706624199018279 135.329923629620054726 73.841480309161909190 152.795719565735197421 74.286313797629972555 163.647620521323858611 74.692859395932501343 171.755501847109030678 75.067257788342232061 179.212415732288889103 75.414712586398152894 187.559934228633949260 75.738665745366574811 195.353106686810150450 76.041142020414724811 203.356751369969146026 76.329171615877513091 209.871356147856801044 76.611500565096420701 215.019414950516363660 76.885365304816559728 216.789080078341669378 77.156634422474184021 218.125053126322001162 77.432559131168275712 217.573689752253102370 77.711690851340748054 214.707517852772582501 77.996073757794164294 209.305504690503767051 78.306173110652508740 201.325154578794041527 78.635563210163539338 194.659792231907630367 79.000199248578681477 184.912249409487515095 79.412715808802673223 177.789750585335298183 79.882341582666057889 164.903384680904935067 79.964466231537741692 137.188595118117518723
16.625000000000000000 73.178160395861894472 134.349385716060908180 73.597987305843759032 151.453018947863142785 74.042508600855384771 160.708164156281270607 74.445260656437696412 167.829975527319334105 74.818266633840266877 174.543258832799921265 75.161530078017150913 181.775279390942046120 75.483658374691103177 189.067722544906700932 75.786165981623909715 196.947267133787050852 76.073463544912897305 202.562450932332666298 76.355584398260731405 206.506906457819439993 76.630700453257873050 208.403543877133813567 76.904417621835065688 209.426567081527053915 77.182137185643014732 208.302817328934992247 77.466470759704250781 205.435275977680873893 77.756024095653572203 199.706223990580639338 78.072056996106056204 192.518816613734088605 78.411213930705045527 186.358765147122170447 78.785721604349205904 177.717604417278664641 79.209119089829087557 172.175779359915537725 79.689841217284765662 160.703664654696694924 79.760881143142995597 134.663553150270161041
16.875000000000000000 72.925395432801920492 133.541289126773477847 73.347519485718876808 151.037438807013273845 73.787627781931277582 159.657267228966674111 74.184043734871650599 165.358492856461452902 74.552089970472053437 171.857530557463576315 74.889673024447844796 178.080877432343498867 75.208243861028492461 184.432559264231542784 75.508061480296788659 190.922457957887075963 75.794804267830144795 196.094651631908590161 76.078055428190012321 199.251059146703255465 76.355001453996237615 200.973926044880329300 76.630722452138144263 201.031205250404894969 76.913045162952414557 199.420679361441898436 77.203093352696271268 195.986833120558287646 77.500642319220659715 190.430308450092553585 77.825947024006211450 184.300836819004700828 78.173202316819711655 178.992760246523261003 78.556774553270543038 170.201184315925104329 78.991927110206304974 166.379024853052698063 79.486053147878408254 156.937095326001752937 79.535650346617600803 132.465712652681560257
17.125000000000000000 72.676267567768306321 133.263213562451909411 73.095233259667040215 150.583859135899785997 73.528414423121247978 158.171561204612089568 73.913708224315101347 164.403193896272313168 74.272802364265160691 169.534790300228252136 74.607037178997231308 174.538711241298983623 74.921300076826227610 180.489624800979612473 75.217934695630802366 186.601197626334283086 75.503893280573038282 190.765404557843595512 75.785610264385596224 192.734341128769983698 76.064178833383067513 193.751710971198207289 76.342601197288374237 193.372236513644139677 76.627316104317898748 191.370932005060637948 76.922001070631367270 188.373138384914597054 77.223544460150151281 182.337368616547536249 77.556349255405564236 176.657592321778366795 77.911321524923835113 172.151874827282171054 78.304455817416723562 164.091938296942203124 78.748181315689507187 161.490246840207873902 79.248535464698747433 154.343962656021744806 79.290817512352177232 133.861654490881250013
17.375000000000000000 72.385483494079537081 133.243514241523030250 72.801570891834543886 150.464199209529226664 73.220957680504810128 157.230642876629275406 73.599164471770478713 163.508463645694661182 73.952347842952363521 167.880942340504532240 74.281038357055749088 172.024123072084648811 74.592309036542516765 176.799203240118032454 74.886382310336514934 182.706422499128080972 75.171734963459911683 184.872835871653876438 75.452638056246001952 185.588991869263907120 75.732002466798675755 185.851540515409908494 76.015851871828758135 185.029008195025085115 76.303097965563239313 182.151449262811553353 76.602744033678291657 179.762140537586162736 76.911309675790747065 172.984781029512788564 77.251220801180210174 168.208259064583756981 77.614259191292703122 164.213688766477531544 78.014934347477563392 157.359712594713613498 78.467235458283198568 156.158695886116873908 78.980041927337097718 151.535859862463155423 79.020396191706382183 134.552288581682148561
17.625000000000000000 72.093610149216900140 133.121030029021852670 72.500770765156289599 149.730912517772026149 72.906845237123960146 156.425571383225445743 73.274970206163388298 162.345028987796325737 73.619205528509709779 165.738416539580470044 73.940373353368940457 168.419852569933283348 74.246317951034029647 172.083194230475385211 74.537853525521214237 177.208242929447777669 74.820244741569212010 178.305095364249126533 75.101221117152590523 177.629699009457368675 75.380707359476971874 177.120820733344203290 75.665503316250493526 175.470114425151876958 75.955142056663149219 172.861451189489855551 76.257863449023901126 169.758728266828512687 76.573010869826958924 162.700306031814932339 76.919913908210261866 157.916939514522908894 77.291835640216362435 154.929925029439971240 77.699718752463425631 150.085120758344743308 78.159905919527858487 150.843466361201734571 78.684836916166503329 148.984110066934817951 78.720781936409593982 135.387844774535551551
17.875000000000000000 71.804729973501025597 132.940060432106776034 72.200488506800340360 148.528261777525187881 72.591793896428754351 154.824551762114566600 72.949343049643090353 159.474592985075901197 73.284468271115017046 162.113510652382160515 73.599902258337650096 164.199793020191208370 73.900660790140889844 166.037851930719313032 74.188765118508186447 170.030159731995667016 74.467466077951030456 170.865354016067158227 74.745890933378902332 168.266227193373055115 75.024479342304374541 167.670049841367671206 75.309524322673667029 164.532901067091700043 75.600539236105248619 160.821411272693552519 75.908087207533299079 157.006364472677006461 76.227213103377479797 151.112484261303080757 76.578869966435235028 146.565185757066529959 76.958020724485635355 145.225999236334757825 77.372781159461652578 142.879227336594567532 77.837359918152117189 144.753970185292700990 78.369039405609896676 146.450337741482343290 78.405690694460076884 135.967136392958678925
18.125000000000000000 71.505789496908334968 132.589520636014270849 71.890389007935127097 146.562266533184754280 72.266658281524598806 152.483947977258139872 72.610845986555446530 156.316057736599418604 72.934382446839322256 159.195214027129253509 73.241891313101035621 159.386688298332614977 73.536492265609354035 160.946330757077504359 73.819804428236210470 163.286832162980658723 74.095370430495023584 162.940637467600339505 74.370616334119318935 159.442238089118461630 74.647752230896685433 157.635308970936023343 74.932581228277271634 153.067083990760124834 75.225468280268700028 149.286964496922962553 75.535014645650733200 144.861682972540307901 75.858061265979273458 138.729749406496694064 76.211762176582638517 134.975299193835667211 76.592333599459038851 134.891120025165065499 77.009386897378604431 134.210006282406794753 77.478217335854324688 137.265492508587669818 78.012888726436372622 142.359244187739790277 78.039912993646254336 134.879570485897261278
18.375000000000000000 71.233832737423810499 132.254289956784305105 71.604985988078809100 145.191207781209556060 71.965940795473798630 150.673810812564596517 72.296327155765794714 154.857582333321914803 72.608733938566956567 157.328509619589453905 72.905392542813444834 156.369996545870975524 73.192041617071282644 156.885758970685515123 73.469675441395864368 157.819498628048648925 73.739861722512443976 156.962035529307456727 74.009846637146793569 152.469580596352244584 74.284099864588384321 148.363269787715580605 74.567440354817165371 143.646608812814037037 74.860052394723041402 138.719282884975399384 75.169350633554941510 134.532773997976590863 75.493256555344260050 129.258032736933813567 75.846665864061165507 125.675902314558967987 76.228858845714455583 125.094257650818235561 76.646751900810286884 126.094352157510996904 77.119014820385629605 131.001407562210687274 77.656020839206192363 139.008002203855426160 77.687835883284805050 134.418551529453111471
18.625000000000000000 70.980979252737739671 131.992303875618006259 71.342168959541623963 143.549766077773398365 71.688488357036305842 149.088556413093357378 72.006740618821027056 153.174802284732550106 72.306901245360080566 156.053214091485244808 72.593254853220827272 154.210440623324615217 72.871142832690807722 153.889547181229886519 73.142647054408541862 152.368868566302154477 73.407595924448628466 151.275038644941986377 73.672956075310267465 145.719081330508061001 73.944346292401732512 141.265819115221773927 74.226317349030438209 136.027435764569929688 74.515926534346363042 130.411166154753061619 74.823859407389988974 126.406058986645859932 75.146374964789288242 122.302843348077175278 75.498949840086254426 120.187702616074588491 75.879030884565040083 119.806419679737786055 76.295980042013411548 121.307825048077162933 76.765881657173224539 126.043330012300302201 77.301888930362636643 135.813467651434962136 77.336988325999186600 134.464024686054472113
18.875000000000000000 70.721012349475273595 131.286522510540095254 71.071069864640733726 141.331846530370341952 71.403613766273593910 146.743650398103540056 71.708611865972642363 151.029833163398876650 71.997029956899723402 153.400268543447054981 72.273142672786775620 151.605057903058650481 72.542991048716302771 150.353692777666338998 72.806666523029207383 147.486415540402788338 73.065456919197217189 145.861508428129411641 73.323560054508803319 139.953664230407753166 73.588703386992989408 135.034897744423858512 73.864795046978457549 128.232895609611404097 74.151635421826114225 121.724015771886641346 74.455163486895841629 117.669742171515281370 74.775282664775645003 114.164227984943039473 75.124232125253300296 111.468224986058302761 75.500598038271320434 112.279233148943049514 75.913399983078022615 114.165425684146143226 76.376654379556498498 118.999336616022873159 76.910777140511129346 131.589323646151314051 76.944475354520577071 134.584560810018302845
19.125000000000000000 70.460209603384072352 131.462628392209694539 70.802197736848526688 139.978902690204705550 71.123464729672150497 145.283044625113319626 71.417307145273554170 150.675756768761004878 71.694696419473245896 152.872246500181830697 71.961375400559333571 151.232066999901633153 72.220677295055793365 149.794808213963023036 72.476057355604837085 146.622169888727796661 72.727742951548862038 143.657910847519389108 72.977744924149007488 137.126936226904462046 73.235755808576840309 130.395529072982014895 73.505128171273454996 123.086518233741983863 73.786842556197626664 115.908577581335293871 74.084765922525591009 111.264769011829386613 74.398877874652797004 107.352302650090848601 74.740493086477329143 104.731881002473627973 75.110888335690859208 106.642785180445230253 75.516252937827886171 109.590623973195874896 75.970458737213093059 115.480826658276129137 76.500117499115106057 129.377481111592942398 76.548432577583653824 134.988844104398282298
19.375000000000000000 70.195154587622411668 131.058922684464079111 70.533628378105845513 138.985122781469812026 70.847886110234242096 144.387578694531839574 71.134198958303414884 149.609687447948857653 71.402720910943088484 152.566093089745834277 71.660463828717624324 151.585134287166880540 71.911815986252619837 150.291505065018384357 72.160021636837626602 147.096397709937406262 72.404266586276634143 143.276851036303099818 72.647581524870375347 136.395023661096843171 72.898503621248138984 129.075031862978732988 73.160688721409641744 121.734700601264151487 73.435633171855712931 113.179741526137135565 73.725965412697306078 107.062973318336261741 74.034175933064972241 103.315084844441827272 74.366357233298330698 101.379334480084651204 74.728307494986978554 103.422086161421091788 75.123570873701098094 106.739785535387156301 75.569696492929679721 112.124506984710279767 76.095264573587328982 126.239070039739772255 76.147299361152548158 134.088702354633937830
19.625000000000000000 69.938929290286225182 130.587185414976318043 70.276421218058644058 136.962904337972531721 70.585842678457836996 142.737761945659684670 70.865788764938315580 148.011557103401543145 71.127816660143437844 152.398961345539788681 71.378864893681566173 151.707423655073284863 71.622351013701774036 150.511474835956363449 71.861666539297317513 147.578701587035027387 72.097781741062533456 144.493486964627663838 72.333086299820763543 138.346848257727970122 72.575350048413497461 130.715743741545850298 72.828507198679389489 123.646608640079762154 73.093261283052044064 114.347857542864574043 73.374624847661976901 107.073787378380117730 73.674737507452320529 103.373175835134148315 73.998467626021579235 100.933068413172605915 74.352447502531504142 102.138063272846693508 74.739843791953347818 106.706858253747085996 75.176423210034343469 111.502195826751616892 75.690641843737054728 124.779608095532609013 75.754053347981354705 133.716293559610477359
19.875000000000000000 69.678939615309388955 130.016309696096385551 70.021841827997590713 135.376721096934204525 70.327986480129354163 141.361865099453552830 70.602505633020101072 147.490835483546021578 70.858017509169940240 153.026787063993708671 71.100485229921673636 154.290238345037835188 71.336044529269216241 154.232206894697668531 71.566887317809261049 152.175154319734332375 71.795339962439101100 149.331727342842043527 72.022553809466586472 143.943855146969525549 72.255835791635774967 136.101143555559588094 72.500384167741728447 129.308005908454418886 72.753483761378916483 119.572553364707403034 73.022523223769383094 111.713215169445248875 73.310163015992117153 107.952957369732885695 73.623681692714654901 104.969508836591288059 73.963854079019583310 104.676655622738323359 74.340428638313383658 108.896955656384562872 74.765584575805576151 112.346899803033693388 75.269137402995724528 123.926511435155219942 75.368094695641829617 132.856920080899413961
20.125000000000000000 69.433356074838840755 129.481100437275870263 69.785662273612615536 134.626769862918365561 70.091403798745830045 141.419416450918191686 70.362615673239659486 149.423061213381714651 70.613485090732183380 156.437136149779860261 70.849025065835448345 159.909382051227737520 71.077319255623805816 161.814720335240394888 71.298390724965102550 160.855541415545729933 71.518690446117602733 159.571366493043626633 71.738240352719330417 154.914223761769960674 71.961930973156697178 146.768435941350048779 72.197148815128741717 140.285938994669749036 72.438025386211833734 131.034558973543141747 72.696373790398780557 122.775811344249476065 72.971710326316866713 117.947706856779163331 73.271529008966751917 114.863637790360698432 73.596929835119070162 112.971727414512457699 73.959560860952109351 115.397072750529986251 74.369391998974336389 117.369769622868602710 74.861960191692219269 125.218882916354644408 75.001837556145488861 131.611622286216942257
20.375000000000000000 69.202781820036008753 130.287460229128072342 69.566415306579187927 136.284539013800781504 69.873710005872169404 144.238391210915267493 70.143376941509188782 154.114278756252190306 70.390802497180615660 163.514411048094558510 70.621596624068772030 169.080845730145512107 70.844436862479412298 172.808557148741641640 71.058362188311477325 174.171116464065704577 71.271606742032076909 173.657811620846700862 71.483141997176673499 169.783517261421252442 71.698401639366252880 161.801157560324696760 71.923930471466420045 155.682668257645275389 72.152252143290922959 146.481803158617594818 72.399507791819203817 138.998021890792330169 72.660490999680959590 133.854687387449985181 72.946581567769271714 129.256092587653654391 73.258731866580262704 125.353408173431574824 73.605733762947295418 125.382922720138978434 74.002090380360797894 124.705109318152594255 74.487212285569967207 127.918073340244362157 74.666408581673778144 132.794424983844464805
20.625000000000000000 68.971642652553001085 130.372690072076636625 69.351082225703905237 137.262076334329151450 69.661999123132375189 147.276493834046192433 69.932317849440337909 158.772815943756370416 70.178456302076099860 169.605153369930150120 70.405960631064573363 179.336850076589257696 70.625181370405428538 185.053039062298523731 70.833233776983234975 187.575709039555533764 71.040874345966187775 188.571576155667344210 71.246073767289189504 186.943193172082771980 71.452485524943298856 180.949159576772302671 71.667027718436173700 175.228601675670063287 71.884082850476758608 166.061017572188148961 72.117807237189850866 157.468929064908877535 72.365758262668450129 151.259841267007459464 72.638865172471383858 145.128081301486162147 72.938700934754933769 139.100676439382851868 73.272725321089694717 137.320207365886233219 73.655638709390800045 132.381641013619088199 74.132735485083330218 130.873150445321442703 74.355695821375604737 133.947928158537592935
20.875000000000000000 68.746583280676404115 130.407877146481837372 69.140241580350391359 138.468050976011369357 69.456578829704156419 149.707246393506693494 69.729140321124603474 163.083664287473624199 69.974039263743065931 175.800641893112697289 70.199823260454294882 188.424960232045123121 70.415761503913515185 196.283598481451633688 70.618694335686853947 201.735758093904536281 70.820584821850673052 204.015762539258446395 71.018819819117794623 204.352123681081138784 71.217476586851503839 198.394632326544666512 71.422686596594061825 193.198798586527288990 71.630110388543400290 184.574117586285098014 71.851437288928011071 175.315536621068673639 72.087124850196886428 167.438474562164572035 72.345883841249801094 158.872329275740213461 72.633060017167764499 150.302562296356313709 72.954943036578313809 146.388817650778122470 73.326559350925649028 138.802849231590982981 73.797901886440726571 133.829153938670913249 74.071874551943636789 134.204446274901584957
21.125000000000000000 68.564613307290926514 131.231863438057160920 68.974091988137232079 138.473386122708632229 69.294547691860984173 150.703331669018382399 69.568568688990055193 165.228778454603656201 69.814450327296654564 179.657658358313625513 70.038105909882034439 194.622040638585275474 70.250641794084287994 204.771217120143177226 70.445663183872781588 211.990683940257014228 70.641969349823938273 217.104141002014785045 70.834426260862841218 218.306919531716943084 71.023973121345576942 212.447650047185163658 71.220837533579413048 208.474597029985233121 71.412677134589131356 200.957752125581180280 71.623580386215934368 191.493658626110800469 71.847047313046587647 183.118008761386818151 72.097260021096630567 173.505204744361861913 72.372986044657707794 162.164025990468161353 72.686828985986522866 158.978388529068382695 73.049986383416879221 149.760363164408317971 73.506569391152751791 139.150264894263756332 73.833365387834504645 136.145476527335091532
21.375000000000000000 68.347480439371295802 131.639137986013054160 68.776774413699484967 141.632757813430742999 69.105033060658044519 155.821790930520108986 69.382049664475033524 173.335750194808326796 69.628216581297778021 190.086785960511406302 69.850417987374441964 209.064037023097341716 70.061817041852094690 222.213757126186294499 70.255792984518450339 231.673618707909213299 70.448698519809056506 238.670803212020672390 70.635828264187139780 241.423285715372031746 70.821258037362298410 236.700722268294839523 71.009809135160821825 232.896073955393774213 71.195169354626656855 226.783853057251576502 71.393673156151024273 217.147206672707085318 71.602616059635892043 208.175102568472027542 71.837313721296013114 196.110287565004966837 72.098225063343434726 181.635536680144923594 72.398153651741850467 172.641977389437414558 72.749426674244020319 158.701399872954937109 73.206958762935187224 143.945472215774145752 73.593136418165030932 136.248754229864772469
21.625000000000000000 68.165318900495705634 132.073689156437040992 68.617326883422279593 145.831557940250291949 68.955934105420837454 162.856552367907852386 69.240005115806482650 183.393989037380663376 69.489935967042200105 204.629842485042701128 69.714314002498241507 227.268821177961314106 69.927131293899421394 243.375287623471990628 70.120297604363926780 256.700939474073834390 70.309739408124315219 266.653338214986376897 70.493021247280609032 271.533000521909173131 70.671924070262264195 270.081662985361106166 70.850801622729434825 267.844575611642028434 71.029741290738229509 260.593556614912131408 71.222900196302944664 250.883292322493190341 71.422696211561088830 240.421417975075371487 71.645707386546376938 225.283375363759915899 71.899943668470996272 208.580347314235865497 72.188304539424024142 193.087347621324369129 72.529787865420701110 173.040694303270925047 72.988369057118788419 151.108275888190121350 73.413883785748240030 135.974454817328506806
21.875000000000000000 67.947674447412879317 130.554321566202986560 68.421268979450886150 146.467450351445251044 68.772579071835934883 165.990788412813259356 69.066151645723408592 187.437220640975624519 69.321021932716888614 212.957845249471603211 69.550743396612986658 237.055205413167414008 69.766618937414122570 256.443075221901665373 69.963324618032572744 272.990784961818121701 70.153027536067867231 285.708182761472301081 70.335049331545064888 293.794932752510533192 70.511134489926718061 295.430016661601939632 70.683716190270573065 296.785034453629918971 70.857999395061128212 290.791276104770247457 71.040095953330720135 280.374595264613503787 71.233350408936274789 268.360204803763849668 71.449638277816148957 250.711055025297696375 71.696320144266877605 228.505288876939516740 71.977100704366947070 208.971513541575660611 72.317419218063477615 182.089947777446866439 72.782093658986724449 155.446139033269190577 73.221523858902543225 136.879901196533637631
22.125000000000000000 67.783495735513398017 128.949902412902645210 68.276498474681631023 145.041594366990466369 68.638232153997478235 164.902711395044178744 68.940896229006881413 187.132208202510696538 69.203489324442372777 213.096257578115114484 69.438859996694688448 240.929466173611530166 69.659139763218988151 263.787383113626788145 69.860168387303460236 281.915078703076687816 70.050305845917463898 299.235097437913395879 70.233523460578581421 311.106504654539378407 70.408822112453052000 316.389509819264731050 70.577423092538325022 320.174909027796729788 70.750393466014983801 313.863138203008929850 70.925517446813273637 302.952387041690371916 71.116472631178908159 290.407651573735734019 71.328462411544819588 271.186499974016214765 71.570186268203414670 246.297457540522998443 71.848543150231762411 223.457330076845494204 72.187198957993274462 191.481535771455213535 72.650814606942404339 162.073946752692251039 73.105405854961887258 135.697870071380719992
22.375000000000000000 67.616053329104332192 129.352299792907160736 68.125184243509636417 146.523054849970890245 68.497413014737617232 165.966287112970150019 68.809532171826916169 189.648067041609834860 69.079870949115502299 217.452758990608941758 69.323008077388067250 244.316163572667221615 69.549015332692974312 269.435183817449512844 69.754033753115635363 291.630352300254969578 69.946808740600985743 309.833119652514994868 70.131574106202350549 323.738900600484896586 70.307333063938628470 331.499371189014709671 70.476886985659518814 336.576382800841486187 70.651569912169605914 331.846767531448449517 70.827850373618304047 322.445554050409270985 71.017977832768536928 311.126287008878705365 71.224209988589905151 291.462877598770035092 71.461638273590480708 267.526585278834147630 71.734934704234618152 241.348819163454123782 72.068211888668926690 205.512646194020021539 72.529547244976683373 170.977501480916544097 73.012349730574399587 135.136343130995669526
22.625000000000000000 67.435219438555577653 128.176960982236295195 67.963180670109665016 146.520047010297730594 68.345351528086951021 167.623970254274610170 68.665072633810410707 192.984477118674902840 68.943532489832932697 220.440854633730879186 69.194563728476737197 248.787556980711741517 69.427518337847956786 274.716754605391543009 69.638587150104754642 300.135666862973323532 69.836520840355859718 320.781930126259169356 70.026890605571296078 336.827896998519349836 70.204847996353407780 347.681135777415761368 70.375075116797688679 355.834566106388763274 70.551175521885483022 349.540071419385014906 70.728939272997763510 341.427551005307350351 70.920704848101706830 330.953012734189769617 71.128892515983565659 311.227958591971400892 71.366802546836794363 287.245792678911811890 71.638977142459879133 260.934646179096773722 71.970416548335549578 221.302930391966725665 72.422022133803380939 179.954631362435094388 72.894243505671155958 135.551443958084661290
22.875000000000000000 67.253594650683254486 128.190569805567434969 67.794493932326474805 146.530644259253961081 68.184178301674393197 168.259049808770782874 68.509506152789782618 193.354429872332389095 68.794479783328213784 219.402547160199361542 69.054587482405665355 245.446498103349540543 69.296162574006814339 271.642655245507683048 69.515404421541163060 297.157369713865136873 69.723392408330568060 320.326064830197253741 69.920131519390636754 339.786271969202175569 70.105721111741672757 352.210658637261872173 70.284306823143737120 361.759902871533370217 70.465091313753347890 357.786372783520619123 70.643711044402508037 351.833533593390484384 70.835424631637550874 342.286519355480493232 71.043508425662011518 324.756637985538816338 71.278192112203484498 300.435356798722409621 71.545862078328781308 274.856872531031569906 71.875070631943344779 232.179290260107137556 72.323388987002260819 186.370667591553683451 72.801037611343332401 136.392242454969363052
23.125000000000000000 67.109194586245067171 130.369396091771733381 67.658280785321124995 149.482635934471176142 68.050956655647937055 170.327462710547735014 68.379084029239436404 196.088869353372899695 68.668574856225262693 220.024694310438235334 68.933731821788683192 245.048145856346877736 69.182512878634540243 270.330233040078894646 69.411043476848306000 295.245309448329692259 69.628713290969940886 318.719718650514607816 69.835412723816162384 340.067212712846412614 70.029749635607743130 354.239706468796839545 70.217844160194829328 363.654278393890479038 70.407967755324790460 360.222749073006298204 70.591483940914031336 357.512716634426681139 70.784970648179353248 348.979450945309224608 70.993965080488607100 334.769073268554279821 71.230061610568569108 312.557319441810648186 71.499558619797056735 285.998814989583081569 71.828000823770850047 242.987521076831797018 72.266678976097182385 193.764430862449614779 72.737191214739169709 137.426743124787776651
23.375000000000000000 66.928982715112340429 130.574645334746890057 67.479158383730364790 149.982093955117562700 67.873076853343690118 171.490647781707195918 68.202243794668476085 197.114603186474369068 68.492935103570943056 220.170119723414558166 68.761010067676792801 242.172262689148482195 69.013259973173802564 265.397078720360639181 69.248019973282026740 289.472323752618478920 69.474536798974440899 312.370940364852287985 69.687266089890044896 333.200318124654870644 69.888632013578671831 351.227995164803189709 70.084546162464874897 361.316004637978494429 70.280981754719860533 360.567893041208265004 70.472251670728397244 359.076414074031617929 70.668617996029098549 351.363197804509127309 70.878984920791893387 341.482763974821352804 71.114910553031691620 321.014220557055296013 71.381949889709545687 294.406126781748753274 71.703373646102946282 251.082259594502289701 72.137031260386208942 196.953066432735056424 72.614331973891935945 137.686292877807119339
23.625000000000000000 66.766662907355907919 130.679423189610218969 67.309195315075442068 150.628482905491125621 67.699762003890654682 171.407059621642900993 68.026496744213417855 194.842109961512420568 68.315243203545080064 217.854368385174751666 68.583298880023704669 237.818861953980047019 68.835981191689910474 258.832022272450046785 69.075293821499414548 282.168054657664242768 69.306458311191178723 305.331903877342938358 69.524873343832922501 325.430520427806186490 69.734696014049731616 343.338781993543420867 69.939473140641467808 353.209033053482016840 70.142863511885025218 354.064845504998288561 70.340241895304245645 353.657987118295011442 70.540265550445838016 347.247339045146475200 70.756044798185769196 338.891242440173414252 70.995593986420672650 318.512654565016759989 71.263321568703034359 292.384721861652110420 71.586572548852117848 249.797638209715586299 72.026593990084876395 195.054368143053977747 72.492101091315916506 137.071979602884340466
23.875000000000000000 66.644605081846833627 132.964737043971240382 67.173960658997373230 152.313400365317392016 67.558424061519076531 170.618584365904865763 67.881342014086897052 191.527086474325841436 68.167569761752233148 213.286673092578297428 68.434222069531671195 230.853817815801534152 68.686449639580402504 250.674815826661244955 68.928095637286176611 272.399917563941642129 69.162808471516015629 294.096361408137397575 69.384395527630886136 314.359449560940959145 69.600467776876357107 333.273698026316935739 69.812926863757070350 340.809174679829766319 70.022257773891638521 345.326520865148836492 70.226285861143281863 344.799027256263912022 70.431981272126748195 340.145164854625875250 70.652437686734586464 333.697203246557194234 70.895057350033226840 315.399559739531810010 71.164021953411193522 288.805822962383899721 71.490607801496281581 247.414038845216822438 71.942618355027235566 193.098711120280540854 72.397432654264605389 137.515586990101695619
