# Index(['mlt', 'mlat_eb', 'ef_eb', 'mlat_05', 'ef_05', 'mlat_10', 'ef_10',
#        'mlat_15', 'ef_15', 'mlat_20', 'ef_20', 'mlat_25', 'ef_25', 'mlat_30',
#        'ef_30', 'mlat_35', 'ef_35', 'mlat_40', 'ef_40', 'mlat_45', 'ef_45',
#        'mlat_50', 'ef_50', 'mlat_55', 'ef_55', 'mlat_60', 'ef_60', 'mlat_65',
#        'ef_65', 'mlat_70', 'ef_70', 'mlat_75', 'ef_75', 'mlat_80', 'ef_80',
#        'mlat_85', 'ef_85', 'mlat_90', 'ef_90', 'mlat_95', 'ef_95', 'mlat_pb',
#        'ef_pb'],
#       dtype='object')
0.125000000000000000 -0.030203273700557438 0.293648769195793302 -0.025786430268615546 1.073216145911130903 -0.023835000428484739 1.681746305627823901 -0.022345384117592022 2.070080560324463637 -0.021040959444556407 2.298939248991564543 -0.019851973406597532 2.464157387238579577 -0.018680639231976319 2.537698863408179850 -0.017518848081704525 2.591853135147331955 -0.016322773928658114 2.553302379887735007 -0.015033647312365882 2.532394472698658916 -0.013716197021045590 2.579093169595474411 -0.012280363004471740 2.548839916648211190 -0.010780633284374204 2.521178757337198206 -0.009233552940861837 2.552670200842598547 -0.007766129197657601 2.579631097903357428 -0.006295752627464745 2.573860921434344640 -0.005005833196275046 2.518538173668041225 -0.003797981329859291 2.444959450857921990 -0.002723261284286464 2.153275658606347065 -0.001462356490628696 1.555086644711140442 0.003645880242923034 0.354839519061890929
0.375000000000000000 -0.029762153400221644 0.298964140525489530 -0.025543826658291122 1.045833183424055957 -0.023691812021430010 1.642065778069174309 -0.022295078465078888 2.032113869491997793 -0.021089631648737332 2.264591514542317885 -0.020029356394350172 2.413436639272719564 -0.018984554054271987 2.495831338249713038 -0.017955858329190950 2.552529584287893005 -0.016870060677039920 2.499191123177799234 -0.015712833502474006 2.471738491657117898 -0.014532581281769598 2.488054411614022854 -0.013219340237384389 2.420383162200004268 -0.011821400545250211 2.374370851713899278 -0.010305681463698488 2.381662575156524131 -0.008873075880725766 2.407972831393668578 -0.007384109616314140 2.352091617173972971 -0.006137227685930199 2.307704666161161100 -0.004983443516777213 2.268838970823972456 -0.003975679893861909 2.041979577555870673 -0.002840917403052056 1.480432430264292831 0.002562980092798896 0.349368904750962883
0.625000000000000000 -0.029270903968649009 0.293505113817152885 -0.025243318423764843 1.011210073836650736 -0.023453988281765259 1.588057816046621884 -0.022123985961752683 1.943558184764539565 -0.021017771695091864 2.180198791484953436 -0.020056495809611209 2.346812677198685915 -0.019116660205628199 2.450503947503599012 -0.018217458890652110 2.511505638930709772 -0.017286485175377005 2.476440920052700889 -0.016257614225064193 2.434663018131146384 -0.015239309060206385 2.428727614642496757 -0.014081320355887952 2.351863081415828116 -0.012831454347198932 2.283172888320355476 -0.011407323396059373 2.261542049142217348 -0.010034274170476110 2.234964579074871782 -0.008593215895932874 2.182799969818137065 -0.007390167708982180 2.131113436511966164 -0.006276118171019076 2.101564287379115825 -0.005317233325655099 1.893558716366981809 -0.004266066184616336 1.385732143782280268 0.001338697514991885 0.350614833211344123
0.875000000000000000 -0.028602028484887729 0.294584267842358805 -0.024763216139323741 0.978920072205096026 -0.023084825364379474 1.512613364882950950 -0.021833188559562806 1.866658332463274617 -0.020822807738247896 2.077822786618261031 -0.019953368077827140 2.235505482491530138 -0.019101242923625836 2.347158281598860086 -0.018312122986469854 2.405594874513357961 -0.017492579854941862 2.405987221496638906 -0.016597167513002609 2.356927960815079715 -0.015689101244357427 2.339085404403727253 -0.014669571914673208 2.252349482799975711 -0.013540243380872754 2.178339792344498704 -0.012232833933841641 2.136119160118969518 -0.011002784861352746 2.082960804537442812 -0.009665288056436157 2.004492286516889266 -0.008528951363484470 1.947214813932494737 -0.007484712081435454 1.920949098043075898 -0.006731287397636778 1.741099982325199580 -0.005820572173737470 1.270416977252910806 -0.000244190797893850 0.355026976043820996
1.125000000000000000 -0.027839573059194576 0.291643585034350894 -0.024362769041499064 0.925779909221550068 -0.022837563112469459 1.419304939021269529 -0.021723751415190909 1.734006493817830341 -0.020841509602317860 1.942887104722919034 -0.020078654547464110 2.098231414968604103 -0.019359405101254681 2.216713129061640419 -0.018664001161288264 2.265583045133827245 -0.017952456331729663 2.281732550292693062 -0.017187304872974069 2.244051860634224127 -0.016439276763248006 2.196048648853353935 -0.015560539577332883 2.123948327718190754 -0.014618412513366600 2.054855955080185925 -0.013502140324276815 1.996468075889037186 -0.012430706035025326 1.920799205533544107 -0.011271674786942989 1.835698866538799878 -0.010287559155598138 1.752249729425181979 -0.009460395486188275 1.705755845505938728 -0.008828146593037173 1.542539084234460622 -0.008131913476394390 1.122663535593261264 -0.002532188315034061 0.347431494923610473
1.375000000000000000 -0.027211340994687801 0.287306080966475141 -0.024070969258453874 0.881848076877072673 -0.022712957374533393 1.351229421006757914 -0.021720243959516043 1.646034219834832779 -0.020951156483222703 1.856667899168799263 -0.020321727431645516 2.001865446224992962 -0.019707211317344910 2.115095533284938156 -0.019118116476938334 2.171906403877891023 -0.018514344242748802 2.190367207381417103 -0.017878475023370220 2.160525096951487090 -0.017272366080172016 2.088644764027402179 -0.016526961093390049 2.010022293242998970 -0.015772920295239520 1.935695119242778706 -0.014813956507729428 1.868878109070777782 -0.013915978701997889 1.790420565943211528 -0.012944253288466320 1.685513323715912115 -0.012151876204518405 1.603296549500988544 -0.011519435462275872 1.536920568190236480 -0.011097226377064028 1.385288010414657656 -0.010683095943159866 0.996570589759861347 -0.005304617973018062 0.337752080182349979
1.625000000000000000 -0.026796958968374616 0.288612824996037243 -0.023965196747934094 0.836529087412996475 -0.022779481964666417 1.271514891703987571 -0.021940116932563432 1.569984994163879710 -0.021278378384450205 1.785399025248093130 -0.020752681000869643 1.936118839291040228 -0.020244387130287960 2.049362934739378694 -0.019748803248562194 2.096190969908364288 -0.019259636348354918 2.144350180926757332 -0.018745363805268762 2.086625263089166626 -0.018264268246447932 2.012197585147630807 -0.017658676789689760 1.953903276297169311 -0.017053794694148024 1.881698658001281554 -0.016323490609438482 1.808732721610370131 -0.015599657877636989 1.726565506343674450 -0.014897380758310326 1.628490453035995156 -0.014329694500876629 1.521333613551426378 -0.013927358168911635 1.416395496600183268 -0.013756781867043417 1.239106822687603415 -0.013532998982415567 0.880150245834354750 -0.008354348758247507 0.320284815240164389
1.875000000000000000 -0.026279529968991695 0.282488484798038120 -0.023791523462750923 0.764159427288630733 -0.022845774390618027 1.169976643583993781 -0.022175587037821205 1.472190190651462949 -0.021639881076219190 1.677751412889486371 -0.021211580999336416 1.795433999686132598 -0.020803757742720835 1.885137484504992633 -0.020384999858377436 1.928462771901331863 -0.019970894836685859 1.975977449779766859 -0.019599266663000638 1.931258563314237175 -0.019234061932412092 1.871062171535436303 -0.018759750093083453 1.798376248171021929 -0.018300427486627972 1.721937863675490288 -0.017747039290842859 1.660355878541230901 -0.017255450766870965 1.595016995939323001 -0.016817986024420528 1.497820563656288684 -0.016444487262384542 1.402933568748431448 -0.016339629545247970 1.280215775691020408 -0.016467962952054972 1.101527706318650379 -0.016468141849033814 0.768344290546577269 -0.011443965980101143 0.309281866601357203
2.125000000000000000 -0.026215941224971197 0.275350191405940248 -0.024074994092124106 0.705980862066082127 -0.023340720199915555 1.101123190354174053 -0.022855289488801417 1.385644711489028680 -0.022431725572549355 1.583586143619222231 -0.022111386799595550 1.693770053686414201 -0.021822703421119388 1.787648362216991416 -0.021502677499845885 1.826599402594825339 -0.021196648175220194 1.863966086487030882 -0.020937245585312736 1.818809941613222625 -0.020699827531229790 1.770906137609659536 -0.020375656542305661 1.689945973800762280 -0.020076222683875170 1.626687972484162970 -0.019717292228962305 1.567012700724088381 -0.019388521044732172 1.493878335504461141 -0.019156671949667751 1.420351298128538886 -0.019020304599948128 1.323968849576429463 -0.019189356835246030 1.192052357521566242 -0.019519182477391241 0.980524421576798755 -0.019684508787279998 0.680517722859235286 -0.014855916935323586 0.296912387199028405
2.375000000000000000 -0.026216970246655681 0.274727039704224629 -0.024368493849792099 0.647197416381930291 -0.023808532828667635 1.002694900802741484 -0.023427402211164263 1.248056293369729230 -0.023080516679530483 1.426058016388271454 -0.022841215930842713 1.519865517817001743 -0.022634446525996253 1.605154578293841006 -0.022391097335909202 1.653969588822184367 -0.022203698604653464 1.690479108720607249 -0.022069958183003831 1.670325663675909622 -0.021939047070862128 1.618528326305304299 -0.021762657432099132 1.554204321833008162 -0.021622319549881513 1.486385624766081603 -0.021419001705279495 1.449781581459013147 -0.021278584477160967 1.400830518749195397 -0.021282742331641721 1.327169890976166666 -0.021384382087016027 1.233743676828639391 -0.021815475016046547 1.112192203233716370 -0.022435368861745041 0.896298910449173536 -0.022748089032566483 0.623939700913523021 -0.018360984500595447 0.299228512868553176
2.625000000000000000 -0.026270960214923072 0.270629359588470453 -0.024839418331887870 0.579794649081093127 -0.024470618643820535 0.865095073984731511 -0.024263476413607262 1.089858924158293663 -0.024031483848907784 1.219415016169713262 -0.023841685846306082 1.301768465628999394 -0.023707369317398742 1.378731674314972455 -0.023567091177435866 1.419161951665316446 -0.023481336123845800 1.456562560886041302 -0.023474101683031424 1.445236508364851291 -0.023454817719934764 1.422452050415981217 -0.023406500021443968 1.378224701287510401 -0.023419047629540574 1.336311888664967862 -0.023429667440215209 1.305535742389480669 -0.023447019118346013 1.256046606767816654 -0.023644984834648341 1.170631548391079635 -0.023953743915247259 1.081283435315416375 -0.024585910745495154 0.975079676219461566 -0.025495986922612120 0.780978324534932766 -0.026028216958123272 0.556347473477621923 -0.021975602790148978 0.291659558998771329
2.875000000000000000 -0.026297485927909772 0.249682709071137598 -0.025207408348516050 0.498490833172988757 -0.025004982000736153 0.739031856891130490 -0.024938634224279936 0.893254686049918867 -0.024829496113734240 0.988401339116100730 -0.024682261987928934 1.035488355761960522 -0.024601418152676385 1.090452347916124332 -0.024507793897724259 1.132288522651530682 -0.024462567206612270 1.162607386761286499 -0.024537419942203618 1.188110844780054576 -0.024603300518715447 1.170654084034294495 -0.024660656837942614 1.127633136722132612 -0.024800059773267696 1.093238359429445250 -0.024952915304720304 1.073727268635789267 -0.025141250631744615 1.040124599120265003 -0.025489414851763856 0.980933848038997080 -0.025969135084601584 0.912302356589003827 -0.026782572315093369 0.825858525890288742 -0.027802567902617474 0.663172608875194580 -0.028459256170107888 0.484827575100296948 -0.024453289222450429 0.264108530237143813
3.125000000000000000 -0.026176073052144404 0.247183041743078785 -0.025345396973552925 0.457502150721531886 -0.025265143538579962 0.666930479182543778 -0.025276992622140539 0.792527567732632332 -0.025218042503185621 0.867542590685020154 -0.025130417559971099 0.915980291100436106 -0.025085787900725010 0.957805048242312607 -0.025033341818080607 0.985181670899432538 -0.025034072767314831 1.017010932058302952 -0.025120212796107915 1.022401930822400606 -0.025222532737746241 1.002171004070162352 -0.025339856170643812 0.971846842969306346 -0.025530650011863321 0.946993299637295394 -0.025743907913417435 0.929159714936642178 -0.025990506952048572 0.906186404061037121 -0.026419331249429120 0.856748372954957316 -0.027002029523142214 0.782883737456847140 -0.027800310784690498 0.709297084575248871 -0.028872034950903683 0.583393814510221098 -0.029610402186758571 0.419268378129203867 -0.026402347326828453 0.245766753527115994
3.375000000000000000 -0.026013774085336058 0.223484538357212631 -0.025437111791039770 0.384813078963917699 -0.025464413353297875 0.544800405146302125 -0.025547779891504627 0.630280836325979532 -0.025564319427714342 0.664689400651185980 -0.025524293795072560 0.698023149596102344 -0.025517571909845705 0.717382261409343802 -0.025520084637657002 0.740772893737647209 -0.025558953656412094 0.758912433077421955 -0.025700691552619694 0.785740649740892305 -0.025857765275294150 0.774141361430853880 -0.026062326434297949 0.748327548446610091 -0.026331586529179996 0.723911413468160791 -0.026629134555215053 0.709903331299876039 -0.026970154932797145 0.704793736490265332 -0.027496982811825839 0.666541908172813224 -0.028177588564031797 0.618001267457707892 -0.029053080947814485 0.559505838446366033 -0.030178007444119380 0.465114113945664542 -0.030962380572390719 0.338943259364296756 -0.028139109579487676 0.220191641164829310
3.625000000000000000 -0.025916939331202815 0.219567498096615660 -0.025612597885411991 0.345221940796636539 -0.025734354907627061 0.473005327484362692 -0.025882644970956777 0.526859538337797750 -0.025964228185338601 0.535679212387022541 -0.025968222076384294 0.561456349730846238 -0.026013722187533568 0.571919749552058154 -0.026068553472556235 0.593672621891314423 -0.026149445388782201 0.607065369624505746 -0.026319726406819642 0.638169356947997146 -0.026509709128295457 0.626857086939242580 -0.026771931337545084 0.604641215181943359 -0.027112254802064480 0.594273725216422744 -0.027491824565773586 0.591647097363781183 -0.027906761869794738 0.588380260375897191 -0.028513779180549204 0.559738512598239590 -0.029318324069734555 0.503077291956487538 -0.030242381937066576 0.451717129067925605 -0.031338929685999876 0.385248740017104241 -0.032115418757003487 0.286430101432729456 -0.029668663971697543 0.212921840742042429
3.875000000000000000 -0.025833973770723825 0.220008256237491651 -0.025696189828027419 0.309561477343395230 -0.025884807050295250 0.395821090141841525 -0.026067257156942737 0.421767595401979667 -0.026173317236368249 0.411062084397678718 -0.026214841443202967 0.434234305516683849 -0.026272650438490801 0.433564468750136045 -0.026353765549647447 0.454075808620161891 -0.026467268847067713 0.457083521912710566 -0.026666544697806112 0.493183982672743770 -0.026899680456659029 0.489455357577117611 -0.027197157389924058 0.472454833191285561 -0.027580993198781305 0.459720672850985168 -0.027994789607989946 0.460530599971337273 -0.028450491233821627 0.464156805381820969 -0.029122011536556434 0.441107839426404635 -0.029968171247478827 0.395537864420464624 -0.030928079601876692 0.353651715313588577 -0.032026923388005495 0.315513832401177918 -0.032778997454004186 0.248353757509051476 -0.030452084942214328 0.203029589530115268
4.125000000000000000 -0.025578234368279242 0.211710751297333410 -0.025593822150991628 0.285794821676575383 -0.025821676188215729 0.341381998927380859 -0.026065442756263626 0.366648029923575147 -0.026202540164028978 0.340688786827456680 -0.026265501623738717 0.350231398816478356 -0.026317146793115316 0.342696434000620997 -0.026417683339699283 0.359988637846809345 -0.026546802310067268 0.367833964600278895 -0.026761895947078954 0.405197833672150565 -0.027000699817943959 0.403772434946772563 -0.027328983242410173 0.382105829571180555 -0.027724164053275491 0.375382145767657771 -0.028180378534103635 0.362194987028285009 -0.028646315769924182 0.355720599772187229 -0.029306866307303468 0.337283942842716178 -0.030153720677587880 0.306063585143336536 -0.031078084624096586 0.272169907624372043 -0.032124363482859866 0.258238696223558106 -0.032886356918026279 0.210890576066952801 -0.030941415635306769 0.180692276706375748
4.375000000000000000 -0.025137129951919052 0.198294359310650342 -0.025205144179529387 0.258555241804173774 -0.025485585023247184 0.301454970588485305 -0.025734186654079998 0.306539075914896930 -0.025882483535114641 0.287788389526846655 -0.025974382701744923 0.288640688015841085 -0.026042277651414338 0.273566778323506288 -0.026141847159029008 0.288004036227519578 -0.026285775031822424 0.300637971788318581 -0.026509317985133098 0.331426954860454481 -0.026762417335180214 0.320743901238514595 -0.027110368031911462 0.306602060168189527 -0.027518084750765805 0.296526914091256477 -0.027970271731356241 0.282718398015011529 -0.028472792080590899 0.274716736718747412 -0.029143581343339105 0.273603647737665323 -0.029980739684051228 0.250030993078716457 -0.030847763827787464 0.209273160231667005 -0.031783700864318663 0.202601941283472892 -0.032413788689409723 0.171505648925438015 -0.030984869806154003 0.161514375012661443
4.625000000000000000 -0.024706489228050989 0.191545865530684645 -0.024804060507617950 0.242932974629570309 -0.025089898354854954 0.263886867698260086 -0.025327372378703174 0.267821305948227006 -0.025487959112167627 0.243015557859680764 -0.025600573925459957 0.248934786626783533 -0.025678265143211903 0.225392223666777997 -0.025805169686762264 0.232019547685341915 -0.025966995283689103 0.234315095309094806 -0.026200814728304964 0.255103546235444678 -0.026455234252186387 0.242807934423367344 -0.026810000746130526 0.234179189480741179 -0.027208889072006165 0.220511078046607578 -0.027651625562034623 0.210356179241953212 -0.028149037142720313 0.208932766128890501 -0.028815929833224087 0.209832897371368982 -0.029623387584953878 0.192437371467620161 -0.030454277227174760 0.158946461932990946 -0.031326564928575329 0.154238161936621127 -0.031886781422292669 0.134758672865956414 -0.030972098907972145 0.148734674121971111
4.875000000000000000 -0.024270957136947987 0.184540747711201075 -0.024360786570098061 0.247536844804829875 -0.024651035776948920 0.254180000780229343 -0.024860987978816678 0.265910158194137380 -0.025010289887219175 0.243529059775362128 -0.025128654668089941 0.246641758464205024 -0.025211094116692687 0.220178887928998895 -0.025335362198793402 0.228635534507716343 -0.025498555437725796 0.229860781577551854 -0.025733612279528945 0.247077244729613316 -0.025995702394606406 0.244105051074127083 -0.026332410543827456 0.236821473736233329 -0.026714544699006262 0.228106824188867768 -0.027145782563899570 0.207016615201413540 -0.027645680805545428 0.197624909731390713 -0.028284687370379553 0.201116468294673695 -0.029049281857978372 0.178529471009297253 -0.029787552980337920 0.146340361444761091 -0.030487458486935931 0.148593962247085321 -0.030941807798134310 0.125611896634390541 -0.030218148234085026 0.135726272812443899
5.125000000000000000 -0.023537498006246108 0.179273990797617050 -0.023592696423883928 0.242464974948334577 -0.023817437626832961 0.229851145619319713 -0.024016233790573827 0.244803277390342355 -0.024164134626041760 0.230015449365113922 -0.024298964076827752 0.233231239915037553 -0.024394581587729010 0.208580729621259675 -0.024527702171584908 0.218485836520823928 -0.024713024678802206 0.212823614464600575 -0.024943684472308155 0.227331021523168947 -0.025202190087077154 0.229019496522997079 -0.025524626592406327 0.229609033245698313 -0.025884030361614636 0.221652839945526925 -0.026313239268533930 0.215753966891684940 -0.026768203303204247 0.201530393290007048 -0.027382529734480722 0.209283240033676432 -0.028096280892189369 0.189769093581398873 -0.028797957256875974 0.155681980473950210 -0.029411965747172912 0.149625132747106676 -0.029780344636727359 0.127197180904753293 -0.029169554192904918 0.124792544979686115
5.375000000000000000 -0.022754272796262194 0.174612278714881913 -0.022677614974137984 0.240280524367607634 -0.022873164070683100 0.236718087803270583 -0.023055389179052664 0.254339343327283973 -0.023198698495158605 0.247459645520803073 -0.023346888798007687 0.251278092970107392 -0.023447735692359372 0.235164569278229707 -0.023558741570506657 0.241875305804376273 -0.023721153703872198 0.241205422595948960 -0.023938526818006237 0.254955001968381612 -0.024189846988520277 0.258712973972506310 -0.024504759484335562 0.256444886790669901 -0.024843732888690781 0.248251718218974876 -0.025266329982218179 0.246669270353876036 -0.025694207013379957 0.231124075439859272 -0.026283300132123971 0.241875785987644060 -0.026942072080045537 0.231457858040675118 -0.027623718597328248 0.185572854072020982 -0.028199459244250588 0.159526554026639650 -0.028465899376625622 0.138824092954074024 -0.027982120349713285 0.125225342221644415
5.625000000000000000 -0.021524346196790577 0.180421323217257873 -0.021350818762940316 0.248896496841576581 -0.021582976754195168 0.258057535737819865 -0.021800428612408659 0.272126010961903253 -0.021927102516640946 0.278714235352247486 -0.022069239525106574 0.277978935057268506 -0.022186454668651264 0.273908075977104482 -0.022304232616465476 0.294654359702954893 -0.022489013140217284 0.299338556198934402 -0.022711001244890842 0.303581354216422739 -0.022960529811494795 0.310093518769484044 -0.023262128320245191 0.304032457548781609 -0.023597455453485898 0.304428668170649508 -0.024014584912432673 0.302836346039921878 -0.024462756092933250 0.277648709958656648 -0.025012957335147388 0.295252035405928925 -0.025637645723055075 0.276081623620848371 -0.026325259328732663 0.217114046278796491 -0.026884422222343159 0.178930454224398100 -0.027152186096003315 0.157828810180992873 -0.027042421022322915 0.125109820816995010
5.875000000000000000 -0.020429691570234894 0.175173309913057629 -0.020068434594869317 0.253627863208032822 -0.020272275485760227 0.273465816633749637 -0.020468121100999305 0.298319306545436536 -0.020597856855155222 0.304497365373581741 -0.020729720392926941 0.320650724621690253 -0.020847272904373812 0.322860620468279014 -0.020951839250527803 0.343179559524537880 -0.021130866785888911 0.339173385784940884 -0.021348881847368915 0.342497081544358095 -0.021592151741074785 0.352328354895803442 -0.021878668449367450 0.346494379706619005 -0.022209302872283978 0.360751983840808532 -0.022637284964474303 0.358450704938715892 -0.023069198209370083 0.323936662777367212 -0.023582576893060009 0.348543626125063066 -0.024191456088606247 0.328358199483885893 -0.024837329946449948 0.269744534061538810 -0.025417635505057778 0.209747381713961845 -0.025666441385945780 0.178360152549719708 -0.025643492628880250 0.110716070233323347
6.125000000000000000 -0.018349675194855513 0.166660667247973737 -0.017979807245317416 0.245995472901288509 -0.018238369315746520 0.271214392925141712 -0.018453804630919109 0.308886772030636136 -0.018635895378024420 0.325794995363001105 -0.018810932205501080 0.342326074046043316 -0.018973538157898619 0.338691511738262174 -0.019099592754018863 0.357932791696441877 -0.019289259689820381 0.365876264132512508 -0.019523583871258226 0.359356428636475933 -0.019760292139549714 0.363815408801246076 -0.020050954549140593 0.367228910452004564 -0.020368873605829407 0.390850505276811921 -0.020796423500941935 0.385798802300075960 -0.021232660374205573 0.360885145012661446 -0.021736200516044361 0.383697560403705007 -0.022341016253120155 0.353824031712421050 -0.022959591644323065 0.313428709324226340 -0.023602590792300867 0.239272615019046175 -0.023934972512199382 0.185940634300287094 -0.024162902078439498 0.100136531526773459
6.375000000000000000 -0.016815353845383903 0.165556459296955727 -0.016292039748926145 0.240398565262699482 -0.016609926808668324 0.287796976526031700 -0.016814332789596004 0.334071464276470664 -0.017051166421319840 0.371351667847411471 -0.017293372335637325 0.402324191496148953 -0.017534454639492530 0.402525282042651755 -0.017693546770309081 0.413674120174659210 -0.017889580416554394 0.412011083007226386 -0.018132960940354399 0.404149874974268797 -0.018392077778496756 0.415507652740647604 -0.018680895044474725 0.423207252912783716 -0.019004592735813602 0.454158357779095134 -0.019428081603972174 0.450241721852333299 -0.019883240074743781 0.430982902649637623 -0.020410484637799396 0.458070098202005394 -0.020993593501464802 0.417517917041906994 -0.021610708985922975 0.370403593550787225 -0.022296265850370870 0.285618036786240648 -0.022569606481374748 0.209327021662763790 -0.022843334326953568 0.102514470052154416
6.625000000000000000 -0.015302185608531565 0.165676654242963073 -0.014662473396068000 0.230435971446591392 -0.015000796750462196 0.295195317763432385 -0.015261133632067372 0.346839075233559169 -0.015562259755168796 0.386152889101362973 -0.015834919170272545 0.415559219808335045 -0.016128502034351903 0.426823889124180622 -0.016308942328533541 0.439350233181671435 -0.016518415421046734 0.430293831411646066 -0.016761706567446723 0.427265464134472417 -0.017025890728090510 0.450957592239622118 -0.017321144666047353 0.445301676757980214 -0.017661739241933632 0.475741231127543407 -0.018093173810428045 0.480155105062997634 -0.018535234725772440 0.478703960722199617 -0.019062643263484270 0.500763260136026567 -0.019642341455423769 0.452223295467532260 -0.020278813184721130 0.414024051510086977 -0.020957741759162044 0.326085751104894128 -0.021244603725798894 0.233167409498187289 -0.021654819385149297 0.109600116497582625
6.875000000000000000 -0.013613397302920556 0.163272722420365751 -0.012842016120598604 0.224985450043956425 -0.013237491565694169 0.297664363206316951 -0.013567731374049324 0.352971650473777598 -0.013910175354270046 0.391359427640064317 -0.014201514554007548 0.426216060959219045 -0.014551569251808531 0.454286424795153465 -0.014761562255661257 0.486608436476167694 -0.015003035285549327 0.483294305333259011 -0.015257005086653373 0.487106050841751959 -0.015543972683192908 0.521187379985748489 -0.015861166533030050 0.508768642675054616 -0.016217888372535249 0.540899301350295403 -0.016681712630464498 0.536705152879302538 -0.017132033037679403 0.534501935083056878 -0.017683794570531378 0.551104655813400512 -0.018268249421190642 0.502567460436710856 -0.018884961699356238 0.455880029229713601 -0.019594786845435624 0.367091428688179844 -0.019868145994938316 0.256892236631722504 -0.020684959932204417 0.116862737074510281
7.125000000000000000 -0.012297591778838192 0.163166878404846116 -0.011481049160854536 0.209207501354926467 -0.011870852642616982 0.296795535780770947 -0.012205625325511006 0.359974125628250430 -0.012569807717639676 0.398510324034140273 -0.012887683418189440 0.436009642070207648 -0.013287189870831453 0.474266270127197631 -0.013534481891871673 0.515855810910107238 -0.013800715942621427 0.517255187986711773 -0.014085229345167292 0.527814661609328661 -0.014378323122712297 0.546726599255082046 -0.014721619136365821 0.539629019931108234 -0.015099928537598438 0.570670753246716900 -0.015565684771929291 0.561878975385042279 -0.016015801036424360 0.555268722370616863 -0.016553289751447726 0.576104851722007205 -0.017139139213979998 0.537572683113986760 -0.017745611200444742 0.487509864029086526 -0.018473514419043158 0.397974422371510039 -0.018801752149755584 0.281480297593629691 -0.019773522062217067 0.129825350436467118
7.375000000000000000 -0.011424753908318427 0.164609560766657143 -0.010548013276877112 0.195622101942892868 -0.010948300423563538 0.303414865765386732 -0.011327578571942228 0.388108928865178227 -0.011750062972881073 0.435039520928041656 -0.012118344816132842 0.477158674643033298 -0.012563273443305586 0.527650937338047132 -0.012846050106269212 0.569318034484376234 -0.013154503346782389 0.593502721500749453 -0.013481499283174610 0.595391038556431718 -0.013783672814613580 0.615257951714112350 -0.014155230359167451 0.599977287487261868 -0.014577070762150904 0.641713829258052870 -0.015063843734504151 0.617698185365982644 -0.015505845098977906 0.606406189328993706 -0.016053066461415948 0.622692170483887808 -0.016687486224110214 0.568199333746002400 -0.017313457984500482 0.516698657309481058 -0.018060388801753924 0.428704464314229872 -0.018478018850887151 0.306344923278214609 -0.019512027878373302 0.136547421204516323
7.625000000000000000 -0.010518261200100071 0.168860977532932971 -0.009640965184403091 0.200380993212188718 -0.010057180833113922 0.305235875674951196 -0.010454322866147628 0.400542736378666886 -0.010932268978225544 0.454697908177777554 -0.011321721811413280 0.510633097384635803 -0.011812891452811407 0.557429690567859626 -0.012139456026325679 0.601315585769916172 -0.012485243880741671 0.613561667969721669 -0.012825498877669744 0.628117147732378589 -0.013147900439888930 0.651106802942066132 -0.013528528172611387 0.630230614715033943 -0.013950435313202735 0.667930385979216945 -0.014448000484485116 0.646871724706127638 -0.014912066140540614 0.627294589798365942 -0.015470818786204973 0.641532627204120631 -0.016105135016890943 0.579207417948267911 -0.016744273580701425 0.529425939134679280 -0.017486683977403078 0.442800859597329621 -0.017906543108746373 0.317456011812982386 -0.019016485588512936 0.142846235448223252
7.875000000000000000 -0.010386157019201854 0.165713422552449779 -0.009526042330387499 0.205395203953798872 -0.009899672328664056 0.317685559415062102 -0.010213797535014326 0.422387532263133081 -0.010678288698757372 0.489730906243453834 -0.011038515463852473 0.551264949454153053 -0.011520542925514051 0.596462028652984699 -0.011845570628132771 0.642661528313401842 -0.012141914198343087 0.652913667155055610 -0.012475364664611886 0.672432726885623833 -0.012757742597821834 0.697813318900599722 -0.013143390397482942 0.678955433461326696 -0.013570262143023570 0.713270722656778267 -0.014057105410581265 0.690734790611429950 -0.014501241868949976 0.680668821752130615 -0.015109799581197611 0.685220558368992427 -0.015746986039687355 0.630518532504037110 -0.016335757698451730 0.593363441731634467 -0.017067860610229420 0.503521824596626089 -0.017497034017496037 0.345155721625637679 -0.018510432009857018 0.159267394309221016
8.125000000000000000 -0.010387770850698900 0.165474530770401806 -0.009501781290321146 0.205025570956337277 -0.009925389051402316 0.307584509946829676 -0.010215886848316308 0.408953360375024499 -0.010670261986487923 0.497992197993061048 -0.011041231787517831 0.547078551539882940 -0.011500654549978945 0.611887823275960363 -0.011816571271844234 0.661177565851341131 -0.012153408266566176 0.675469831373510909 -0.012460702349168993 0.693322531886381821 -0.012730365309856695 0.722280392996174192 -0.013108935509340955 0.713498092167782816 -0.013549561092770199 0.731991453857666174 -0.014016919580705852 0.704714981917169747 -0.014450811445964679 0.708204924990779583 -0.015061809385072835 0.700623846164068476 -0.015660434172344032 0.641328102283796442 -0.016259838342995075 0.607784533677984351 -0.016958273409251542 0.510511923788513733 -0.017328452240206318 0.346901259630204295 -0.017964878970267082 0.176931832321179289
8.375000000000000000 -0.010998444618160625 0.167016221707889156 -0.010006814921835772 0.211952991644723282 -0.010352372973573063 0.307703252429156082 -0.010610083913064469 0.387196370989743854 -0.011049773932940495 0.491367534553830532 -0.011375278776013034 0.537164023568639459 -0.011749401578782501 0.603623779074823785 -0.012017043977446120 0.657244489665679388 -0.012311209504407099 0.664747260935421025 -0.012568111295358916 0.697049402515155236 -0.012800807406034143 0.724119525996301472 -0.013115387399893052 0.723800729504773588 -0.013535966950722548 0.736951684856182565 -0.013981408790056719 0.720388438209227711 -0.014413244271029279 0.715560517536786289 -0.015039665143930073 0.711249177067199589 -0.015630722068410104 0.654955145614290690 -0.016241889830771416 0.602736598493124776 -0.016838182338695488 0.515151101471113537 -0.017165770715263193 0.341117411414829930 -0.017944462198693938 0.194703360189684122
8.625000000000000000 -0.011897505518762581 0.169835759433376365 -0.010940241549215083 0.211199024350328279 -0.011163790784374622 0.298318492260280621 -0.011388157012591927 0.359710461508184476 -0.011785036279913558 0.451954940446208264 -0.011992825647133923 0.487964502165001701 -0.012276125914028983 0.568609073774959062 -0.012449024471814705 0.621139929021139348 -0.012698547182577090 0.633747313092969500 -0.012854322155844072 0.661340506426540853 -0.013030088343315005 0.689902430710754189 -0.013300535241020175 0.695008385083067837 -0.013677503593910715 0.703328087368288890 -0.014134606412312132 0.691029412321086500 -0.014549267576496310 0.693451872813193204 -0.015131763989307328 0.691864345544952797 -0.015692649981805407 0.634732482020958777 -0.016285994743252402 0.588165993322970149 -0.016803663757812122 0.496711761260131668 -0.017159090886052393 0.335674541809673710 -0.017799165433991376 0.195448890540412923
8.875000000000000000 -0.011558680178889228 0.177505977027815370 -0.010679935777045091 0.218124239189344593 -0.010829699998423007 0.285486271099038402 -0.010999112017142843 0.341129887978667834 -0.011349520323398038 0.422242934175857898 -0.011530415743073251 0.467113090677552023 -0.011786240834270061 0.542924685611991698 -0.011944707862996996 0.597550375857214044 -0.012205018708377159 0.611412459156455257 -0.012355258836844143 0.638661837883889194 -0.012515270233210590 0.667503402663588541 -0.012763132744128710 0.683342634147066197 -0.013103689315534888 0.706326887682587112 -0.013558624651420341 0.693156606973157952 -0.014032747056299817 0.679912083822629465 -0.014635453506861178 0.699875081080043815 -0.015255980585457829 0.651548709991330743 -0.015910147433879529 0.595783414897322672 -0.016466283974851788 0.494424299929872635 -0.016848948005773079 0.338957686354296017 -0.017190584378218143 0.204890837415184740
9.125000000000000000 -0.013001188875248615 0.169854821575401410 -0.012080843690459345 0.209213286048465175 -0.012261887127927463 0.287578243574367232 -0.012457050624898828 0.353626717770109344 -0.012799631261640857 0.426578867354168112 -0.013052268045216359 0.477210345877377928 -0.013349981449322717 0.533825211191846671 -0.013534948265684276 0.584573186951574120 -0.013792454329215210 0.594907385714205428 -0.014048354929089096 0.620919201298714363 -0.014289844434996134 0.665455629603681320 -0.014562666380986491 0.665436761029702839 -0.014904088009612508 0.700074121230373825 -0.015357499611211609 0.693067103506179283 -0.015839057109462974 0.702489110190224753 -0.016464657683739167 0.699987429724340693 -0.017029211282662923 0.646502918424836981 -0.017733024005861003 0.589140563324253019 -0.018297932319640265 0.482492076376068557 -0.018506239427965782 0.326795054056481182 -0.018760700316738370 0.181809577580706316
9.375000000000000000 -0.013330397497023218 0.170449954777484564 -0.012333090687261532 0.211104274359968619 -0.012409221314126181 0.288047339284747073 -0.012528999236924965 0.338242099401670604 -0.012819107997668640 0.416228874449250774 -0.013015526970686357 0.469924439698074459 -0.013284516861029799 0.531237870299599235 -0.013454397063734301 0.590908310847689466 -0.013705856383437874 0.600915131576322703 -0.013955601672400959 0.635899978951827372 -0.014206004782220965 0.680705276265253234 -0.014495403567832950 0.684342965952753568 -0.014844432181254950 0.717013057004973198 -0.015340697856477636 0.720114843366322033 -0.015866919692071567 0.727774559044961467 -0.016531348063738349 0.725283248448544304 -0.017123193415280472 0.670629053089826899 -0.017876397074656013 0.594218392458760847 -0.018388968506720151 0.489741607014300862 -0.018504123238995071 0.327208254008740707 -0.018991258867624292 0.191522660795824057
9.625000000000000000 -0.013696112056929036 0.168143103070869104 -0.012739088350314072 0.204191019392967466 -0.012729978543579164 0.273510099428676268 -0.012822863900233602 0.314673754644953063 -0.013080048765729707 0.383763559352120975 -0.013215828711459680 0.432251583301767328 -0.013430335306859964 0.496027696286437447 -0.013574679904345854 0.559122868786838256 -0.013820602982702697 0.579602798778295569 -0.014054102389085610 0.613710296401334232 -0.014287641832926875 0.662422192623032258 -0.014581324623881670 0.672158091881174702 -0.014982355201667104 0.701152133508785802 -0.015495795529835075 0.706111709962128908 -0.016010661413862048 0.715900334523070669 -0.016678179978570372 0.713240833660496731 -0.017320045236318044 0.660212471400170586 -0.018066180432811007 0.580239829595627699 -0.018522764908273363 0.469533623630008112 -0.018641152829723343 0.316127871901731694 -0.019045525038092564 0.193163853132110874
9.875000000000000000 -0.013399432312924004 0.165627138065002399 -0.012547810071047603 0.198505826175767924 -0.012497553099584405 0.249010285704134499 -0.012532911152110148 0.284624264474669819 -0.012724646731159266 0.347000852177067498 -0.012796092667244499 0.398187534182284808 -0.012898137418675442 0.460481403233469644 -0.013033255715620301 0.528238826549263796 -0.013285555365761268 0.550028781954951085 -0.013534730838324504 0.587266677779341717 -0.013749408530083905 0.633793976942117476 -0.014039243063656741 0.657457097195747964 -0.014455823758876336 0.693841906089820770 -0.015010419694333230 0.696303641524792294 -0.015554607080830467 0.693839244661631160 -0.016244670381972505 0.703313049959815806 -0.016901423552246306 0.649440838891317429 -0.017693684571404019 0.570743151435672447 -0.018185615331464584 0.456415567813951206 -0.018353784390592886 0.307254060915566174 -0.018480875104323037 0.193041171904013320
10.125000000000000000 -0.013241678430229583 0.157765049059454654 -0.012572731766581890 0.185517658627590371 -0.012447682509397836 0.228811762838999094 -0.012377892029574608 0.258397063552345096 -0.012519502218457365 0.319023316521038491 -0.012584964605121412 0.363847627582224720 -0.012696978953088970 0.412148020365927570 -0.012816961594061387 0.480678883965927284 -0.013081563731403956 0.499593158461649756 -0.013315762142417841 0.537321209171331970 -0.013535519890707021 0.588307820042829888 -0.013841734625994230 0.620261447643379649 -0.014271340085795734 0.659191348577836345 -0.014815927477458061 0.661096378826729780 -0.015379645163676675 0.656183715804733780 -0.016094782666016386 0.668892593119625456 -0.016769489976972467 0.620693091104195127 -0.017605683301888300 0.534805571172883853 -0.018111889552055900 0.427595574541935031 -0.018376193903603032 0.288754868040712764 -0.018667222038793743 0.194885663060724246
10.375000000000000000 -0.013034067111632398 0.151953119602950604 -0.012423338081748581 0.180199379991284242 -0.012235799416794126 0.217619913431972067 -0.012172007198981713 0.235524216138542852 -0.012261744190934416 0.292238545747875667 -0.012308524710101198 0.336749020288762801 -0.012369147911493652 0.378145364139385209 -0.012469625486340580 0.447276448799218740 -0.012711293609940917 0.463838364771837708 -0.012931983926495883 0.500151559942351720 -0.013136733664434859 0.565615776964188965 -0.013433119351574761 0.591997691104105495 -0.013860029495641123 0.630070825530525847 -0.014393841292183110 0.629036278190268860 -0.014929692481716147 0.633058601867765858 -0.015629090268539078 0.638057735160001083 -0.016295388317216487 0.592954935464314214 -0.017173502994590081 0.508567624424404841 -0.017663774342536225 0.395471190685297569 -0.017808603499486576 0.268379636334296401 -0.018058346888612114 0.194657234288395514
10.625000000000000000 -0.013037242059589981 0.149224003212916012 -0.012460401159607228 0.185428625607431896 -0.012281878421014683 0.209910564021920931 -0.012133551764763061 0.222202963096142708 -0.012180035995509630 0.272974368942010159 -0.012171986263514605 0.311674846089146584 -0.012152059670741030 0.343194047408001190 -0.012204390841614980 0.416008738409309964 -0.012355316458021867 0.424183740774384532 -0.012503354269568600 0.458177285212328866 -0.012693256765681116 0.526399694035053156 -0.012962022966991518 0.553811262452610698 -0.013381255054264818 0.589090567299199397 -0.013897234720293920 0.594272264445579346 -0.014451052701857306 0.603372861292043039 -0.015128688162044842 0.606927437972514361 -0.015787932393362653 0.572613273365600084 -0.016644529348123632 0.485187531072252043 -0.017072718335077629 0.371662281665107619 -0.017064069034955245 0.250043366895526642 -0.017355201342712838 0.197919223398497435
10.875000000000000000 -0.012378139215137697 0.145829645922697981 -0.011846427313598220 0.185563243640054693 -0.011647991337539033 0.207582211669348426 -0.011455592060989566 0.216359938576102001 -0.011479334749286774 0.263780660687393809 -0.011463794937729537 0.299208535662752795 -0.011429708455998036 0.334018012060522396 -0.011498930935174756 0.401732057046790714 -0.011664181809935595 0.409724717615097878 -0.011813889901051958 0.444862628651855274 -0.011978729226366979 0.505568421829674763 -0.012232164921760680 0.541198681254778435 -0.012671516025648069 0.576800907371246452 -0.013195132035786278 0.572724060898393117 -0.013757712444763323 0.586361938237340841 -0.014474265226160627 0.582126126261371502 -0.015110397350541628 0.544877180626454849 -0.015934417278020179 0.456470942857320816 -0.016299127580152672 0.350173435919059084 -0.016237895534366061 0.233270748565313463 -0.016488938058631396 0.201982436938917820
11.125000000000000000 -0.011394630403380197 0.151913938196075959 -0.010896917812583630 0.190279466519484103 -0.010646398619851736 0.209914849336496262 -0.010516474825971001 0.222342576554681454 -0.010536040390370625 0.260644856627420263 -0.010604514221663763 0.303935334621344755 -0.010586887206861175 0.345537752966353084 -0.010649463413983897 0.409115625718679432 -0.010910401364988645 0.413189532360129674 -0.011073955441466884 0.454799098802718238 -0.011300854425251758 0.506068604855139492 -0.011607983644019848 0.539367725596700653 -0.012063634771441895 0.570302774722311723 -0.012608020177646674 0.562990403401160688 -0.013195241888651690 0.566645999350792295 -0.013932350177533224 0.561009818588943165 -0.014592425794214655 0.513906774471424521 -0.015446070400866410 0.425005429975641835 -0.015781298913508910 0.322892748762667825 -0.015596204948338332 0.220651365634136593 -0.015474033186496696 0.203492013112519465
11.375000000000000000 -0.009720227001710702 0.140593366006050935 -0.009301598931644424 0.174456554802850328 -0.009003141878136665 0.211558811359170679 -0.008924740311391413 0.226374279579803578 -0.009028558386421918 0.265900500865713485 -0.009128066901559550 0.316328540437780914 -0.009170451002742178 0.355003063629213800 -0.009348882677103080 0.415722760529206314 -0.009605168626770900 0.439801217521812005 -0.009893745926784540 0.480405911645979233 -0.010225175247664767 0.542309823857656470 -0.010652563884375767 0.559259239362509097 -0.011186653807050907 0.594273614280609541 -0.011829282510679709 0.578530454675103001 -0.012502553685833273 0.564992752690247402 -0.013251364289465443 0.544764851390837856 -0.013934871752135543 0.505582287271452158 -0.014738571905280084 0.409032593985263482 -0.015074106010325253 0.316903855089216924 -0.014989698162098658 0.213223778715762535 -0.015064608108695147 0.201138064524006760
11.625000000000000000 -0.007498444333459369 0.135817231039307151 -0.007131543210275613 0.170689992723550427 -0.006809470753097073 0.230803923989218118 -0.006739307289389890 0.265996854266546845 -0.006917832403491802 0.303848945254666991 -0.007118280585945416 0.364875413598633291 -0.007325038109491926 0.403138960020593351 -0.007645774484050903 0.472086941047780428 -0.008034832440028420 0.508868990036002500 -0.008476568884190509 0.553715489465713140 -0.008961597674901879 0.607206253842716648 -0.009560496686092603 0.617722289274329261 -0.010245176488985418 0.646635707014684757 -0.011009329944474530 0.629786549989332478 -0.011755305439198151 0.607868588708420865 -0.012566819344358805 0.568684972568531899 -0.013362868570330011 0.528446807487400472 -0.014238400098813898 0.417468652948823016 -0.014641467037034471 0.322145313825231150 -0.014558870632047820 0.214385616318551242 -0.014717704422032532 0.212008377914908175
11.875000000000000000 -0.005599358100611738 0.138312215844773712 -0.005225583478380051 0.194720022682431604 -0.004919941711005394 0.262452461958453676 -0.004945274455614691 0.320630423078749172 -0.005219190084590626 0.371872867376057625 -0.005630625886961273 0.450017493087369269 -0.005953110146103611 0.494624822424453658 -0.006437427430478364 0.564741278355482157 -0.007000162459791115 0.618928596924116614 -0.007636412344421723 0.658834262348679145 -0.008253398076252073 0.705896979095363197 -0.009005182418743700 0.708670824404872945 -0.009805707666680664 0.729145705308735015 -0.010627476072045127 0.699842279718700500 -0.011462989347182135 0.671360112738511150 -0.012347331088555588 0.612343540157111010 -0.013262960836713538 0.565780580887373485 -0.014206607895674442 0.443169919249398747 -0.014677391128970641 0.335862294457456911 -0.014612421205469822 0.223824754048018909 -0.014626050745361103 0.205493196595299854
12.125000000000000000 -0.004813722588249400 0.141643583034708725 -0.004392946656009289 0.211276355805723792 -0.004060747472642688 0.304997221077689062 -0.004114167247909479 0.381145215186558306 -0.004501519195588207 0.472386869464443526 -0.005028927136192998 0.555533029241414344 -0.005484271159087396 0.621854292535427122 -0.006095977908567148 0.698149795876382373 -0.006795507781538013 0.757324637178388382 -0.007596220744298968 0.800136829396385418 -0.008364390470232382 0.840389745270558541 -0.009209967991442261 0.841782588463042547 -0.010163453970038875 0.853790594940655012 -0.011130961825536505 0.818596291628379658 -0.012041002431022269 0.783760116006148810 -0.013019396318479761 0.700807718022596005 -0.013970466500025360 0.641372406500028802 -0.015020561809338142 0.496539051360089800 -0.015636898793723694 0.373130130566155738 -0.015733713458194555 0.238859588267361200 -0.015823813988925357 0.185696949272141559
12.375000000000000000 -0.003909592566034552 0.149302191952925267 -0.003343409692004041 0.244641143361543745 -0.003036067290899427 0.358914136924517069 -0.003102447583933057 0.474233761415770894 -0.003539476763597426 0.582922994447216736 -0.004212431669996892 0.680001223368678964 -0.004820970653037019 0.779351531540047104 -0.005593805764836741 0.852448898058143278 -0.006440307318626953 0.925812078320384146 -0.007371755407259162 0.983137722918806856 -0.008261340506219333 1.003874996092219529 -0.009244834596474591 0.994945971043164401 -0.010313090225814499 1.006834458954271261 -0.011353506399486594 0.949718167621998899 -0.012326351574883390 0.895374687414124848 -0.013398061123110722 0.801333725281286102 -0.014410539266025459 0.722759790843242489 -0.015533728401356445 0.557429716453127222 -0.016181407583682070 0.407560672327670181 -0.016325787093697898 0.258180144978608916 -0.016485593704674971 0.184219957747748714
12.625000000000000000 -0.004052794669276137 0.163837501425735305 -0.003409704132518857 0.283280577510748255 -0.003105752206145671 0.433408308935588182 -0.003257599895682734 0.587044573645318035 -0.003831689616018726 0.715846855123366321 -0.004557180020767826 0.824616292641167981 -0.005266426210063227 0.939958044646003743 -0.006119704316004485 1.015973700100132993 -0.007026767726569586 1.105543821766028056 -0.008013288901757195 1.165580968698666009 -0.008974932327576865 1.184228686261870722 -0.010031712256137117 1.171712979133648913 -0.011200007082841046 1.176388520963462359 -0.012319806606972549 1.111080292733803709 -0.013366239689266259 1.040470633586297433 -0.014554288344760663 0.936682072469565585 -0.015680866790352795 0.846245597253845849 -0.016861902295236143 0.645902445724800711 -0.017579335180209311 0.465364416984722418 -0.017725258784322101 0.288577872741649366 -0.017873987292874875 0.183640639757066210
12.875000000000000000 -0.004467017349421398 0.179339414179555151 -0.003754224012414618 0.327684823570419337 -0.003576684727060524 0.522133103684077171 -0.003878659770008978 0.695130401281137789 -0.004474539368466314 0.846141465602763376 -0.005263407485406571 0.959855991983170842 -0.006091363952123401 1.082103587413969947 -0.006984748756981458 1.161684065338773664 -0.007886888893993426 1.266911003768838917 -0.008846690527012879 1.323008152624316036 -0.009830649660328115 1.331820013487886811 -0.010891242241701573 1.315383604449521515 -0.012057013336135548 1.313405632192377936 -0.013175178523912231 1.243950646249848635 -0.014237764105658269 1.157913032684237731 -0.015472029485633821 1.053509167185515460 -0.016644958511800811 0.958977996570964386 -0.017822000190142614 0.744137988817344942 -0.018651812439573718 0.540866900662629102 -0.018896891364346191 0.326865237362761241 -0.019162049805103814 0.185529180521843307
13.125000000000000000 -0.004963651691429471 0.193672741611106258 -0.004185726884670436 0.366235296833466784 -0.003983934655169894 0.580460093747302341 -0.004285018725725704 0.776990177367604562 -0.004898100174079652 0.944849817407881543 -0.005715297074278013 1.078256715858431525 -0.006581362655698205 1.211845057513112112 -0.007526298908558376 1.299093896035716345 -0.008473568672757699 1.417001598870630596 -0.009452617784432222 1.465381846592493043 -0.010482207510165965 1.487458061124567799 -0.011568168192971946 1.465609412101591902 -0.012743757371875941 1.458162184407596484 -0.013853900720395388 1.374059389826891575 -0.014942554458906035 1.283233389546778458 -0.016164486290860355 1.170022690289132195 -0.017376293855041761 1.048949819118913718 -0.018566678491717021 0.819484393807754730 -0.019445566565325645 0.593298636168884674 -0.019618363277268926 0.359193699293120783 -0.020155121327974364 0.201614654978942459
13.375000000000000000 -0.005718135865900234 0.218904116054661924 -0.004845159680915321 0.406184643349936925 -0.004708681521433568 0.644969870458544259 -0.005042868045649243 0.854360163380765369 -0.005675297006251891 1.038006096463241379 -0.006482982693139219 1.186199620057014625 -0.007362723642499702 1.313715169848743702 -0.008321591270202901 1.412168882467155440 -0.009310861620965500 1.529480761506727404 -0.010307895625956957 1.566970417381046587 -0.011334727678328332 1.592150942722495799 -0.012415327327954199 1.574641764541192090 -0.013578738647476647 1.553799006495697688 -0.014646411231176680 1.473634924589734441 -0.015737277227614088 1.371931179346825624 -0.016922798762970915 1.257055433799566968 -0.018101657787570759 1.124572256149114269 -0.019291600131171822 0.899580170027095671 -0.020121325059942380 0.651999730645954623 -0.020319920438568864 0.402949956664792330 -0.020927923536011334 0.237774943823547885
13.625000000000000000 -0.006445929776182068 0.239379908698536759 -0.005587365731266128 0.442885344153962746 -0.005508177941748978 0.693458351313193666 -0.005883657735500064 0.931463561870221390 -0.006539894716976938 1.126522008233552308 -0.007364526675835073 1.280545641933859446 -0.008253441385465254 1.412057011868370626 -0.009200255803100894 1.510431925268420184 -0.010190382229705768 1.635328371540416326 -0.011185322126344615 1.660117755976262544 -0.012185805970970702 1.691419100050002733 -0.013247624747012130 1.669917949462436990 -0.014420397494408091 1.648534867635981449 -0.015454314988979551 1.562237824429719257 -0.016533096808519984 1.460037209194717578 -0.017706660586652066 1.337914828979422266 -0.018878468251420158 1.192461503101945652 -0.020023330391924027 0.974040402562389773 -0.020911024013850130 0.714516290635419660 -0.021133425610350625 0.446096888494203148 -0.021913876676372002 0.256163550652219185
13.875000000000000000 -0.007363129123873336 0.257746874941169712 -0.006529268713825572 0.478467977851441739 -0.006469202889387292 0.747369353801100034 -0.006855164328817744 0.999300003599914666 -0.007511587636149127 1.218521621515556319 -0.008326932628921998 1.382967371391025546 -0.009214905078405347 1.521395144567232016 -0.010137781118251126 1.622862850148813152 -0.011108058424203600 1.737905194757002558 -0.012109394036467418 1.765949401468173363 -0.013092757718432565 1.801799218427827309 -0.014141989055198251 1.783913118585872981 -0.015255108445250529 1.754288741715305466 -0.016283329718241864 1.667168693905277888 -0.017380130257414403 1.568902554439347341 -0.018550842415907973 1.443073790724402672 -0.019681734796627021 1.290651933618358616 -0.020841332482930453 1.067193078247148152 -0.021751290742366633 0.793759902911463811 -0.022065418693359644 0.493707304017211079 -0.022840706995304900 0.292146830217224984
14.125000000000000000 -0.008028152911044415 0.282101365240521151 -0.007240030138713202 0.506465031139733179 -0.007211774431697296 0.798537596240594838 -0.007609258462569799 1.065325374821604276 -0.008287435732461084 1.297767524269615391 -0.009121500625257739 1.473816961493748856 -0.010089988513176844 1.622537746836735462 -0.011016281596135848 1.731154329683311177 -0.011983749526790358 1.839723434823798076 -0.012961676839527456 1.873877508623111643 -0.013943735268255117 1.905989083760795344 -0.014990950232134198 1.894977769159695402 -0.016077748511370355 1.860450617306375731 -0.017100120862868450 1.765700778892939526 -0.018210076805568302 1.677771300383035014 -0.019345866406062763 1.545448281674581370 -0.020481942280052904 1.385509469145977057 -0.021649336720533645 1.143220008659011633 -0.022589537106195174 0.853859395431232349 -0.022954912721991291 0.533195326512436285 -0.023559237076416648 0.319452866245786227
14.375000000000000000 -0.008636864523584352 0.305905575079032488 -0.007933672682228178 0.542275567272990422 -0.007939812488856690 0.847397726384677696 -0.008398229783606633 1.132458368654077896 -0.009111620106083480 1.374297472122055552 -0.009929560010694997 1.552389497631490256 -0.010871636486919637 1.707966334484485982 -0.011795876188961909 1.808731634161962143 -0.012758044286201005 1.916874085594846955 -0.013753994794925952 1.948953838795722371 -0.014736787039690552 1.977265119555745576 -0.015762876626566728 1.956486369347861354 -0.016828825111848453 1.923991554454834718 -0.017851425430958939 1.827959147422168140 -0.018956543162694513 1.747141619481149544 -0.020051857909955579 1.614975115781945858 -0.021192552896666973 1.438133691621832799 -0.022354470000530816 1.196325695493320795 -0.023320962895602641 0.902594954072702294 -0.023747460457152082 0.570373246005706713 -0.024328636317850677 0.343604002857472501
14.625000000000000000 -0.009400646864071164 0.324890865049157151 -0.008778162980167099 0.566971203215354436 -0.008841461841727807 0.876161279029284423 -0.009324216855037032 1.174589818260631136 -0.010072291960269986 1.419301637051286313 -0.010894489748258976 1.607925503746403972 -0.011827504405247423 1.773881781789772960 -0.012739739510296872 1.879807369998323985 -0.013720350725756539 1.986984745417590625 -0.014706161816589501 2.022336633163146935 -0.015666672359895075 2.046635529656233743 -0.016700909533139064 2.021770188669933521 -0.017768287865487255 1.985870432853396261 -0.018792552487256885 1.890262348352393040 -0.019889253722052701 1.812178799589496236 -0.020990046019926809 1.679792933347215245 -0.022152419074563279 1.504289111165834969 -0.023302220705387327 1.254228841543218120 -0.024246367930343488 0.953409104665901008 -0.024719251090778209 0.608037909005185395 -0.025308891626760661 0.375415437882669956
14.875000000000000000 -0.010200572271972854 0.342977363446832828 -0.009610844986548205 0.584598789701235910 -0.009745501301690811 0.902005405672523963 -0.010249108533555137 1.193751888838762154 -0.011003002783360291 1.447202498801013260 -0.011827821686874237 1.646775712152633409 -0.012777144495333072 1.817373540330619264 -0.013689999907904114 1.927536434737309845 -0.014677130816630284 2.036289335992526706 -0.015673647982687236 2.071171035550916084 -0.016628615754028828 2.098909826867633832 -0.017641706482315899 2.077361628112818437 -0.018691340309098439 2.039784843415060944 -0.019714912244160349 1.955088801673010357 -0.020797139307708726 1.868660406678242403 -0.021903763262180406 1.733330694491989510 -0.023041021325401548 1.553280397221281861 -0.024208374990038847 1.291298092342302528 -0.025182566478930066 0.993607405728473170 -0.025711270032131004 0.637985417611650840 -0.026291619864863874 0.397063674066691408
15.125000000000000000 -0.008677628268528300 0.322632976022606599 -0.007852576542774735 0.576467067921155540 -0.007917181936473859 0.904561800647608383 -0.008279352382682643 1.196723602146463783 -0.008854744831834946 1.457050840619459997 -0.009534686731599212 1.640610204928711235 -0.010398712131874210 1.799030272870914882 -0.011215396403211937 1.912554071641660469 -0.012052061138629508 2.027438276692866470 -0.012933401645557020 2.051277245736298216 -0.013785529191983696 2.086270088324600813 -0.014679149979734287 2.078846667245907387 -0.015629299381465466 2.035759064723312584 -0.016558429177446279 1.945843488577236657 -0.017595941945851266 1.859933533891163782 -0.018656685594049819 1.735194894525670772 -0.019685006764737039 1.555028775393969553 -0.020865477658649725 1.296189718283764947 -0.021779926199769602 0.972282313717550917 -0.022128082623310206 0.615711451452289227 -0.022226037057130166 0.344112397136266734
15.375000000000000000 -0.009046951541017260 0.348165262227318084 -0.008398522939599229 0.619611599223790721 -0.008544586324907554 0.963531868824620163 -0.009012643789669771 1.284708666930901133 -0.009670722260276860 1.549861653839587516 -0.010368028693173281 1.741303367089734655 -0.011264971215959436 1.900950652457395140 -0.012112982261616142 2.010012186489291253 -0.012982831207602019 2.119332508927176839 -0.013885201719880070 2.144366442461831390 -0.014769381104054801 2.175104970872634436 -0.015685715485179458 2.158405106256919392 -0.016634358029465838 2.115960502175314062 -0.017570701574613136 2.016118044773438367 -0.018622312916392648 1.934991246353742200 -0.019691082034673013 1.815171362603990035 -0.020783230972002471 1.607030264084112536 -0.021965753043423072 1.350086723985649106 -0.022943272789293347 1.024453766937233112 -0.023407658255033149 0.650918400442142997 -0.023437582758922670 0.385026224554359087
15.625000000000000000 -0.009620210637712201 0.368026965842895626 -0.009166842204740901 0.642328378386784027 -0.009403316608058187 0.989741282864833649 -0.009946593637111062 1.319701651366304462 -0.010672417497093424 1.593678230187234979 -0.011420318211429189 1.799407819059004598 -0.012312171707826518 1.961379455327430854 -0.013174312459975031 2.078559156496310401 -0.014099928870315082 2.184608674743853562 -0.015025618753988662 2.212083862260438405 -0.015895726791375932 2.239023432935819624 -0.016846905252514581 2.225898227722758804 -0.017826022292740128 2.175912339541485885 -0.018797360348062786 2.076989399371830469 -0.019866036168445622 2.003503012958599339 -0.020936815822340405 1.881593962208641724 -0.022101632358963182 1.682439311234863233 -0.023289612049909779 1.416221941548873042 -0.024322609351447758 1.085845240579170978 -0.024883098502787308 0.691026700901250956 -0.024839240522909038 0.428332140092911873
15.875000000000000000 -0.010024341853399003 0.393376625423474957 -0.009685082645739749 0.663013446300161680 -0.010037261114283678 1.016529409827013453 -0.010669760401169185 1.336485289840332547 -0.011456564801347865 1.622615700436265795 -0.012281745347380343 1.844572065979155129 -0.013233207433842625 2.016642267289014079 -0.014136458220810499 2.145391462295632934 -0.015095177728745381 2.245890658808866291 -0.016062250424970941 2.271376327416594343 -0.016970690005718742 2.306677493857915984 -0.017928430092748283 2.296620156522624079 -0.018933798976527843 2.246545212377424772 -0.019971971332467382 2.162408190517250528 -0.021060200575344797 2.079906776758130960 -0.022129669482463921 1.952908121761997684 -0.023324319119320303 1.744399922561916005 -0.024572568861148014 1.467606847820099869 -0.025693304157755118 1.143308620486572336 -0.026412423580308937 0.735938673997766135 -0.026527855639522122 0.465683540760586157
16.125000000000000000 -0.010397232867783433 0.406083081159332671 -0.010206530024661764 0.664142502060532047 -0.010577568905394821 1.001442816226051580 -0.011206246311691074 1.313550802609940060 -0.012039149565465790 1.599947413062969170 -0.012890754921874760 1.841496506510265307 -0.013864032959028650 2.025437998756785873 -0.014823812161985457 2.167323398924521083 -0.015859471365585607 2.270216962519365111 -0.016885787513224206 2.300625706302511286 -0.017865219059669667 2.350274693960430206 -0.018900458833680165 2.342525309501650277 -0.019962399836308098 2.294268898721182559 -0.021046458767124659 2.213306313378464729 -0.022196924632744294 2.135281767909295247 -0.023326618955843727 2.006155721636722955 -0.024572255158415428 1.780454446280923753 -0.025886404361628430 1.506108426721285420 -0.027059788482237591 1.175997372190308754 -0.027959322116060153 0.769759925277553880 -0.028075536290397950 0.501816333740507936
16.375000000000000000 -0.010900035563145026 0.425371337535185134 -0.010835978916072256 0.676177869274549814 -0.011313597604673780 1.004745742925675200 -0.012018780210245415 1.314279580114377399 -0.012922886744746488 1.593871039154632019 -0.013813568706284796 1.819575358269417631 -0.014817102868444777 2.000057717442317085 -0.015818775002785095 2.148825405140989186 -0.016873982298011080 2.257530757924937070 -0.017943996857132813 2.292548497698674748 -0.018967598493199483 2.340392390103761322 -0.020063408778750888 2.349038783857281487 -0.021179101061841177 2.305901053115969379 -0.022327013067552526 2.237338615392921337 -0.023541232631241624 2.158954125485267550 -0.024712587581726772 2.029549165861079807 -0.026006734152695391 1.819357345576651630 -0.027372592511877236 1.536701808177565853 -0.028671325852838922 1.209328528162441740 -0.029866259981844164 0.794729895264845720 -0.029746394152611030 0.528405563677290968
16.625000000000000000 -0.011266982237602880 0.436665879277128688 -0.011324372165151381 0.680497129273736179 -0.011843609766241088 0.993661497605679678 -0.012570040275094998 1.297143938055493884 -0.013504979718022966 1.576864602046099906 -0.014429984366189171 1.790355460395363529 -0.015470629551230977 1.978814413865143784 -0.016479880440258630 2.126471471581336203 -0.017577307583397258 2.247524021488451318 -0.018683470065117280 2.289228044205878998 -0.019748680823432164 2.338007703574066287 -0.020891242015950034 2.354781679528007210 -0.022081231672582999 2.328367497728856872 -0.023302895501394867 2.265678275608927983 -0.024588125020625951 2.191866535454481291 -0.025874380107437631 2.057295431435652855 -0.027281095508370639 1.855106722145832610 -0.028765647198042504 1.563178474566337739 -0.030279813443327599 1.238729926667775594 -0.031669412746682765 0.817254527408778020 -0.031315171695287816 0.544340217805274862
16.875000000000000000 -0.011896224996384040 0.445442960443740488 -0.012006575759442976 0.676207681556137641 -0.012527938991226228 0.975658134607602090 -0.013267166162920202 1.264598505611056689 -0.014214268345810152 1.533611267155129188 -0.015153095729495589 1.746265937819442060 -0.016206485390633543 1.926722926757921561 -0.017245090066787559 2.071627267400302674 -0.018364379712840311 2.193201965304111933 -0.019489178359856488 2.250195986735693765 -0.020586825948772338 2.301241145872488403 -0.021769027451331399 2.324715870181421895 -0.022973431197440837 2.314622023150914032 -0.024252315340277192 2.251775711065640007 -0.025601048097902909 2.191657487264500936 -0.026956281474953707 2.069685237264828892 -0.028493224357170298 1.877152037058178902 -0.030086531090994999 1.581046829752878358 -0.031686252830782254 1.264378348199668434 -0.033275922798955630 0.830508185706288149 -0.032649691237373143 0.572098039564300942
17.125000000000000000 -0.012187096823562761 0.458657263790718250 -0.012311214871490717 0.676355578418804226 -0.012850797974213778 0.959759339211510354 -0.013618236452371094 1.251650782316660493 -0.014581596878075080 1.501870905997009009 -0.015546813189435323 1.708540076083078230 -0.016642521415437393 1.886556399097561121 -0.017715968802780920 2.043548834668621694 -0.018860029911106083 2.172219863371025905 -0.020006619625992230 2.237751766372874318 -0.021146418238274910 2.279893611672569875 -0.022367897311068995 2.303830679096957823 -0.023609455936112335 2.301936006609870411 -0.024954440980851804 2.245521546146012959 -0.026361721452391500 2.196500268153215085 -0.027787086779428535 2.078047613768572610 -0.029440183341255168 1.892055126474647242 -0.031115684619473019 1.596361896461278240 -0.032826880692350124 1.294364736407985772 -0.034560524793664553 0.858609981184660365 -0.033960936613367680 0.582158863024765938
17.375000000000000000 -0.012837511819834531 0.470155928202803219 -0.012970016096610807 0.672445291972542991 -0.013480304712484332 0.939541022234611223 -0.014258080528259935 1.220435080521172111 -0.015219708179674879 1.465601551273489234 -0.016192771232654453 1.667732502745031153 -0.017272632510213159 1.833448065641380298 -0.018336880630984147 2.004315602626861370 -0.019480927068525201 2.139570348216314422 -0.020653199429670949 2.202520532359607319 -0.021824265698202758 2.253715227812732369 -0.023064884737095569 2.275200991432663411 -0.024350210194476564 2.279625554916008046 -0.025751730024371550 2.231096698524725142 -0.027205842377287830 2.181719130655826788 -0.028728408268064803 2.075883687586052240 -0.030430769299688826 1.898807453096827746 -0.032183527159739607 1.616770776506842200 -0.034029320498385175 1.316759587390213149 -0.035920696987627100 0.883121235264091808 -0.035374353751751686 0.592221473694626410
17.625000000000000000 -0.013307678244689878 0.471535116804721544 -0.013363377660218969 0.657171660179460160 -0.013889000605047908 0.909070500408570181 -0.014644266109502384 1.179848703188175030 -0.015577858875114540 1.402655487588137184 -0.016542741680355973 1.621862597155395713 -0.017595176253247916 1.790687513165884592 -0.018644084192711449 1.965597050063732087 -0.019779930998526356 2.113616527078818308 -0.020955821021698198 2.180836534959047501 -0.022142498303117771 2.245693295306606885 -0.023434806725079516 2.273983657418527038 -0.024776301893818853 2.280148777526694648 -0.026226964952040074 2.244786535148756812 -0.027743262940543991 2.196287986034294093 -0.029377091147451875 2.082475096396104952 -0.031188530421942230 1.917959640914690400 -0.033035964285013146 1.641415129690847241 -0.035002705499055327 1.345243469649906709 -0.037058203269124970 0.897469901313583285 -0.036437150019699840 0.590998606228211210
17.875000000000000000 -0.013958008322190909 0.472979647437666018 -0.013914330476880340 0.648584253870385541 -0.014413252999895113 0.899705830574608845 -0.015116387074848097 1.148918903701043437 -0.016009288095157302 1.367956013920087699 -0.016921593630929835 1.581793568614341394 -0.017941249519732166 1.742487089101233844 -0.018972289757079680 1.916499343938089295 -0.020077749626770173 2.067049835748110187 -0.021244376853397987 2.156206814982968734 -0.022448526257989293 2.224720861089037882 -0.023769006439667145 2.263669049502796682 -0.025133439711457688 2.281884291968881762 -0.026631956898666501 2.256645906647631428 -0.028194796777423078 2.215538078713585435 -0.029908495665004021 2.097194255906661198 -0.031771965856854642 1.931133181586462078 -0.033700819909106158 1.663816057163395534 -0.035832512561707108 1.359056638669420947 -0.038015985834478537 0.916039327465187903 -0.037166366694262661 0.569711456041438691
18.125000000000000000 -0.014582600267721466 0.469038722709951172 -0.014445420660021666 0.647198699299460722 -0.014858536921042874 0.888961415916109221 -0.015482238041758946 1.134434290671045176 -0.016318993502394425 1.346987342710621149 -0.017178715328046160 1.562084294619148883 -0.018139935601313349 1.714000026404891130 -0.019149620087631151 1.890317140116275274 -0.020251729820627881 2.044848001828438733 -0.021411548617588705 2.139281581692122014 -0.022606035245396096 2.214488040414360537 -0.023955481553001031 2.262203802036127698 -0.025331213157794588 2.283998991331235295 -0.026854566174189156 2.261983970934234645 -0.028461157330828043 2.229752979885232467 -0.030212100522643854 2.111889334555711706 -0.032142087240099849 1.950315539477490034 -0.034130849705891614 1.688657224611744612 -0.036315683375261872 1.386500394533740188 -0.038528766089004400 0.926291499625028991 -0.037575325028425553 0.562393452929046855
18.375000000000000000 -0.015436415478454360 0.465058404022083594 -0.015102843597268890 0.645820822279553175 -0.015413592560669114 0.888331253962842404 -0.015936125801466729 1.142606589836765885 -0.016694674309801229 1.357585023445511574 -0.017488110505190908 1.575744723514878265 -0.018377185738628659 1.727642006151031806 -0.019343970386902939 1.900128858982696123 -0.020377112829165999 2.042126588396031561 -0.021524165538162922 2.145529754116922927 -0.022702832211455110 2.225223541361191160 -0.024033647457347297 2.283460434710889775 -0.025409250843044802 2.307390222474714925 -0.026955347736459224 2.282590379184800344 -0.028571946335389061 2.251251751335514584 -0.030372734518211937 2.141549020531050118 -0.032349462870995382 1.990158021813533962 -0.034387187290730120 1.717297222096582532 -0.036606713828736988 1.413198881657297346 -0.038825762346162668 0.936503891164567448 -0.037779121178677696 0.551896585900059189
18.625000000000000000 -0.016313916434727453 0.452868438235484727 -0.015759221685708862 0.639503536638913350 -0.015936690837149086 0.891448287385367188 -0.016345856902818916 1.147875201621999963 -0.017000309370481484 1.375972666785145293 -0.017699521678026131 1.609451723264329503 -0.018518222110818699 1.767632623975074146 -0.019408695297627229 1.946699373981715553 -0.020395334018111083 2.088650982118539723 -0.021472022937706486 2.193510553807564545 -0.022614011096302036 2.278166831406726267 -0.023905252065487419 2.331888644666377353 -0.025254364285722291 2.346063500897025644 -0.026795819510005224 2.340804088518834813 -0.028388778679571909 2.294201886352770892 -0.030216192295357866 2.186299903075675566 -0.032215674039194710 2.023503737536786584 -0.034297259469350624 1.750833651129664270 -0.036531512257701085 1.438476761342082799 -0.038732161460370063 0.950208260475811861 -0.037529323320764293 0.540296308881960119
18.875000000000000000 -0.017343300728154015 0.444164328780110862 -0.016531986810268087 0.639950476261407775 -0.016553769952380525 0.908432314461752655 -0.016841799604333404 1.178571620581677859 -0.017389670259678643 1.416013390337796052 -0.018006772648103731 1.667242611491883686 -0.018726188777307848 1.830232477002886826 -0.019528981793907319 2.015505601606927488 -0.020420299593512006 2.147257724764099152 -0.021420818675880336 2.258703790754395868 -0.022490897899426831 2.343884446044212755 -0.023731576933692058 2.388444539420641721 -0.024999182506927269 2.404931583028327768 -0.026484525802925270 2.395517689074940115 -0.028014977275642294 2.350741877625149634 -0.029796882402123980 2.236363058262264669 -0.031740813399401969 2.067053323745329685 -0.033773053673167880 1.798349506247492124 -0.035950637261708406 1.475116965398593161 -0.038097533128333833 0.979745982148025107 -0.036826978062439619 0.522169643100588554
19.125000000000000000 -0.018442760256881446 0.437621510850145445 -0.017351079286482777 0.659292253405245998 -0.017230000219716095 0.951497057913740951 -0.017391670976487229 1.246719426156889021 -0.017816773259363056 1.502486994823561517 -0.018339710464001225 1.768063392610100149 -0.018952776542195113 1.952673415455266737 -0.019660332984919711 2.143575542853296323 -0.020450938950025931 2.268815897651486946 -0.021371802679932092 2.384665983698369018 -0.022376938630579542 2.475607267167883041 -0.023526859957382160 2.516541011280799989 -0.024719475732116140 2.522242040233290794 -0.026137596444611281 2.515378419852169145 -0.027592673631695132 2.462508632300050238 -0.029313976132280047 2.326473178569920197 -0.031157727998884555 2.152102877736407738 -0.033112284573029754 1.876668937555618255 -0.035222381569018822 1.536303932632105518 -0.037244232056141448 1.025659279293844373 -0.035746042513101484 0.498057720165050510
19.375000000000000000 -0.019317146842241766 0.421323440718423203 -0.017939136763424225 0.674178310378150014 -0.017666552834056375 0.997174385396328300 -0.017679176015099218 1.307650173138547922 -0.017999342548304952 1.585204660303995317 -0.018410689083258172 1.869904369077112216 -0.018914114329627765 2.069671046035583828 -0.019520082378716067 2.259180210061010108 -0.020212904157786378 2.394525273747129646 -0.021034330983647407 2.511376629353778700 -0.021953399140086625 2.613332232987786607 -0.022998581645024444 2.668870646379271516 -0.024127753831573218 2.675043061582780268 -0.025443510826249262 2.672815216885211065 -0.026835438038220277 2.605074229031732358 -0.028477359517906753 2.448040917029758567 -0.030231053330911157 2.266583330530525853 -0.032098375947089787 1.967559416257259164 -0.034127895387049162 1.606207650368138395 -0.035996592967332888 1.073004941634266185 -0.034074121866434173 0.482474825222640680
19.625000000000000000 -0.020413097842431248 0.397362191526700104 -0.018718066858949972 0.698400707596693926 -0.018276106448880333 1.051052664126745251 -0.018140463504363880 1.384846646103152334 -0.018325592467803589 1.678973581840772722 -0.018609940099591906 1.978773903971643877 -0.018970761893129590 2.203330907962332219 -0.019455632399275991 2.390771976358785800 -0.020037021457657379 2.530194231736410337 -0.020731812288554669 2.666878874743198846 -0.021517513623040309 2.764451282964354828 -0.022453970635225862 2.826166346121006256 -0.023458233692987728 2.830116285762628969 -0.024648929838704980 2.833737320994893505 -0.025929322520506282 2.762852778739593784 -0.027445440709930019 2.581985153223372187 -0.029098160123019367 2.392032372862411549 -0.030832161351150959 2.069471828896824128 -0.032697139909982229 1.696385050399219052 -0.034402770165790610 1.137816510850034435 -0.032211321691947424 0.467080432618215857
19.875000000000000000 -0.021599432133485700 0.383705004694720686 -0.019625581023764629 0.728915447249683157 -0.019001710842077090 1.116003670579802654 -0.018712249116838917 1.473513476797364330 -0.018746066003135716 1.795526974949121612 -0.018910000271722637 2.096941464897129848 -0.019131138113308181 2.332969775901943432 -0.019495262702914299 2.528555492027893870 -0.019948756886971692 2.667691338593447536 -0.020501423372620942 2.815614546588726341 -0.021145518973584795 2.921157595869652290 -0.021929183606331226 2.993383254961741624 -0.022778520718399968 3.003808918994755217 -0.023813683692809610 3.008079454756348081 -0.024955737322950533 2.918298735457789839 -0.026298804688017256 2.733425848635635091 -0.027764448424268260 2.524678702858955237 -0.029343626890090568 2.191797918498164854 -0.030998053930159017 1.788247265437769240 -0.032471762874491404 1.206985230866982617 -0.029982085804682271 0.457827591528940592
20.125000000000000000 -0.022715916271367407 0.364971010314122046 -0.020407679217456506 0.759590160490149935 -0.019580071187961172 1.175971456593451814 -0.019124907834568002 1.566109319904987141 -0.018990080202545653 1.908717357883946031 -0.019009946238578559 2.230974402786372046 -0.019085159594373433 2.479625811916922107 -0.019317982553453777 2.682509913939665758 -0.019624262596040640 2.831777276033464297 -0.020038433215200248 2.977662558022514894 -0.020538685769453710 3.091231484717977374 -0.021155923132273779 3.171806033381420420 -0.021854158568740067 3.185483276333094693 -0.022716240048646117 3.195614579513939901 -0.023717579713519982 3.099403224638831222 -0.024880035867476620 2.902483160693369424 -0.026145238984926628 2.679749777223718876 -0.027533461450224287 2.315683289752094254 -0.028951887934841623 1.898471188289519329 -0.030241271842700746 1.267974221542370161 -0.027637660154184264 0.444557271472380111
20.375000000000000000 -0.023701012341733590 0.352249700752458150 -0.021079405350073778 0.789881417344547088 -0.020056158964704904 1.239453387869968282 -0.019441891440477380 1.663666759257461436 -0.019143857721851624 2.026333945608023157 -0.019020069669191043 2.355710365278581353 -0.018949199028978642 2.621874371339155019 -0.019024301435975114 2.834378761328106400 -0.019178872433940414 2.996250006953827150 -0.019437590244568075 3.149349030611305444 -0.019782665845699515 3.267405382053441443 -0.020226352466977536 3.361665009759989609 -0.020763322962531028 3.372965785805277950 -0.021441443856517452 3.388708148249122587 -0.022269315639652714 3.290872827838642323 -0.023239324489064708 3.093758723588197590 -0.024323519634376373 2.852917110389038502 -0.025511052006318868 2.477665321074235649 -0.026727310946789637 2.017701932268670006 -0.027815364605597168 1.364392962016818478 -0.024902809618386108 0.432567659877413024
20.625000000000000000 -0.024923372005982842 0.331410842558381491 -0.021979373149660624 0.817476592645923872 -0.020756459831424962 1.301666241097046317 -0.019977128492462821 1.743340009705049098 -0.019510206806022303 2.120794541079463524 -0.019227768369487020 2.446076552006283489 -0.018995267594782702 2.717224958141521984 -0.018892270753488035 2.938374207789015369 -0.018874148467537290 3.128394314183019276 -0.018945236895327754 3.287146406313979696 -0.019110559495427427 3.410540807672897579 -0.019363625913062357 3.512446004062368843 -0.019728085159086688 3.534282091656878233 -0.020195251305532895 3.562221170696372230 -0.020821081032093316 3.470896934399972711 -0.021562472009643410 3.278457934734318346 -0.022425230338596575 3.010776461446162955 -0.023391131675851475 2.629514748186893236 -0.024382358381037007 2.142083224486677206 -0.025226578607796785 1.452380762845602913 -0.022060581289366207 0.413470007061681910
20.875000000000000000 -0.025995940264532093 0.320551276769023952 -0.022704052892113104 0.857251138239377486 -0.021275620672127019 1.374548512251129839 -0.020324108964109827 1.831423551538362782 -0.019678382678139782 2.213797901947215152 -0.019226556770864447 2.543969490130793876 -0.018824649136995230 2.828352457243962448 -0.018555871655964517 3.057484602002727758 -0.018351828573932923 3.260220651568786820 -0.018269067747267182 3.439180233730117386 -0.018253926246098600 3.576006811459582213 -0.018310733794258426 3.682646835015347619 -0.018474232981898518 3.722456527180121544 -0.018727086771570350 3.751111907210540775 -0.019160585362434191 3.675872414864528981 -0.019688813744831647 3.478808214942433086 -0.020337823376618984 3.204770132504299873 -0.021083497700609653 2.808932046584707631 -0.021839891247008900 2.292847018241849888 -0.022393232483531457 1.556237517408360915 -0.018849707496605732 0.399932308860410868
21.125000000000000000 -0.027717718327972048 0.291143609164065176 -0.024092367576251415 0.905400791806029392 -0.022438189225261754 1.469569329624085485 -0.021317664555213073 1.972106340199581975 -0.020494936884245668 2.384377703639491308 -0.019897756173804369 2.731977696222287477 -0.019331393758364162 3.032719444713088297 -0.018924565095956858 3.278166352855054644 -0.018608006364687117 3.511576161293426868 -0.018363705502261844 3.709218865247002839 -0.018182050754101897 3.848034874817272133 -0.018093673469237216 3.986040190791924509 -0.018132796338558053 4.029429156367927867 -0.018215168579554145 4.066874255000294980 -0.018493329803836268 3.984097639763553023 -0.018833443410544486 3.794399754679026238 -0.019298829777470709 3.471859572107889313 -0.019856792099688804 3.044409998123864813 -0.020354481250828817 2.477540988614542528 -0.020746284689824118 1.676089598608809572 -0.016750525639729202 0.383011377360973460
21.375000000000000000 -0.028638451875638470 0.287601808835277417 -0.024635719082528901 0.938463324534991039 -0.022763946775566413 1.523178600257917736 -0.021422687952392959 2.020799947081902470 -0.020383435137532678 2.428114572312102037 -0.019570817615060437 2.770746199459416914 -0.018819563627782903 3.064829485195535330 -0.018221034798659927 3.318793965064037010 -0.017680699688426275 3.574868235207632416 -0.017265596627393354 3.775667980815460734 -0.016907028065734388 3.950872802292586083 -0.016586050543187167 4.088686269781684146 -0.016394481753145621 4.156198035132533164 -0.016224528169901459 4.213342609600979394 -0.016250687444699329 4.139586969387126558 -0.016362646959446055 3.975415714564875636 -0.016582699643347951 3.642170563227546065 -0.016941016561780989 3.215847233191244214 -0.017195661901552955 2.612286947655285463 -0.017293617213794160 1.756415758494996648 -0.012888173909475024 0.366276756547736448
21.625000000000000000 -0.029479689682441908 0.294597495651153063 -0.025167094589769977 0.990233638580324982 -0.023096027313828392 1.583723859693699998 -0.021563642418349748 2.071388905746559317 -0.020349427741207467 2.475337596781550520 -0.019338609945039050 2.808430030067894823 -0.018390523099042950 3.111782803204489856 -0.017576269738315321 3.365027852356694993 -0.016811988588947297 3.652661355095867091 -0.016216398568318427 3.869358851852157333 -0.015660322284707776 4.059473365110272347 -0.015142930695258929 4.215655747619017291 -0.014771970903807125 4.305039179377913250 -0.014399517545220644 4.360970728178974909 -0.014202231654539139 4.330055809370179531 -0.014129240080984639 4.170745276759511455 -0.014147865936293521 3.841212183296415894 -0.014282467665774397 3.392540184450988150 -0.014334945411799548 2.764148321595634172 -0.014200753718008854 1.863811290820319932 -0.009854157071608655 0.366679477912099760
21.875000000000000000 -0.029955981677056834 0.303435737960873753 -0.025388889000881060 1.027647001366992496 -0.023143329662227704 1.645698702609196262 -0.021466235898449815 2.129342937335926056 -0.020106245657604313 2.519084966016298388 -0.018949913969408164 2.830987516247407410 -0.017836400662572430 3.140668123338229645 -0.016814302313061434 3.408611897382350708 -0.015857130578063452 3.700620592555328159 -0.015049370491808519 3.940211668612197737 -0.014304367205555685 4.167644251037906145 -0.013620001641321589 4.317396729188487825 -0.013037578341875664 4.407510594040366492 -0.012481236427966487 4.483639547645234202 -0.012068156545215257 4.455772682033607879 -0.011823513349125807 4.329380807541379994 -0.011675161845328064 3.999225416995376481 -0.011624621391235846 3.564973494100088569 -0.011510384978339205 2.903901072236299452 -0.011092234774473787 2.002100152854230597 -0.006865890009087441 0.390508936264428841
22.125000000000000000 -0.030563410190830437 0.322511741377387862 -0.025795330720136334 1.091178746186531878 -0.023446931492340773 1.712171786054782263 -0.021674066590256766 2.172452107823003242 -0.020167590947357747 2.540427662112330953 -0.018872268982716330 2.821455205968089075 -0.017634001011893916 3.124752740231219406 -0.016448004187488024 3.376829128709080585 -0.015288092418547663 3.657243596173123557 -0.014298634291977223 3.901750989787816426 -0.013336358167524763 4.149354274339696502 -0.012454368810081816 4.285335554712545125 -0.011676111090570651 4.416610964117030136 -0.010916234902394756 4.519349434100358387 -0.010324971086461000 4.524798536485451272 -0.009932776439339822 4.406473994632807312 -0.009626130180867228 4.115278187339407978 -0.009402053158790887 3.664117330994693944 -0.009162765215235921 3.011027239457995552 -0.008561161220595474 2.057634272292791167 -0.004397515802843861 0.400147232822983534
22.375000000000000000 -0.031035821942689338 0.358623402488995102 -0.026157951115243803 1.167087260139377136 -0.023747662851673779 1.784689732099350445 -0.021896219347493362 2.237340373488156953 -0.020300720635631958 2.583215035377528057 -0.018898422776229606 2.851674393892178916 -0.017552753064121726 3.151608191952079530 -0.016256631816801564 3.380466150123558666 -0.014944656305171630 3.637429774680402517 -0.013799984818009028 3.868498453527970060 -0.012642884734206954 4.128060740648118454 -0.011563779609971124 4.272345368841051538 -0.010571124926100992 4.400298229023494656 -0.009636763968007271 4.507725756014433927 -0.008890627866048521 4.549905340772958162 -0.008355974278793761 4.431909855608973992 -0.007902188621349945 4.165731102185420198 -0.007489244512096325 3.729204422221369608 -0.007054416582005956 3.076950610969458211 -0.006209066344089988 2.122947506021085839 -0.001925602850787456 0.414666571523353067
22.625000000000000000 -0.031185227195510271 0.368090879959149964 -0.026323707447376742 1.192130337977483023 -0.023913601180881996 1.814993689312973446 -0.022057971550316482 2.263561373904988905 -0.020433842466261141 2.593452376941260962 -0.018998690386401305 2.836043703053024778 -0.017609572887105681 3.108134912707644748 -0.016209705439940780 3.304374833654424304 -0.014802847888091488 3.530196044382864606 -0.013511672979011641 3.736774421276959135 -0.012216373427546518 3.955333491498592480 -0.010999043306103681 4.113530266538194091 -0.009855462641022352 4.229862878196153808 -0.008781562244225490 4.343366301470821256 -0.007887918843909358 4.402881559673002876 -0.007195244977827486 4.310683663606263316 -0.006627323663988893 4.086847837579606235 -0.006041345544086796 3.687757732856792092 -0.005483886549746698 3.055509972388591233 -0.004448461360853584 2.132781792663859477 -0.000457279403911816 0.422619741910853108
22.875000000000000000 -0.031362356168720761 0.367356192527606040 -0.026548559720372039 1.197986571726411986 -0.024165390821701237 1.820072212167684000 -0.022315163506295428 2.241420313472752390 -0.020658756913532587 2.547476794658056765 -0.019199861331425573 2.763620657023880600 -0.017790724526289523 3.002310750451078647 -0.016352467314469005 3.170877371859139870 -0.014888110088104397 3.342082032141615144 -0.013487476264725858 3.514571922570450369 -0.012088408804865816 3.709452322270076596 -0.010759185812211063 3.838850314338218883 -0.009466618143094338 3.937455153382323658 -0.008242166942945103 4.071643367077054876 -0.007179268566666753 4.144979273841888023 -0.006319914196914666 4.107892848769495231 -0.005623631113727481 3.928703679195525655 -0.004893200359966699 3.557990354625957252 -0.004193333034603994 2.975951124887326049 -0.003003026074357805 2.080970522169912851 0.001276945022969070 0.416056909835838651
23.125000000000000000 -0.031381605232829637 0.361688122215011676 -0.026649082133989831 1.199910759938497939 -0.024351546488913838 1.808634533053246951 -0.022538719385552970 2.197218955820609665 -0.020915504860133282 2.472266146043197832 -0.019449646582069869 2.667361319672121311 -0.018038285955502713 2.858643871355727839 -0.016584331770997503 2.975062665798411388 -0.015106115100212257 3.096781514713996319 -0.013659503122153277 3.216834630113567961 -0.012179555186837944 3.369993222634508179 -0.010708758245620313 3.489029404808230872 -0.009307694686027828 3.582455832410193164 -0.007941289268854582 3.708390972488509796 -0.006743653534145336 3.775646753478338447 -0.005691867731593728 3.779682258039586351 -0.004842681969358766 3.635951481634227100 -0.003951688107133084 3.332660988568584060 -0.003103278649685810 2.803571323145990668 -0.001790091538338539 1.955222728808172716 0.002626140347929096 0.413378703467549125
23.375000000000000000 -0.031242898864436822 0.342392852328051722 -0.026613193431339697 1.166132972712978333 -0.024408417161183610 1.765930135077794727 -0.022674764574039611 2.152398523040717659 -0.021116805450687882 2.405042076038888421 -0.019701151694296024 2.582477196827016375 -0.018302700147659424 2.726599596105912848 -0.016879678600980379 2.809723091675036422 -0.015428138609783171 2.883717313013439476 -0.013958126068053285 2.968144586348606229 -0.012478393311341531 3.067484495974730052 -0.010944728228686414 3.169183113149026898 -0.009439550209160517 3.221837146724516820 -0.007973387783453420 3.307059933360127157 -0.006638150132784745 3.388718565905196378 -0.005435216353230481 3.399096783879364647 -0.004416914402640893 3.276153676601540443 -0.003395904291070134 3.059440705571307539 -0.002435665722776182 2.606107509712578096 -0.001089323710395151 1.841098417417564193 0.003401355806260624 0.387511597495999227
23.625000000000000000 -0.030757862779284662 0.314818006394710748 -0.026244977161722846 1.118662867442654196 -0.024134386458838492 1.732174514927135256 -0.022498481522359167 2.098813562238962760 -0.021016299916701276 2.350126087709733191 -0.019666442506151141 2.512798372400378177 -0.018345810389154348 2.622315914922066060 -0.016976368766666989 2.690155822784045636 -0.015595597076037439 2.702527868648594289 -0.014155706010567067 2.765212511594286937 -0.012718332301173156 2.821048099081912675 -0.011196479135674573 2.884234524737801397 -0.009682948702728282 2.910549947655910241 -0.008179050506546237 2.989710045589077492 -0.006757157533646372 3.051894103491078702 -0.005426398887645923 3.066329520640038719 -0.004320311909693525 2.991159329378516585 -0.003225103542484719 2.818382079506161375 -0.002177229187497276 2.438472959228649373 -0.000893965755908583 1.736250272470349021 0.003687943768742642 0.370588922786118602
23.875000000000000000 -0.030608348795449724 0.305433768109566295 -0.026138137996322832 1.104741292612110515 -0.024102259580889806 1.717423158034789621 -0.022530056599313630 2.093802277434561265 -0.021117962879001487 2.333816646491789104 -0.019839824820671013 2.491977490354670088 -0.018565426649934623 2.582069505160486056 -0.017307914042598398 2.644522208616900016 -0.016009863705558562 2.618425142274010575 -0.014626665276293742 2.624051711732775516 -0.013233891678598191 2.698672739097976336 -0.011733250383325667 2.696272333543596744 -0.010219450931482143 2.701204807058315893 -0.008652827410549905 2.756932875111203440 -0.007173419807281994 2.809630935116747441 -0.005746393081985746 2.822409261109023682 -0.004517691712117126 2.765554820289887861 -0.003312994915395174 2.633550782718259597 -0.002224330760573701 2.309644778938204190 -0.000948687865580146 1.647564561978231090 0.003962921409936202 0.360256336514686304
