# Index(['mlt', 'mlat_eb', 'ef_eb', 'mlat_05', 'ef_05', 'mlat_10', 'ef_10',
#        'mlat_15', 'ef_15', 'mlat_20', 'ef_20', 'mlat_25', 'ef_25', 'mlat_30',
#        'ef_30', 'mlat_35', 'ef_35', 'mlat_40', 'ef_40', 'mlat_45', 'ef_45',
#        'mlat_50', 'ef_50', 'mlat_55', 'ef_55', 'mlat_60', 'ef_60', 'mlat_65',
#        'ef_65', 'mlat_70', 'ef_70', 'mlat_75', 'ef_75', 'mlat_80', 'ef_80',
#        'mlat_85', 'ef_85', 'mlat_90', 'ef_90', 'mlat_95', 'ef_95', 'mlat_pb',
#        'ef_pb'],
#       dtype='object')
0.125000000000000000 0.003232757460072480 -0.121668405059717322 0.002797311206054741 -0.097683176004991670 0.002479213606948000 -0.107601067072366469 0.002325217904502068 -0.115448754227891096 0.002113624121420772 -0.130848486956229387 0.001954215450265939 -0.127079462158651402 0.001770334366068980 -0.222727484298762823 0.001637684224856071 -0.292330365500770240 0.001524999620849951 -0.351282636320569497 0.001435486524064160 -0.394831231853327635 0.001369669688372974 -0.360574530374775992 0.001282860374074127 -0.336051140816747029 0.001137830380892193 -0.247014892196995156 0.000972616307553315 -0.178990717580572695 0.000777417412139162 -0.148422715442248915 0.000526183118798533 -0.124535522253223258 0.000205315684217788 0.010358292295227032 -0.000243852028700202 0.068876731970206592 -0.000669006267671444 0.098527060753765716 -0.001289256426743511 -0.016193792319586200 -0.001768216573256698 -0.089527977649127274
0.375000000000000000 0.003151349236126881 -0.104612163305516467 0.002664660303052831 -0.097350597468318756 0.002307389226457141 -0.122888314969222243 0.002111207921410766 -0.155633348537159072 0.001872327439525512 -0.179560523080022127 0.001693564748291799 -0.190109926130674317 0.001482513428172647 -0.263604593626844130 0.001322341762069863 -0.327881735067076907 0.001156751501902260 -0.364858790334808836 0.001030572560986660 -0.431130498422059361 0.000950010820701475 -0.426595574079400242 0.000825203245570565 -0.390487426211018562 0.000669220481396051 -0.295126258214963133 0.000500095276699760 -0.206203537991695940 0.000305220022241437 -0.221022137693151988 0.000039973483636261 -0.189993851509361822 -0.000287969995030451 -0.097459854297271553 -0.000730794531058414 -0.027107898732743160 -0.001197343913752043 0.007993541331777862 -0.001769722509569998 -0.061014041266854065 -0.002154400170153175 -0.114508176142049695
0.625000000000000000 0.002795988731336410 -0.077197214201638747 0.002261426072100297 -0.058100441868168137 0.001904857177491906 -0.076816868780268430 0.001665257593445533 -0.081248388235325514 0.001405384831105233 -0.090151286924753743 0.001185509655840291 -0.110095227293102560 0.000946120395080147 -0.190906134644939857 0.000764773460202825 -0.224358443860382201 0.000580009031790254 -0.262428465677919720 0.000436929944567671 -0.323789399379367626 0.000341989325954652 -0.344671731029964901 0.000208818964364007 -0.341903991530775109 0.000027313275445737 -0.231088465107514546 -0.000128537186482716 -0.167158680536415555 -0.000319753828785860 -0.228979958804952866 -0.000574046351222532 -0.208083535489328925 -0.000943097548372711 -0.100505150957916997 -0.001335764001441474 -0.063943882358793669 -0.001800412261920132 -0.036680538045479057 -0.002305364827265759 -0.056780526050077947 -0.002661476547164947 -0.077841604388544011
0.875000000000000000 0.002497103344006112 -0.068191970284414566 0.002036143138676274 -0.035725696490389744 0.001738404967374214 -0.031361683789166477 0.001480015845879768 -0.025769524339838066 0.001242512470595699 -0.022049324612300133 0.001021306965629228 -0.027721871556456366 0.000813721959570474 -0.098081776844100951 0.000635746524534214 -0.142173983327197107 0.000472238939862238 -0.174966632073142531 0.000325171072738082 -0.258730638712528938 0.000223456069293730 -0.268801886383393196 0.000075569967289666 -0.335166141950686836 -0.000085810268873419 -0.261980121558653134 -0.000206692129527452 -0.208988254023185382 -0.000359651589750659 -0.241576175551298900 -0.000566628111180248 -0.220141716702171447 -0.000874452042265729 -0.162658057817602730 -0.001244284064404106 -0.115232600519193484 -0.001686479997641845 -0.097606326040648422 -0.002113445809913505 -0.089853278025269392 -0.002805454254114208 -0.065569698701655646
1.125000000000000000 0.002534879501784210 -0.061336271579017707 0.002018720350421923 -0.064452166101711339 0.001675252061746289 -0.053838396788122127 0.001378657518233681 -0.074138995869717048 0.001131317742043099 -0.112048107514739592 0.000905155469254306 -0.145051849381019143 0.000687468993917599 -0.191474458221434718 0.000520239335829611 -0.245822820221791416 0.000320789585621521 -0.267470934833778984 0.000165553866472099 -0.347526738757619025 0.000046972339062290 -0.329613951301715502 -0.000119104303884075 -0.396788309858573107 -0.000297420836865481 -0.331825461833352320 -0.000435132228590469 -0.267074293169031696 -0.000640874185820217 -0.285741944274831017 -0.000898628509459217 -0.252447342360135829 -0.001202240522293000 -0.244514944625739833 -0.001590136459350452 -0.168081070127779841 -0.002056224739663885 -0.160640603186606584 -0.002458062238739045 -0.154757579290553310 -0.003145593455828011 -0.078767263131436338
1.375000000000000000 0.002546478132123770 -0.074495338713472026 0.002069113887622110 -0.063712341336155415 0.001727807296173155 -0.052194805834978174 0.001430934353229992 -0.094987573235317188 0.001204119786065320 -0.127378335374764035 0.000991349649447812 -0.140003932378266499 0.000773624330398348 -0.187518187311128570 0.000622927907785080 -0.260018415354987154 0.000430424574877592 -0.256756833738329027 0.000281116484383175 -0.324034150678384092 0.000175028326474183 -0.296804508057262106 0.000019217707578189 -0.341599572697028953 -0.000168541792699003 -0.324837629812366691 -0.000308031562496843 -0.261386600488234477 -0.000544595325019735 -0.248102231931329686 -0.000846040630843429 -0.225656047785511571 -0.001186740703518690 -0.227909736696458531 -0.001585170972880185 -0.186443237618924396 -0.002003777620290014 -0.197058182419871608 -0.002337774271966229 -0.182608529173703654 -0.002599176857479621 -0.108954063715935773
1.625000000000000000 0.002883082012229202 -0.087782430478932333 0.002415638788896280 -0.096908421376114787 0.002095969688003535 -0.084623990150696354 0.001835302112216813 -0.102695032405231201 0.001615252230640104 -0.150326703822654034 0.001417841782522984 -0.138425212736757008 0.001183787673694700 -0.160504749923861767 0.001011209344733472 -0.223894194861822021 0.000840098289659145 -0.228212248645128096 0.000707686363573589 -0.294646514592833197 0.000603110997686827 -0.233336335081947177 0.000443357373332399 -0.247422887703086541 0.000230461083540149 -0.216290860800618046 0.000057997093960598 -0.179099888720761824 -0.000237518225294017 -0.202502597762379555 -0.000528337381661361 -0.198622357970693164 -0.000883230807355804 -0.203742814394975075 -0.001304905299590224 -0.138741223133902303 -0.001669822672338359 -0.179690140515741142 -0.001992694715071316 -0.190829367619214624 -0.002108876848477711 -0.096463817692112777
1.875000000000000000 0.003246192394598188 -0.106960408574492127 0.002769760607197726 -0.131001402046791587 0.002413394011381150 -0.112289204770514184 0.002156255416225006 -0.124134609858216421 0.001924748812195432 -0.189366095964753400 0.001730975830602656 -0.188424011499827987 0.001511086317669380 -0.213949389268697776 0.001324436398087322 -0.281696653041784040 0.001111399574255883 -0.301702765829965525 0.000978650407882649 -0.350619425549317965 0.000847780959328133 -0.266141298541349158 0.000666897166144238 -0.230828956011469938 0.000447695536757302 -0.249112294869961920 0.000250925472718093 -0.177979709686782422 -0.000056541379270157 -0.203288800993852437 -0.000369960388105092 -0.202706349909907907 -0.000711981708510210 -0.220934412955459569 -0.001158490142848291 -0.141036950400364652 -0.001527932698585332 -0.193316603054903918 -0.001788859946358697 -0.213940575306499403 -0.001625407847529198 -0.102081311032350922
2.125000000000000000 0.003622056137526546 -0.111704527515929089 0.003045505829569389 -0.168523877910890935 0.002638920729087768 -0.151672732965548562 0.002354306117985591 -0.179564409409512626 0.002109084201107674 -0.238796179129724701 0.001902776816463287 -0.255331634650684036 0.001668016635121908 -0.282195998066901210 0.001469164157796430 -0.314333790286488779 0.001239248993572327 -0.359187739372172576 0.001078360428891003 -0.379646453013131602 0.000910685073029946 -0.307731040255816768 0.000722158076661546 -0.214696101837152181 0.000452179212636028 -0.217879438162136924 0.000198010128129591 -0.143105592962622791 -0.000157044981082970 -0.188412678468933475 -0.000558124040498856 -0.182490414367846632 -0.000954540516896499 -0.211838655238912377 -0.001419165008752369 -0.121285047920215883 -0.001865361846714336 -0.180949739238590313 -0.002152527960230498 -0.208584926758384526 -0.001865900058568893 -0.101176107145456523
2.375000000000000000 0.003978842796019097 -0.106705588292698203 0.003348045146229433 -0.172607390095568025 0.002952388835213151 -0.174647333640249341 0.002691382169313502 -0.187173709706574237 0.002453590939551118 -0.265261656159378911 0.002249323184785395 -0.282235717367119776 0.002017690342791152 -0.336288133820580148 0.001825989338481317 -0.371016824375370480 0.001635357537379545 -0.416500509201117253 0.001479880264897234 -0.441416379366609934 0.001307037479748290 -0.367508971354904679 0.001121083435394646 -0.271260326202288349 0.000864845831790850 -0.247712374101113408 0.000606491831074123 -0.190047380775204000 0.000283114479492405 -0.214959248824234145 -0.000096556630292511 -0.186892566674171950 -0.000492736445907604 -0.230277401408633675 -0.000907571728752388 -0.133903917571346565 -0.001327197683246365 -0.162379887491964248 -0.001723150903912855 -0.185740444382042236 -0.001347767503396357 -0.059091784728563329
2.625000000000000000 0.004184204241382070 -0.102474942082978027 0.003514516422751371 -0.192587292165295215 0.003116283781091409 -0.200820020639474212 0.002852917321604701 -0.220003639129604495 0.002616774346508092 -0.329487937094725569 0.002422677055108388 -0.375597125456229253 0.002219923662275093 -0.431140696174401150 0.002022878787125114 -0.439931148890053914 0.001836502643370638 -0.511364457555977037 0.001680905491813877 -0.519470507043863772 0.001503932367746858 -0.486092804200683404 0.001324834026785491 -0.385828738102018565 0.001099312947256864 -0.294209088644941441 0.000856860953268624 -0.237248507664852532 0.000557213158519191 -0.239454383200736420 0.000193011777706416 -0.242079643660604804 -0.000236710342397543 -0.216050967762780821 -0.000655575447434185 -0.140991472372769489 -0.001102419503298545 -0.145150608655775587 -0.001516750187489206 -0.150630494144347482 -0.001419393124598963 -0.026367678809528457
2.875000000000000000 0.004316676288023940 -0.105447937753415988 0.003570914298236753 -0.201258226757195374 0.003123830743753612 -0.230705047508374450 0.002830838688739977 -0.303853128028378550 0.002598821220640663 -0.376818173750791519 0.002387143941872140 -0.463645857385055593 0.002207337531958312 -0.541676050511837759 0.002003982668615611 -0.551228377700276106 0.001823864202369430 -0.640616830929436776 0.001652468672494490 -0.635741211472067635 0.001468010001135625 -0.628664761498365032 0.001280135678748981 -0.552470464290682028 0.001065595308166373 -0.470054171041463242 0.000829983065124048 -0.427398822656133270 0.000563839520261005 -0.335743957549269001 0.000190640797001774 -0.297479430717555615 -0.000216860585555036 -0.253694582258380597 -0.000598425166090762 -0.174328653762971131 -0.001107236263270934 -0.148684911927105645 -0.001516830426273691 -0.131828423398799466 -0.001941636086931982 -0.011497783305517888
3.125000000000000000 0.004296662108948399 -0.083200229901447584 0.003492491159112211 -0.172872382833053423 0.003060368549992892 -0.249156518636365287 0.002777779314569427 -0.318312779212922226 0.002544167661735298 -0.418512120268202503 0.002343217296832388 -0.482940007855361619 0.002151635927162181 -0.538399549076844619 0.001952976629887023 -0.526431516695773372 0.001773340713046169 -0.576593473443919424 0.001614091127370030 -0.576866673347215642 0.001433112539588278 -0.558541130603259717 0.001247825043465245 -0.473932527604440323 0.001028043321369485 -0.391103522509766766 0.000793158843752294 -0.350348496880994842 0.000505219559166656 -0.308589704327500491 0.000172658404742659 -0.301199083063958206 -0.000192325290335869 -0.255259983445307093 -0.000574648433108967 -0.167862504717924077 -0.001015774935215070 -0.135244122808254708 -0.001438283650209073 -0.122783585586763097 -0.002291987704662456 -0.049587613129006690
3.375000000000000000 0.004142065568741657 -0.071728773125627254 0.003295174397599695 -0.157104683136828599 0.002821934581640913 -0.240611000828505173 0.002495737401581254 -0.332658278463223656 0.002268453222104901 -0.446639151556967262 0.002066724491176241 -0.524742990350047789 0.001901570532461602 -0.608325478719257462 0.001713078069141748 -0.619420141116686418 0.001551419890254045 -0.679504331917213489 0.001399988362166827 -0.681399262652703452 0.001229731142550026 -0.682173175883311944 0.001053594327011473 -0.625021781935026777 0.000874609247394631 -0.555854278128673052 0.000666922627533454 -0.496486419191942308 0.000425192982401665 -0.407238059136155239 0.000102337912220940 -0.369627897044187470 -0.000232677630388885 -0.308656886231435168 -0.000573866071363793 -0.211653652567900835 -0.001011804549883349 -0.179768778402034896 -0.001371408630098298 -0.130273300213563370 -0.002063352560758023 -0.040459252002052977
3.625000000000000000 0.004128963301529385 -0.049370056926427097 0.003227102871705585 -0.138601687636121906 0.002727319518678085 -0.244935458528191791 0.002392691863989071 -0.366491368266586348 0.002164383772398525 -0.506370314030310964 0.001979347837763324 -0.585337428185403574 0.001819121156430819 -0.685480126911137022 0.001640759658930262 -0.679098268132040217 0.001505462074228228 -0.722674904180877098 0.001371637744388984 -0.767646862775073102 0.001208392171596532 -0.752928021121732738 0.001050328630314650 -0.735224982668946536 0.000894581286558935 -0.646510013901708036 0.000698273793587946 -0.583007787826186785 0.000472817370075037 -0.484154793131536865 0.000172208010766459 -0.434053802638229624 -0.000137909348874185 -0.360720686586619377 -0.000450324447442607 -0.237237127029306522 -0.000881931428028355 -0.203316233367301813 -0.001255063303815116 -0.136453483858933050 -0.002364356785987999 -0.042835343935392539
3.875000000000000000 0.003947531835581807 -0.019554369427480452 0.003045481148519059 -0.094533861311436221 0.002542134439111742 -0.213490232412983955 0.002224851982898272 -0.343749064590092412 0.002010954236083553 -0.499492724508167008 0.001838348132683847 -0.583761858243324161 0.001694984295845665 -0.679901509434238771 0.001540900300123657 -0.681797593933874735 0.001415870080362701 -0.716038640889779754 0.001305374575762023 -0.761226004217544938 0.001155106078515608 -0.745480377657886550 0.001007301079879481 -0.738809586866681189 0.000875572655926087 -0.645588646552134215 0.000695288839605837 -0.585472927812163091 0.000491392866829920 -0.489718726204933452 0.000237494016994125 -0.446792360370933284 -0.000032356983261834 -0.372429753231453053 -0.000317804032902674 -0.242708837544685807 -0.000709224496340072 -0.192974999894356292 -0.001105101587093682 -0.112288265305644480 -0.002368100955433535 -0.019521093967187028
4.125000000000000000 0.003599787456392528 -0.032016895841973002 0.002727930844226987 -0.084029050498393876 0.002235556517382137 -0.210362514952991991 0.001922768231611569 -0.327839110310279069 0.001712060595039057 -0.477042189470032907 0.001550124129078495 -0.563519501669459077 0.001419011738143034 -0.665261205578322801 0.001275824877309852 -0.655995044472057254 0.001165455295155949 -0.690689501166352637 0.001068075992887062 -0.732677840635701960 0.000925911185664989 -0.727431191895387186 0.000788926549923789 -0.703793479558751489 0.000669574141885174 -0.640800644387192198 0.000514309762186216 -0.562504434900283234 0.000326838755457779 -0.484191993966232359 0.000100929383782712 -0.467885119788100878 -0.000140907634929478 -0.386826095993849206 -0.000417130917028179 -0.265966463320075841 -0.000771144941658012 -0.222626350553911556 -0.001061379811328398 -0.123196917588911936 -0.002209356545396821 -0.035797686259829806
4.375000000000000000 0.003430484312778872 -0.031688323343072852 0.002513221625191174 -0.073403339959839664 0.002018337537186431 -0.208422909899737052 0.001709330759523215 -0.333989573605175893 0.001507678330644414 -0.490306344096618552 0.001348343491847507 -0.584423402301847639 0.001223355474300769 -0.675329055759147590 0.001089160483566685 -0.674729052335442891 0.000984200757528281 -0.699487124629850188 0.000890739319868245 -0.744238240607895452 0.000748743859044729 -0.725838687437994401 0.000604478663952653 -0.710419225286129330 0.000481389100368939 -0.659405287005842444 0.000330980057822130 -0.567370652631125405 0.000135580794345784 -0.515045267829031039 -0.000083633571239100 -0.454037073496073584 -0.000301082998654425 -0.401722914699750522 -0.000568590339530666 -0.285369259975600809 -0.000904319494638336 -0.244076383864882673 -0.001153033849005223 -0.138818150654203887 -0.002470755565192643 -0.049803872600325150
4.625000000000000000 0.002967495857749671 -0.028745606286063690 0.002053954478312207 -0.059215267056639882 0.001595485727785236 -0.206250415508299589 0.001304210720175066 -0.312223425939212484 0.001117761941556431 -0.498416158015698829 0.000978460822242990 -0.570121365774257316 0.000868679163177698 -0.660085134821472908 0.000761777352672567 -0.685533489166663235 0.000664026629076102 -0.711054601944725473 0.000583589064224205 -0.750419917543161952 0.000459215433161213 -0.735714128993752658 0.000332012667091052 -0.709007474363426926 0.000234996280015527 -0.656063226443746927 0.000111742075030411 -0.556148492341150380 -0.000051912149334036 -0.519782665734898730 -0.000268250875995257 -0.464347185714642008 -0.000472099151248373 -0.419374073780645840 -0.000748026126022373 -0.313569029942630750 -0.001019763542714831 -0.277176116519719573 -0.001251235710177506 -0.165072431980323175 -0.002226489111010134 -0.059457401063994088
4.875000000000000000 0.002527696331998511 -0.003145654350081885 0.001691879397883668 -0.033719286714208589 0.001265884534244673 -0.170960523435271045 0.001009509140236778 -0.274999244569573031 0.000845235374865345 -0.457023658233617236 0.000738611565486702 -0.517924022267417961 0.000646730866483298 -0.634655364691634860 0.000559845146471816 -0.685202607456574242 0.000484033813513907 -0.706636445913906397 0.000426175251317414 -0.752020304637192272 0.000320562655899015 -0.738979468236433568 0.000213717448067567 -0.712086468984333698 0.000137591766426532 -0.672873762494433869 0.000047578845143555 -0.583041368780736091 -0.000081625933467523 -0.560192096658644223 -0.000267502635619675 -0.486587083698117540 -0.000437434373468098 -0.444867568822490567 -0.000703380348760270 -0.336920558244488411 -0.000936515176066119 -0.300397437291664959 -0.001108258266090185 -0.162849491730781920 -0.001628578953333977 -0.041311975740582624
5.125000000000000000 0.002023000278233917 0.001186245086163583 0.001197728747842807 -0.011993829058587835 0.000794668290694451 -0.142325718129761303 0.000554753021845284 -0.226417428473027871 0.000403163798746318 -0.387801035798383931 0.000306028267548108 -0.470170519396530484 0.000238302190647885 -0.584699235797611072 0.000172929001569215 -0.624447529673809898 0.000117553588865952 -0.651904778042911248 0.000081038424067425 -0.709816352470089562 -0.000004356356236262 -0.705973635257369114 -0.000097156652278898 -0.682559265623124078 -0.000148558881308458 -0.650638902879656422 -0.000209549415495135 -0.580223156976987009 -0.000305223232111555 -0.541120096066773915 -0.000465707701223263 -0.461801591860122207 -0.000616576399564270 -0.434131868933836207 -0.000844595458838010 -0.341308954397796460 -0.001012840981788431 -0.285847470288337902 -0.001155837638042689 -0.151979285885645327 -0.001296483462660277 -0.021727370640933486
5.375000000000000000 0.001466598455834162 -0.005011320341092087 0.000754122728480783 -0.009624614996723457 0.000351028194749861 -0.125908152006208501 0.000149942394357441 -0.196131896679176965 0.000025881976943485 -0.359874417846463512 -0.000049799135659503 -0.436944954463505064 -0.000101136976164425 -0.528110687089884068 -0.000143239616015507 -0.584420767543406328 -0.000182538954189452 -0.610808829597752956 -0.000207762683338996 -0.688154189844255360 -0.000273257373593133 -0.685356310242715261 -0.000350440154571608 -0.658822937078416437 -0.000378910885901674 -0.623252443119398869 -0.000415930825278282 -0.547207859466189772 -0.000492180699672526 -0.525390780745202179 -0.000616426765381591 -0.440173637147700914 -0.000759148522703474 -0.417878327184083631 -0.000962466838879622 -0.319062794783053216 -0.001133082269379296 -0.279621036023878833 -0.001278390261654697 -0.146729094669976662 -0.001401221847676269 -0.002693230864988912
5.625000000000000000 0.001242686919387283 -0.007745391013215763 0.000508690349061027 -0.006348545093887205 0.000144826387379833 -0.119196282350008578 -0.000003036510765142 -0.192901229687378134 -0.000123670773568186 -0.328330653423471674 -0.000190724647560723 -0.416897974491880652 -0.000242943288297184 -0.478409433307082577 -0.000275239043141088 -0.530389249837795451 -0.000310712229756002 -0.551523698543462060 -0.000339952025047351 -0.601997321573519706 -0.000398067396154684 -0.607621534873019065 -0.000462821263957768 -0.579811608869542194 -0.000514378295795964 -0.535580727636184806 -0.000544503938038167 -0.496348564668016190 -0.000606945184462117 -0.477221074742654239 -0.000723164108984318 -0.409770249442194090 -0.000846070919856954 -0.384631354415115922 -0.001052390319701237 -0.317895736968207165 -0.001207211504845462 -0.240349440929255947 -0.001409689794512596 -0.125314403437993660 -0.001583583925760646 -0.013523196704807771
5.875000000000000000 0.001213932746994424 -0.019899642013258546 0.000529796083690311 -0.034115077756688775 0.000235370631168681 -0.151948884136990925 0.000124675236012078 -0.222825576624311628 0.000039645773836736 -0.339153510713410322 -0.000005423717865496 -0.421045163927701194 -0.000039336685776788 -0.472825827293834711 -0.000037047701688481 -0.556328104046601601 -0.000045195334261727 -0.594185982940848567 -0.000059607148804457 -0.593310389033952390 -0.000091514532308269 -0.614628458828448743 -0.000148552204082897 -0.577280556291626890 -0.000193077020278001 -0.522662416741536573 -0.000202761049079791 -0.504886411668108104 -0.000251620203016347 -0.473416090911248755 -0.000360274851967167 -0.414699412447983251 -0.000466134950789651 -0.373009155040551876 -0.000673962768661651 -0.335551747377640930 -0.000799517183818870 -0.239217392061980089 -0.000992999560186052 -0.123068542688663490 -0.000834517793778053 -0.022537210039046671
6.125000000000000000 0.001324532922115903 -0.063109640178880211 0.000661402587626198 -0.091560743693486518 0.000393992675259297 -0.223499701042924964 0.000311503592797477 -0.295985813961143707 0.000212107372177668 -0.417836259622050288 0.000158112157125092 -0.481997196511562587 0.000115579617823957 -0.547471417308144748 0.000096883391966462 -0.654683200688911948 0.000083326085085132 -0.681573587671839509 0.000053482998515777 -0.712012485228938896 0.000013772040409764 -0.743927680503662314 -0.000049331830891148 -0.691296689747036397 -0.000098968029687591 -0.641788298517090738 -0.000081589249485900 -0.625052103901942435 -0.000115098245332007 -0.584387398951530135 -0.000229663340196247 -0.495047190342470855 -0.000341616291158625 -0.438906334661043562 -0.000521699154733880 -0.417116750470314823 -0.000610493834714488 -0.316616439079638434 -0.000788509897026311 -0.178164947670360202 -0.000471856659881041 -0.059019189414307845
6.375000000000000000 0.001663396402227776 -0.041245672643522441 0.000877648084544413 -0.084422474339273079 0.000595539505402077 -0.210821983073106595 0.000532955029914784 -0.313873235437425513 0.000432614926287044 -0.422673660870218182 0.000368783287738741 -0.507652941298023852 0.000320650865503996 -0.543617588617150704 0.000296221581872192 -0.643727685924526449 0.000245635416026711 -0.677331231326836924 0.000186658390686253 -0.703751598544053003 0.000152636402150017 -0.735926174420886703 0.000068660848273105 -0.699875286715331946 0.000019975991710790 -0.647405300565889852 0.000044798132794292 -0.667544211854313008 0.000015081131854323 -0.617219202195543382 -0.000109879526327362 -0.491671018047621478 -0.000232421450337845 -0.440311899399382811 -0.000422836315858166 -0.411766334961602032 -0.000549939398293835 -0.314173155206024068 -0.000809349546779374 -0.185344590808505127 -0.000985602475317658 -0.062722943914156601
6.625000000000000000 0.002169555857837470 -0.049404507282265003 0.001327807997978416 -0.102009273099257738 0.001005605674612345 -0.220693184223640898 0.000909113618825830 -0.332036075160052957 0.000785079596392194 -0.440067873884192051 0.000703648282560268 -0.531356050651772494 0.000638796541266301 -0.584435395822913817 0.000628513244067788 -0.676394949256647005 0.000565456459920703 -0.715444030386658159 0.000485316199525598 -0.749499126559098894 0.000445604857713635 -0.783732776913483198 0.000370191629615818 -0.737474011173762767 0.000344904846982998 -0.689408508384541263 0.000360401777430984 -0.721290899679070785 0.000329781259739386 -0.645924827691992332 0.000197201536612198 -0.552323298841424060 0.000065942376219421 -0.476346468700549197 -0.000141463134716156 -0.432996618238053299 -0.000282314821550879 -0.316985438227463501 -0.000663201663935663 -0.199089273255436294 -0.000899831286518662 -0.076022410577017155
6.875000000000000000 0.002555270853859909 -0.053176716938574814 0.001710377409289339 -0.108689805679775056 0.001316040740275500 -0.211534819044053413 0.001208803056994680 -0.321587398620306442 0.001110520790516011 -0.426974965929121042 0.001040329852424489 -0.514110128757937934 0.000957215049580662 -0.580556650150833575 0.000942349782433334 -0.668729368656922563 0.000881108105625709 -0.694480767402001709 0.000807355457818577 -0.735759610447425993 0.000747643436600057 -0.783362544950586548 0.000677888917040808 -0.762378203020460665 0.000578072827141177 -0.728283124053059949 0.000566297443590213 -0.763512636544037004 0.000544376662848493 -0.679320434516459071 0.000435977941757232 -0.593577594706845790 0.000293627402573710 -0.492746581131786709 0.000108607590536189 -0.452889783625837983 -0.000107445428579361 -0.321260012915317195 -0.000508673398740286 -0.200604494918142195 -0.000503017660702239 -0.095070346484577156
7.125000000000000000 0.003338532047584191 -0.084492572069633620 0.002346719073571302 -0.140354640961955046 0.001889538083765332 -0.250012386607530890 0.001701450708842264 -0.352809016800993414 0.001540347837510383 -0.476109233492137740 0.001437318399148318 -0.566663918900827901 0.001364559515362029 -0.655176430820893829 0.001379525067063586 -0.731702550401363561 0.001310393981032814 -0.780517052764340469 0.001232803859909921 -0.823973969705867337 0.001176346325304346 -0.867119371887753121 0.001076231728197999 -0.872077032163088961 0.000972316206389925 -0.835594208257796955 0.000942042277428630 -0.860639664112188396 0.000934415759227075 -0.766005229772083407 0.000814931212261221 -0.665223355385936688 0.000663652884508051 -0.559541731132267017 0.000507956791439597 -0.539799298391312132 0.000262307119840181 -0.374566189530689653 -0.000198551154705668 -0.249902606869003813 -0.000454308368272514 -0.119012500063517601
7.375000000000000000 0.003792190667481621 -0.102497275669895235 0.002763488050568481 -0.153997763803470578 0.002291736052187421 -0.216323548004947047 0.002092808466007986 -0.326072730320582149 0.001909716815673603 -0.483092113644190857 0.001816181150525805 -0.555516150685884225 0.001735900668245376 -0.627430684103239100 0.001758582835879389 -0.727789146751846361 0.001698935713269056 -0.767998377987367253 0.001625157959430595 -0.817235472804154206 0.001584253905509906 -0.828730543758322669 0.001497271185973019 -0.861827022551371114 0.001402537020920710 -0.823930190671830265 0.001354516707676872 -0.842218492537837871 0.001340118249572449 -0.769748735357855374 0.001252719215169580 -0.682080470593336208 0.001127302273279582 -0.559542931186350123 0.000992490606603330 -0.548059466135680573 0.000751722115781976 -0.399428105648355625 0.000350938897999302 -0.274283940026290862 0.000042083574530556 -0.130464178070662962
7.625000000000000000 0.003854793283689180 -0.114368881558317245 0.002833806340124668 -0.164097145659932248 0.002462709848787827 -0.209671904011068028 0.002311809875816295 -0.319066601673784478 0.002129228002467542 -0.455018785918112567 0.002107993284150971 -0.522456164565179404 0.002022490526788824 -0.585975163588470682 0.002035259202194267 -0.684053779240111348 0.001986912165018659 -0.740188502169987994 0.001947210308954728 -0.770683886580940003 0.001923765426362552 -0.793164272109188939 0.001837800727055746 -0.825566440311126137 0.001753003678789301 -0.813960021313586135 0.001722114018555563 -0.810164852860346563 0.001713452849588080 -0.759801270956030783 0.001633289418342170 -0.672910399766310063 0.001510358413013700 -0.535504632944551084 0.001416831597773693 -0.539862151372687671 0.001248285559493911 -0.401236845296025046 0.000943517703075820 -0.284643011666323498 0.000686188396330772 -0.157259698268277792
7.875000000000000000 0.003843957909371476 -0.130130634958677160 0.003006821477788088 -0.172395980435196300 0.002678420203156343 -0.201465922556483545 0.002560482965801063 -0.278227444138669511 0.002444208496711757 -0.394688990480870250 0.002460096633223053 -0.443647891562520769 0.002405281116971158 -0.492708815644154252 0.002451270431884641 -0.586967113144942987 0.002396114022543788 -0.641672816211765529 0.002375763271270279 -0.687598069908517018 0.002358197911787129 -0.705602463175449390 0.002272454442744981 -0.724003758274411102 0.002211841970949439 -0.709905552777240989 0.002165735964068075 -0.713219418444542064 0.002160808514154141 -0.676957494227218293 0.002081559105420050 -0.605960971292282324 0.001933591334217216 -0.486743461322688198 0.001826506107321411 -0.487994410758519015 0.001661917508414345 -0.381460902770782539 0.001380327215891920 -0.280075751891956271 0.000549520309308155 -0.131976105376407998
8.125000000000000000 0.003884188050367517 -0.118491163947590017 0.003027786120182393 -0.151035056961699610 0.002752958877209335 -0.152895972482643999 0.002674583721030794 -0.221067462561921557 0.002578984988563930 -0.327489512805351823 0.002613560745457533 -0.382686026171655369 0.002577648926862186 -0.409720316935432205 0.002635891879317833 -0.492024862233149674 0.002575714578721154 -0.567439428824657255 0.002562978666238978 -0.610826654374479694 0.002572630416607626 -0.627949872319655378 0.002500262505148987 -0.629919394044910486 0.002468777039235897 -0.644874754420892482 0.002417659349199448 -0.648484886322324261 0.002389871600899341 -0.595388062780112803 0.002326425887460145 -0.518037304906037499 0.002152740678890256 -0.427340014486389863 0.002046244750450781 -0.428566087375732818 0.001823469702613738 -0.329855358698079693 0.001510397361218433 -0.245418143548953721 0.000775670915918629 -0.119091528967314897
8.375000000000000000 0.004129554600843021 -0.107230679572121915 0.003196514583211433 -0.139015346067999257 0.002893680570963604 -0.120323697230816914 0.002777220692893518 -0.187127462482498230 0.002748587411873588 -0.271309022077761530 0.002869290526600524 -0.342606415038926582 0.002964660197698276 -0.356550260237167849 0.003057585653131457 -0.423903035704496667 0.002995371007514141 -0.479459771194196749 0.003033215859893009 -0.506742236809171076 0.003073960285272214 -0.510024766053780665 0.002957567774872606 -0.523262152570504679 0.002920385180330274 -0.538384341910170705 0.002815676584221233 -0.537056991503552794 0.002732259963062541 -0.509024879773879557 0.002674528287772906 -0.436908929322925466 0.002495770261967175 -0.360344890522100003 0.002397701580065934 -0.362179744064977271 0.002162238970500931 -0.257689298819784085 0.001761803340637303 -0.211205454777309204 0.001144172691305338 -0.100423681338819210
8.625000000000000000 0.003570245562855066 -0.110400142788586800 0.002834166342933557 -0.141203913309407431 0.002599491805229873 -0.115068585755922048 0.002562031634483693 -0.156534995239703045 0.002607890424923623 -0.237242595030042136 0.002810385482074392 -0.279669614628121288 0.002958918091929742 -0.303060719361461450 0.003104141057226892 -0.361178756370521770 0.003089346188748999 -0.396492842431680426 0.003175806759265890 -0.422672911577150145 0.003253262312952651 -0.402879815971858957 0.003199696747838556 -0.423065781019276888 0.003174222618144671 -0.434079731679302028 0.003073383707192067 -0.422338599740562148 0.003046873335999954 -0.412257535814408715 0.003058274497907768 -0.389322256943080924 0.002927688993899381 -0.300344685729547145 0.002893287541409509 -0.321975335672859408 0.002736375288141911 -0.200846419715115687 0.002375466010766181 -0.169238431944457701 0.001305064852470693 -0.087996478668849076
8.875000000000000000 0.003082566276122327 -0.086644932291585972 0.002384538442429055 -0.108675632512133649 0.002177953045778586 -0.085956854933053467 0.002256149377258240 -0.108543237515419819 0.002420961424328860 -0.169018597444143326 0.002763605340696334 -0.198337191717861211 0.003018011988450025 -0.235044344840077857 0.003204549231208455 -0.285275727339259544 0.003270898042256247 -0.321167946439234020 0.003387311300358319 -0.344511102792779966 0.003484018967320712 -0.323600814895265043 0.003473955855447089 -0.352330640452773403 0.003478015999076512 -0.362033668457751756 0.003416503043807942 -0.359366828311726672 0.003465216115548227 -0.351638224267422750 0.003542906947332056 -0.323158312711259388 0.003448586988929866 -0.240651541649218065 0.003485832196399152 -0.258110596432047201 0.003356627456203173 -0.147231196422033750 0.003041994276824688 -0.126182424340521904 0.002734364225555369 -0.065148008668228799
9.125000000000000000 0.003565245704944416 -0.120415471711567371 0.002869298101914823 -0.157765327655456311 0.002641468983023517 -0.145291622259194786 0.002588654861003256 -0.197225320453347730 0.002627481235770935 -0.282351188498563277 0.002796122188420016 -0.334278399056084530 0.002871814122599706 -0.365148899794157045 0.002898823058935827 -0.406535143415278133 0.002920663021058307 -0.495837537159726338 0.002964155229806910 -0.536318442698553333 0.002973600656128772 -0.536703611419077076 0.002979990925927942 -0.543237910229565024 0.003038959345536986 -0.557380616943566554 0.003088112559796022 -0.560407591458403465 0.003092417682893604 -0.519471305694104601 0.003148040060488274 -0.467284652317923765 0.003065683208303028 -0.390789955565917946 0.003151662079232413 -0.376966102545685522 0.003075314320727627 -0.288146242499466410 0.002709925946987164 -0.220894267899250180 0.002990199891275904 -0.143874242901080335
9.375000000000000000 0.004049839397551542 -0.121340697825608371 0.003300016486684145 -0.160721523796096666 0.003072519027603074 -0.145053397174338405 0.003001503154734166 -0.191234929557422134 0.003049543458898176 -0.264064413433091061 0.003212842954342213 -0.317518602560696694 0.003257580866350287 -0.345476306918639231 0.003288963357393811 -0.381844786708197770 0.003307282699163224 -0.463677675654953825 0.003355308251519261 -0.494513608055644982 0.003355474365161937 -0.491119605971618356 0.003362937608842641 -0.506071670499826154 0.003437963892642869 -0.518510663035344765 0.003463622237025831 -0.511028151359699478 0.003454966444414714 -0.489971344941907361 0.003497763604010934 -0.443326088969576426 0.003373306787138325 -0.368466575524626083 0.003443957726376836 -0.355888495073101940 0.003315201415594748 -0.264416922894290751 0.002891761918867473 -0.209711592578944978 0.003126366856870879 -0.139287361077550742
9.625000000000000000 0.004059002803994095 -0.129743971505333205 0.003438026972695303 -0.160397968425177700 0.003209160214656748 -0.147344138257883672 0.003109498484615874 -0.176962564455760335 0.003233828717501999 -0.250974877124074791 0.003467311307421186 -0.284385765597349294 0.003521208261939366 -0.321209305658340383 0.003578227631063651 -0.352971907732485490 0.003615667139115266 -0.423072107007690157 0.003702062545679934 -0.449553949545089926 0.003721033434831956 -0.435447091628330507 0.003726899587291232 -0.456441970413389131 0.003807407190605398 -0.465601510144961761 0.003834488715044470 -0.453384197968772995 0.003836593170160443 -0.439801305633136352 0.003901715340721419 -0.427241888122653957 0.003783847826164815 -0.336210427287505220 0.003881797267316684 -0.344055030121941718 0.003783664535360757 -0.243252302168605217 0.003379042859585555 -0.191196754902806354 0.003602129188867079 -0.137656302961277982
9.875000000000000000 0.004003134811869222 -0.117411413171125037 0.003428665836616494 -0.137724772014155700 0.003211334630072680 -0.127709438901191519 0.003164127687599350 -0.146273670790731114 0.003322503467188674 -0.200834299931763244 0.003609143204846492 -0.222566050239749152 0.003692053635895944 -0.268701342691758827 0.003746543210588273 -0.294578511195244419 0.003779235753942031 -0.364456384949927659 0.003909170028281155 -0.392966375461592854 0.003947158066411541 -0.388590105480441428 0.003959313296539229 -0.414645956599317134 0.004048354438617640 -0.425517983149309831 0.004113400805464575 -0.415535319093891020 0.004142900601604172 -0.404206213164435557 0.004254290402007968 -0.383833823889324910 0.004202001608272734 -0.305738520185337981 0.004312586671492834 -0.317246718280923101 0.004218274517605796 -0.221387138958271085 0.003830577601585871 -0.170535279470531209 0.004251838763063173 -0.134903390083507407
10.125000000000000000 0.003991515931029813 -0.118748138081697652 0.003465379623685574 -0.142438726143552713 0.003325127017347045 -0.121977012433749171 0.003265543824267824 -0.135469865610047563 0.003413065451193928 -0.185615904734513615 0.003720966616531715 -0.222803592967472402 0.003840874309472501 -0.255968591169478676 0.003928180418162269 -0.265078048400015864 0.003983091573646255 -0.345406741345625212 0.004147110988229118 -0.369887795832518296 0.004211401064847504 -0.356363153365977237 0.004215416736103835 -0.373152641483970871 0.004416308986227900 -0.380595717144982637 0.004531425469619959 -0.370049190764195235 0.004587640929894506 -0.367024961012023310 0.004714706801634935 -0.358901487850772860 0.004717663748384852 -0.290785852144272772 0.004868547220690850 -0.295027916409585089 0.004840214609623744 -0.217230348977876075 0.004507438281890381 -0.170515244660528559 0.004787713899082382 -0.135908286300334830
10.375000000000000000 0.003622754140040302 -0.125800511194401221 0.003230725679960811 -0.137322184225596139 0.003134486152661024 -0.114474526989083586 0.003175476390134180 -0.127445271641165453 0.003379956675712737 -0.170212900547886375 0.003718798520687978 -0.202443006136652642 0.003845035935677919 -0.219041654671373376 0.003889465067622802 -0.223780432764481813 0.003959894855935397 -0.294375716007096444 0.004124407578526902 -0.331537726487833861 0.004186850856196698 -0.296522635134432500 0.004243790297741874 -0.311010197095459184 0.004510917547013242 -0.320265025904533263 0.004653039716037924 -0.312317371915146802 0.004713079224902539 -0.316606035082101445 0.004815541030037178 -0.328793283013918303 0.004884636689144350 -0.262792574799429024 0.005111108957430787 -0.265385105276961741 0.005168767315331189 -0.205878374368280076 0.004863106927414046 -0.163174253512515077 0.005304427824931951 -0.152244080486090977
10.625000000000000000 0.002935503616693284 -0.105885426509522679 0.002636030004531952 -0.111986486317415895 0.002531001446324769 -0.081290556619138740 0.002538278649928185 -0.107609910118943691 0.002818661994529479 -0.130465577818762724 0.003179459447373164 -0.165032038940181869 0.003327009397478840 -0.183590241573357876 0.003372903234342836 -0.193257813529642164 0.003444720230688186 -0.253149511578147413 0.003646213807632472 -0.289317255500417814 0.003720026928773064 -0.262459502384075227 0.003775393412890387 -0.273537922812277845 0.004055751082769106 -0.289559275376740199 0.004226160010553168 -0.256033509326374975 0.004256347089188324 -0.272555841535579768 0.004250197134284516 -0.271093614200987321 0.004235659403883193 -0.244935625480678959 0.004470254128437211 -0.242100603571597989 0.004530507392001553 -0.206155734583629763 0.004201890720601170 -0.156185482223011651 0.004705787625749161 -0.189055108443079350
10.875000000000000000 0.002687781732493279 -0.099538242019540091 0.002484971472450419 -0.106448962298501759 0.002392071696833025 -0.066552039289450929 0.002413309582545552 -0.076818617260509731 0.002718192975678830 -0.103485121041870992 0.003038261710120080 -0.136293097229300109 0.003220850151096760 -0.162528233831519237 0.003260111458829313 -0.161420174947675021 0.003321575126572729 -0.208747350384597796 0.003491353804848752 -0.240165910067479976 0.003509340765260900 -0.229561472744004041 0.003568098294627224 -0.226276565740090752 0.003870177290309967 -0.246041274470658211 0.004039000006409502 -0.219411569931424938 0.003994570789483573 -0.227289599787319718 0.003982784560772831 -0.237812327430062947 0.004012405996532050 -0.225945378964628574 0.004185704476482214 -0.228066595639556641 0.004271661419700294 -0.215071721116061515 0.003927249706181243 -0.162583957381031236 0.004818539611901782 -0.199964633880644865
11.125000000000000000 0.001570755454005695 -0.106981170868422820 0.001446119235622826 -0.116874423111020503 0.001426015123655067 -0.085307981487493093 0.001485724317514790 -0.082024506982503076 0.001820423286359464 -0.110028987662398395 0.002182700882621493 -0.113351714314885277 0.002345755890990072 -0.155379754057506619 0.002394964017641718 -0.147656022403182485 0.002397295620971639 -0.201176292991732703 0.002587264942437374 -0.231343978637181785 0.002596861963747520 -0.222576004169109831 0.002664457410586247 -0.199711233392737469 0.002937524848070159 -0.225193778714117221 0.003162759744153909 -0.201199603318692993 0.003112413265977635 -0.194519782195036350 0.003109341037430253 -0.227939549765523525 0.003108727359030360 -0.228686219186451795 0.003368614601854650 -0.221118631500052842 0.003490750577129940 -0.200908151564737375 0.003253146105289493 -0.195131935589263450 0.004648755066176537 -0.236286466973402137
11.375000000000000000 0.000678789287419161 -0.126266260521473717 0.000748916287748053 -0.145114581531344961 0.000711990948360662 -0.099585953001455729 0.000783807795553610 -0.099777124086216598 0.001184798591081946 -0.126470638177459849 0.001597806161428604 -0.112555856046630320 0.001757091263805606 -0.148433780115532876 0.001785554919629843 -0.136808862899823303 0.001806267007062686 -0.165120869054711489 0.002009802860839244 -0.196603001622712742 0.001948511128458751 -0.183406211123723989 0.001871695301561448 -0.166337751582386784 0.002151339800257087 -0.175730592023651627 0.002348537987706572 -0.164530043067597470 0.002310361488236610 -0.175831064808805060 0.002239930306009069 -0.220724078614933178 0.002231061386531314 -0.233233855968474568 0.002554569670921335 -0.247890303510639232 0.002776852245256507 -0.232536057565567750 0.002548058967842477 -0.227579361698394017 0.003826980718116802 -0.251262148352842662
11.625000000000000000 0.000373427601235381 -0.153637968616708587 0.000578306981677620 -0.177439525708155771 0.000588157354922937 -0.145095362528620292 0.000731804872627251 -0.136989577330011908 0.001101646078819639 -0.158274763808464891 0.001550924627683934 -0.128434960858771402 0.001606760272100733 -0.157843142960577970 0.001621926362382261 -0.147601065282120331 0.001661509483471910 -0.201424760765728572 0.001860929910002805 -0.203120454629287905 0.001803500463565991 -0.205434203442508373 0.001793065518407563 -0.187316224435619599 0.002086160841541576 -0.204440785853057916 0.002321972250797613 -0.183763172091400390 0.002331032492113535 -0.181755944275439757 0.002287668229466619 -0.239945689638796922 0.002294760286191330 -0.243912727751003200 0.002627691304136943 -0.260015132491078549 0.002890737941831373 -0.269576851821704155 0.002791902815823017 -0.267842808283302036 0.003975286215111033 -0.286417997472742547
11.875000000000000000 -0.000106565570793059 -0.164372648934096255 0.000176278391071388 -0.170286526986808462 0.000292330079692004 -0.156463651981774671 0.000372526699505434 -0.150500560160092667 0.000750273455408070 -0.161338573389026185 0.001174956823874466 -0.136007795633941192 0.001242722400751513 -0.156304483525285254 0.001256485705429026 -0.134340140655925561 0.001359132895264413 -0.191956674697203150 0.001564006011053515 -0.188019792765456883 0.001559037318081034 -0.200644911829413408 0.001572384812374282 -0.162227064576423441 0.001796026435787542 -0.196637337851332528 0.001994895796228290 -0.177595177750112104 0.001933251312173804 -0.170295609537647025 0.001857987053951487 -0.221363739232182083 0.001899754498466868 -0.239640557610695526 0.002218111568411230 -0.248772820091442359 0.002452214138927961 -0.286136111898865564 0.002382027536335863 -0.292711747984268800 0.004588081651781340 -0.293514300945471318
12.125000000000000000 -0.001035737347647575 -0.141048299136623784 -0.000662537184028119 -0.148784992690663670 -0.000483190135019068 -0.143150819774943650 -0.000411694536206972 -0.121266751099721931 -0.000026097310295054 -0.125986126144309818 0.000345505638557101 -0.100502207475081623 0.000382670045260324 -0.107639869174298991 0.000391304693438984 -0.076879099441340359 0.000484217950373753 -0.130382081739367578 0.000729203849214988 -0.135598534643883828 0.000761482450282426 -0.148516077199145835 0.000720927631117643 -0.086461670966556034 0.000885644943655554 -0.129072827532823758 0.001036935676863680 -0.114154653121168112 0.000920325833612983 -0.097996119877420948 0.000794333623871950 -0.146468179971100787 0.000817018465351310 -0.193578090891085935 0.001042023931604680 -0.223779577919365980 0.001229432499320460 -0.280756887166643820 0.001220446939824091 -0.290322418159543016 0.002932468110260025 -0.299787734303070208
12.375000000000000000 -0.001762679830125134 -0.129780184449898750 -0.001296620433670779 -0.149134321980160772 -0.001080577588754824 -0.145074949775118367 -0.001045144853466705 -0.117582397800456179 -0.000626541036294701 -0.111816843735992863 -0.000264993636109871 -0.104539999389921270 -0.000154103726902150 -0.094811195121400821 -0.000039127252760796 -0.077016206996428957 0.000088114620659236 -0.099839543443562315 0.000368643715148833 -0.093047401053020520 0.000431001593527960 -0.100319521068898104 0.000406628802355695 -0.031647433057278206 0.000555521263889267 -0.060135156672466904 0.000579766666290468 -0.046813217138308293 0.000474937747999954 -0.035713986568249187 0.000356197698391945 -0.084787116141508911 0.000340082502309497 -0.148176155623676670 0.000533758610128855 -0.201254533080707954 0.000772438498006357 -0.270712759854152996 0.000818971834840242 -0.292645693307313215 0.002764092998568249 -0.300238286398924137
12.625000000000000000 -0.001900671402532798 -0.137677529416841138 -0.001472007290046892 -0.169808251650639813 -0.001148307088334807 -0.176234562712276166 -0.001024522499354772 -0.168727560344787031 -0.000583214295434130 -0.142336090558852907 -0.000147124084288680 -0.159519590948841355 0.000058597207700572 -0.148128454746069310 0.000225098841809671 -0.129557189478835905 0.000397617576625354 -0.115465428474099407 0.000611304338492966 -0.104828978151604205 0.000700799437994676 -0.096178129228032802 0.000672537716109448 -0.024650643712919258 0.000778141050538203 -0.047220262969745262 0.000741938587568171 -0.036259456974616265 0.000638556608067916 -0.020250605053428478 0.000534983114582076 -0.059824833295612737 0.000514765548671198 -0.130904798102279230 0.000624016220611748 -0.188951876363680132 0.000793232366607971 -0.249869289651504012 0.000885714091280939 -0.299724500393006743 0.003409786648926144 -0.284006987801269650
12.875000000000000000 -0.002344055998244349 -0.182996027415090468 -0.001811149263113652 -0.201391733984179533 -0.001314967114982434 -0.237236949403267033 -0.001033011729665096 -0.216732715402172177 -0.000561336043215490 -0.203373996035880994 -0.000089872317648769 -0.211775741989939509 0.000197634179786619 -0.190269390421916290 0.000417788394252719 -0.179353336013873627 0.000623060520341648 -0.148982520533634588 0.000864586376223039 -0.116911229867495192 0.000964980773772262 -0.086080878730244698 0.000925197700519495 -0.033570136663891068 0.001069606758952321 -0.023063840933391103 0.001074722596136616 -0.008790813410027198 0.001037763179258926 -0.001281283088768331 0.000937047377229166 -0.035553870986040473 0.000923680227194895 -0.107293391383402048 0.000957281212015764 -0.178246515962648455 0.001094913132378701 -0.245941006412799479 0.001248293824157673 -0.302665655728668659 0.003424906021747913 -0.271907843104438163
13.125000000000000000 -0.002667740671279682 -0.257944651591826779 -0.002012928196826673 -0.312348986936994311 -0.001487752083830198 -0.382386366373199116 -0.001134193206351610 -0.369849635397030974 -0.000602635447471643 -0.366513880233419576 -0.000066399579911166 -0.400483000687655188 0.000304343665239022 -0.363931103191911853 0.000586026264848558 -0.334336154676956154 0.000787982694475307 -0.318066010010701450 0.001055744822536390 -0.285527374022035429 0.001176761657701738 -0.223859951300077825 0.001157202776464971 -0.173975248696793344 0.001332992725360843 -0.109654569242023783 0.001283618092997232 -0.119265896401023253 0.001237656954752259 -0.076249858995824524 0.001167948167242712 -0.097030604367658535 0.001100359624869211 -0.150629999163568506 0.001058690638966515 -0.192143768798720332 0.001168955612839757 -0.255629454600265871 0.001174497038150770 -0.305611099480096848 0.002665446709974208 -0.285244964895876085
13.375000000000000000 -0.002848750250956468 -0.267753784557231089 -0.002137146337389274 -0.343871445433345413 -0.001633947143261588 -0.459366774460066185 -0.001107568620399370 -0.480076889788491112 -0.000558888889328496 -0.513207935884387068 -0.000025351752140645 -0.529129148143129613 0.000339848922305193 -0.539048208227595915 0.000648281613085447 -0.507763854065782727 0.000910780552693056 -0.490736515916953830 0.001159265610223770 -0.459814102058148211 0.001288746209117385 -0.377800216733402916 0.001279786915693527 -0.322065233503188886 0.001437158787309885 -0.252411433413632147 0.001420206088898128 -0.238495986986268643 0.001373452694855351 -0.181573255976743481 0.001281632942426263 -0.183647593880193832 0.001234719375518777 -0.206380076004520768 0.001183408028205910 -0.220344414635227276 0.001263447586397974 -0.256996306721911705 0.001330791592161296 -0.296566592807544605 0.002770200056924187 -0.249923853125472800
13.625000000000000000 -0.003494694150241789 -0.266321561101115600 -0.002781954683564008 -0.354035757775394866 -0.002209075198960405 -0.488342919075947846 -0.001686310667917171 -0.514703694929661060 -0.001110667743789918 -0.576346938546653864 -0.000530421516392606 -0.609657851589746280 -0.000090833223485555 -0.648237230327993963 0.000249762158396308 -0.603268802742412680 0.000539560044343308 -0.608339759939797498 0.000815657544354118 -0.569027231394729216 0.001000478358095787 -0.493747995466049971 0.001033484853774679 -0.435145632423650619 0.001203373807978498 -0.370101901526318278 0.001230268708880007 -0.365422280634133401 0.001204107921666317 -0.286043368485703664 0.001162127698897302 -0.281067631941725793 0.001206866773136979 -0.279658162125498766 0.001218110761886198 -0.278856619667554817 0.001379220934489366 -0.286747134169694107 0.001561692239427786 -0.295022986773067541 0.002708227812854574 -0.234087161743392363
13.875000000000000000 -0.003375226228906035 -0.248899849918899158 -0.002644581740139118 -0.345485157633769469 -0.002038847624484774 -0.491769893640652100 -0.001483121781458621 -0.544504892377353888 -0.001009213911137737 -0.583219610983298331 -0.000494703697757862 -0.631212400758253689 -0.000086371391014314 -0.674634702346873505 0.000235468537142045 -0.652096070265125616 0.000519732150052365 -0.648670395706720582 0.000769270058177184 -0.616095086711439532 0.000923499209450348 -0.563476624119985781 0.001002007315347279 -0.509972430902764562 0.001181989253848454 -0.454558954579120822 0.001236898287235172 -0.448962231579757121 0.001257049179603227 -0.354662618038515620 0.001251717839483998 -0.362598740034806466 0.001339645747688155 -0.360738617688329211 0.001400536911371135 -0.330370314126260445 0.001573540686858988 -0.322621716887900201 0.001738999472596585 -0.311546525194683455 0.002781141390834825 -0.219334121076541794
14.125000000000000000 -0.003272367976474450 -0.231583237228313282 -0.002539786877928611 -0.319322051094366621 -0.001924828834452536 -0.450688961509122465 -0.001394259110884607 -0.492085996602552866 -0.000979509777234888 -0.552306102629676610 -0.000513758831548157 -0.595943997671187442 -0.000141449304576727 -0.644051277702950342 0.000155020772515537 -0.625729810991704105 0.000439645609350177 -0.625459051790561937 0.000652500287773390 -0.608588016210878435 0.000801306933917049 -0.531907391886407344 0.000883201923145692 -0.488138481253032941 0.001042315298638166 -0.453167271504124947 0.001095700527981381 -0.441708607242983498 0.001121937839727795 -0.347028766789788168 0.001114210455173437 -0.383218187560234014 0.001204313951459790 -0.376738662682139680 0.001290256074817769 -0.335625136329110063 0.001476304193156763 -0.333019393030886679 0.001675900121563027 -0.304066390337966397 0.002508433712498746 -0.232606539123866862
14.375000000000000000 -0.003456900124306821 -0.220268688855084271 -0.002685764294922102 -0.296473890703773446 -0.002076395875663544 -0.420578365121593412 -0.001538931677291620 -0.445281782786672131 -0.001118692961237428 -0.489707152187813133 -0.000687533025587288 -0.550081348639591017 -0.000345585991122476 -0.593218231158934572 -0.000080489536855878 -0.567065194519338234 0.000175746545909974 -0.584386775709698325 0.000348802913971600 -0.560535552874269039 0.000500427626391980 -0.473637610309005419 0.000614152571017037 -0.452043359760276930 0.000766187027455186 -0.425420684724594544 0.000817852579103810 -0.413728546445183809 0.000826462704473031 -0.335765042290194382 0.000844004740661141 -0.351575282474717143 0.000935478377294921 -0.347258092971703736 0.001018132793698622 -0.305040285637883046 0.001201730291977991 -0.295510842878466351 0.001411502872623632 -0.281217135274007102 0.002261009397553960 -0.230138681252017058
14.625000000000000000 -0.003739475939654526 -0.213719481660509164 -0.002927000090218545 -0.277647344477833569 -0.002321757004038092 -0.401122802709509174 -0.001768015167715640 -0.422348957091721433 -0.001326823018629666 -0.486047462676723441 -0.000901406158847079 -0.525276875380620623 -0.000579721920238482 -0.581703554389537136 -0.000299470178267307 -0.549636349804120461 -0.000036159692979169 -0.569744563537600612 0.000154441389434947 -0.550984781990592976 0.000314559644603613 -0.467321127556790006 0.000433225121259155 -0.444474779617110849 0.000580331999264708 -0.416312718872993148 0.000629198075080096 -0.394847821759496509 0.000673222237902371 -0.322134973892127474 0.000744745522358184 -0.334864908188986121 0.000859767252506645 -0.334149092182394192 0.000964138781450403 -0.285840491933934904 0.001186104579598806 -0.273117900476850084 0.001466870638090573 -0.255136186742028537 0.002328196585808680 -0.213777103215246178
14.875000000000000000 -0.003920150874076794 -0.214166575485497668 -0.003055034864366472 -0.282098003875749348 -0.002421513547516159 -0.397929730403358828 -0.001854827260620081 -0.418597112353600420 -0.001411682546755093 -0.472794834912218354 -0.000996938788490482 -0.497659024304985986 -0.000670683788731134 -0.566800133848500032 -0.000411638867268751 -0.521146180889361821 -0.000152229087036296 -0.516493938239616202 0.000009910073946987 -0.503656231351194417 0.000164803643812540 -0.421553556368368887 0.000283195749502578 -0.403891855398714861 0.000434022614934808 -0.382058830760010404 0.000496422834396508 -0.363589679024425350 0.000552508827780356 -0.284542325752759229 0.000672657663020044 -0.292571974383134759 0.000809220158378568 -0.283992455292794377 0.000936262950202618 -0.246618430038390651 0.001154265328781421 -0.228362604877354075 0.001447200974618390 -0.226283771069125311 0.002322406473375342 -0.218803400746557380
15.125000000000000000 -0.004302359593546645 -0.233021192887820333 -0.003467217067710863 -0.332506321145679296 -0.002762864042699942 -0.499997896988453039 -0.002171311667951259 -0.545149104656297512 -0.001733332016875113 -0.617808419464654923 -0.001253032445628497 -0.672471686824491655 -0.000845767208740346 -0.735493876244993294 -0.000485608800192371 -0.705304517939919662 -0.000163721772078995 -0.703667742587681944 0.000035499663180845 -0.685014787778158940 0.000197433411860474 -0.576249764503227957 0.000308944385353012 -0.547977790165803502 0.000471851735114455 -0.484025213664625642 0.000514373289348365 -0.475102114254969676 0.000574116449604842 -0.354267131630044418 0.000634109093620017 -0.384460197521221070 0.000717156298195292 -0.358902118270733539 0.000766537201296928 -0.309423504426554086 0.000898461250526321 -0.293718584639696467 0.001101424912520718 -0.254535245678236877 0.001909589268830660 -0.211932317001900405
15.375000000000000000 -0.004364653774183644 -0.223876087333451990 -0.003471908073278922 -0.305308399155095112 -0.002763056159789222 -0.452150981614517278 -0.002182341043946513 -0.479964135820480697 -0.001772528054167997 -0.527823229790463477 -0.001353754126549945 -0.602643152303432572 -0.000970923904291295 -0.660776341466621009 -0.000656230260508200 -0.626046832789359353 -0.000380548461699495 -0.634299250066670650 -0.000228226669682432 -0.606463582864082418 -0.000072861137545223 -0.490127188920494283 0.000086293219794339 -0.492562576030258326 0.000241142025472475 -0.438293782995870518 0.000295977266386776 -0.428029074895820094 0.000356365415164380 -0.333349289200323806 0.000447766694707319 -0.340996056750269894 0.000544646602182926 -0.309864617582142510 0.000608074762567144 -0.255289457867107661 0.000737495169082541 -0.232660624444032099 0.000929580231615446 -0.220979431312313235 0.001754071486019336 -0.206352892981870040
15.625000000000000000 -0.004405237969466830 -0.216083366533967675 -0.003484281839548649 -0.274981278019050035 -0.002801650363382240 -0.415356455420641923 -0.002180903559054005 -0.438000254950002055 -0.001787880190124151 -0.515010225912705843 -0.001413880251343238 -0.549405100695829485 -0.001092433142462238 -0.630861903019040327 -0.000805946984695768 -0.587330249259403470 -0.000538006317458226 -0.604181719208599088 -0.000391312712199367 -0.589858347207985578 -0.000255058680859784 -0.483930785125491369 -0.000099205739959455 -0.478545829851634796 0.000071707190297833 -0.428501909468389008 0.000138117537315946 -0.410508769829719178 0.000242526878416686 -0.320221470548360643 0.000357769311878345 -0.325851292623334510 0.000520172042975008 -0.295185002416756215 0.000619711345026446 -0.228395371875284470 0.000802517136779103 -0.194753329651606522 0.001050208552704006 -0.183758674708029007 0.001720629116155667 -0.168653507919041074
15.875000000000000000 -0.004676598963319985 -0.210859856592764405 -0.003684794239490194 -0.267366417270762657 -0.003012802125171665 -0.395322433452214350 -0.002437480314080998 -0.406874716555183924 -0.002072707788870110 -0.478709831801449381 -0.001746626143034683 -0.486669366230865097 -0.001466176585628324 -0.583068021923423996 -0.001238468398378147 -0.524649916343652323 -0.001005417743059412 -0.517778389435162412 -0.000883759263698929 -0.513476203013591093 -0.000754671884856263 -0.416456775142055591 -0.000598335625749028 -0.417690160443844605 -0.000424015852739489 -0.380613791499713472 -0.000329684199881684 -0.360548944896729617 -0.000224594033627047 -0.270400251091618860 -0.000090873741819284 -0.271689482557946282 0.000064989330297133 -0.237643517884472300 0.000187194695473728 -0.184076886695094533 0.000371837852302370 -0.146180451058498612 0.000603399677585426 -0.143425248929586302 0.001206078146877841 -0.183076065534882149
16.125000000000000000 -0.005046118031926285 -0.169810560959903128 -0.004095927761916865 -0.230451303442104682 -0.003503235916463816 -0.348315420116389662 -0.002977994147394417 -0.390512880301452203 -0.002615620873801447 -0.427255961868146017 -0.002321770725892777 -0.434277759494556159 -0.002065993989998735 -0.514472024945540674 -0.001873849451214208 -0.469041687311653577 -0.001684457403210618 -0.436258109098494662 -0.001556493100539326 -0.422623134273976020 -0.001422031017814844 -0.352383090527557785 -0.001251140381477333 -0.338437354294501613 -0.001091595985439184 -0.311942910577541643 -0.001019608373705167 -0.299090019488125969 -0.000950614385438298 -0.209881011910620086 -0.000802605948080044 -0.218224556539699577 -0.000634805113739532 -0.185426245770607900 -0.000513170593232570 -0.136591416667632581 -0.000300972985259158 -0.103591455374021146 -0.000048416014116936 -0.116637702817446454 0.000730252207900993 -0.176464445476525539
16.375000000000000000 -0.005050208427486864 -0.125153017844186254 -0.004230055601048543 -0.156267573978860541 -0.003714873076748179 -0.276670955854183165 -0.003250010264189547 -0.321443668671082594 -0.002943583148233385 -0.353088097894575237 -0.002695992973192670 -0.356222906849318066 -0.002486310327650653 -0.414389169576809546 -0.002330342977174179 -0.372076740888954205 -0.002154946142649153 -0.338661680409271248 -0.002067737338820154 -0.316863022504144387 -0.001947520155545137 -0.256269674749559695 -0.001807462318997148 -0.254881554258723830 -0.001673980921168299 -0.243252346581478707 -0.001589619228827319 -0.226701736599588505 -0.001515464550903071 -0.173244755907975750 -0.001406203865497504 -0.176281170424983175 -0.001231100710895316 -0.169096655036677590 -0.001084109254057476 -0.148523970547239287 -0.000859371227356973 -0.103922803075466003 -0.000582033690769554 -0.111730689186509025 0.000134066064094356 -0.163810192353080919
16.625000000000000000 -0.004986281163470009 -0.113486911707735103 -0.004178254474559958 -0.120398415108659132 -0.003692958969186477 -0.210577948259968395 -0.003265313746227525 -0.239786592277049848 -0.002973013886944344 -0.252477175918963792 -0.002735079180443416 -0.255700565724064188 -0.002539137436366485 -0.264396894986155429 -0.002409692194232814 -0.199617695458359695 -0.002289757579333961 -0.191696714753648439 -0.002215465930515304 -0.174611839932442670 -0.002137966117027317 -0.107511933676474714 -0.001998143643446751 -0.155772061529483141 -0.001867877982492171 -0.143217959768563136 -0.001769977333615955 -0.146108762406625903 -0.001674780128820452 -0.127021818772150463 -0.001550166877832208 -0.144442846827629368 -0.001369467131462283 -0.148423666659354914 -0.001201583904109802 -0.174683681173178812 -0.000931346700496137 -0.118229644078846896 -0.000534632774228714 -0.135755451962432550 0.000297573975492395 -0.184553149097896357
16.875000000000000000 -0.004770224893152158 -0.105495757159053072 -0.003974604822132638 -0.097237694298453289 -0.003540565976080852 -0.144653420456781673 -0.003124606433667017 -0.170155285548444335 -0.002854894293838365 -0.156875961362376637 -0.002652891492933165 -0.152986038886090137 -0.002498436685514491 -0.133055240092130267 -0.002404631616440460 -0.089467688033047998 -0.002315941546190034 -0.072845679664625296 -0.002256543327109692 -0.083761515615828452 -0.002221709917695473 -0.020600407743287065 -0.002096429249882454 -0.086430572858999966 -0.001957251362995403 -0.084594643714115278 -0.001852880681963079 -0.084532908115396793 -0.001743568679749204 -0.082653968160247407 -0.001616764823889135 -0.101359169815457228 -0.001439314069876068 -0.133730075466867576 -0.001306697715885162 -0.145471176159038346 -0.001040311422098619 -0.114035762213793343 -0.000620495747017919 -0.117174719810478445 0.000504241090391078 -0.181695076905387692
17.125000000000000000 -0.004943151536908470 -0.100185623275336616 -0.004192980071000530 -0.071062917229959069 -0.003786640540900082 -0.087106673253773706 -0.003408682309593423 -0.084635825546981611 -0.003134623871027767 -0.065567866422160948 -0.002947158194421598 -0.052130322754721917 -0.002803482270937155 -0.013690183930787138 -0.002732346895525114 0.027450281204887420 -0.002651450587428689 0.045239364682913952 -0.002607237377763659 0.010284376377982489 -0.002569378883623777 0.083960172872049085 -0.002451793373376656 0.010371297944762256 -0.002310016196957679 -0.004110177811595617 -0.002200813625699975 -0.019630418033125999 -0.002087206765483462 -0.041804716673930840 -0.001952160698503102 -0.073632506551636501 -0.001762266839461095 -0.088645604727010927 -0.001655977220764913 -0.106278559702689637 -0.001390347080098092 -0.087121518257626804 -0.000910532819668429 -0.106928854251040331 0.000376365381092831 -0.173956775181417056
17.375000000000000000 -0.004800430847510606 -0.104047633904588530 -0.004108787771866618 -0.069193930826648556 -0.003737382829596256 -0.075332359956772135 -0.003383149961556320 -0.077358240074541035 -0.003111675083315517 -0.050154162834619515 -0.002941421575800502 -0.023855813568476866 -0.002818406655354019 0.027629958114318010 -0.002758304518109174 0.054534633250792670 -0.002700599756088188 0.091121098884988594 -0.002661075199723085 0.040135593609538313 -0.002637894081091326 0.095904058364405034 -0.002535188791305071 0.001508866242411475 -0.002386958691361288 -0.049009384513317072 -0.002280826328415345 -0.078701769520820059 -0.002147426950890363 -0.115096766720688901 -0.002013920238012733 -0.131097031801280434 -0.001827765931064513 -0.127082872067583758 -0.001713895114200533 -0.147532368419882459 -0.001458320718599941 -0.095078369533703036 -0.000974726071866476 -0.107665546730529291 0.000404941209277176 -0.155346537308990729
17.625000000000000000 -0.004598031307791147 -0.100617497218485633 -0.003949081572996521 -0.060711318201101490 -0.003614542998287636 -0.044592627978200301 -0.003292357218224341 -0.055629739334606319 -0.003058623357726550 -0.024776864108343538 -0.002897583042580820 0.015765379116192194 -0.002793147030735146 0.076136552115092487 -0.002741437709663860 0.101513983985770273 -0.002693399789638001 0.136385787525004992 -0.002649789643288234 0.073433420325060381 -0.002623435916827443 0.105400009011926837 -0.002542938209724264 -0.010564522001253168 -0.002389352045500583 -0.064074496282091012 -0.002273215559939520 -0.093287540423900972 -0.002124239178118754 -0.138731992780481039 -0.001978797719100943 -0.151634437696275409 -0.001788522081890797 -0.136132165451303550 -0.001651530706039287 -0.140287268901577611 -0.001391453333946327 -0.090638870735344060 -0.000910082534944789 -0.091337292614444052 0.000395567457194940 -0.146858837641093809
17.875000000000000000 -0.004366827031524833 -0.099774792713248087 -0.003797088368836991 -0.064091153097101450 -0.003506348329342563 -0.029958991522330537 -0.003262879189589168 -0.051552186051689375 -0.003075071545840677 -0.006490354343313368 -0.002943007729178430 0.009417628877026378 -0.002857458533628329 0.092215662198338183 -0.002826776213039098 0.101178152298515858 -0.002803129477225597 0.134941919604526533 -0.002768764203142860 0.069533638414839713 -0.002750300825917850 0.099310022562092135 -0.002675860259458299 -0.036843650132401880 -0.002534602687321354 -0.117098455500428661 -0.002401455855669906 -0.149951539905755743 -0.002255621111019802 -0.178192547523201072 -0.002129122851123440 -0.152708877236194002 -0.001963805586981227 -0.144972238718404867 -0.001832560488973911 -0.152014475580120517 -0.001610451928423178 -0.096993814298164449 -0.001185936177587663 -0.101271173717144933 -0.000251858146608636 -0.138600042041581745
18.125000000000000000 -0.004246865716906323 -0.095598963619988028 -0.003717083845006279 -0.055121383000426315 -0.003458087568716075 -0.025752916181503091 -0.003229733209453353 -0.048669981961880701 -0.003063700149740493 -0.013850649107102471 -0.002934832601863042 -0.013610200052106450 -0.002872197986408170 0.102152853342133296 -0.002832914414037192 0.097113054594983997 -0.002816313310758296 0.118855970270732358 -0.002785619799904664 0.033211827248494745 -0.002773900888275869 0.067733757439273318 -0.002692234571324777 -0.060927219397949976 -0.002549925224586593 -0.133645743218070129 -0.002423556740773976 -0.173161629494208380 -0.002278489983793781 -0.210035696987619647 -0.002164500409803514 -0.176520075484405098 -0.001990072712784111 -0.161546573501346574 -0.001866300750472199 -0.153677457503613890 -0.001640965377265223 -0.107483402944727746 -0.001228922871821359 -0.090941568829968941 -0.000444740860217638 -0.119894618152306745
18.375000000000000000 -0.003957435271604848 -0.104068462809694090 -0.003472913429274649 -0.066535985584209409 -0.003226025127547083 -0.054957657369464744 -0.003013441399785669 -0.079626706719962859 -0.002859831042002801 -0.057264435015446834 -0.002746965427962503 -0.052768627050976930 -0.002694812683507315 0.069163696683519821 -0.002658159427644022 0.072045741088234250 -0.002635733931189491 0.055208952336400760 -0.002614661354216129 -0.051160750620854678 -0.002610938106247251 -0.003150726050369422 -0.002538369004305667 -0.128979766943808472 -0.002405410386654496 -0.190707582625061711 -0.002259013247148842 -0.232009622857085013 -0.002088851502375056 -0.266837869516944992 -0.001984727299558132 -0.201840880754981689 -0.001816677907175422 -0.191989335461506372 -0.001692461771434621 -0.175691078589056110 -0.001480771736650950 -0.131194935459482159 -0.001094655963351714 -0.095387847804631914 -0.000359902912427252 -0.118157876454548311
18.625000000000000000 -0.003359950943419251 -0.108183709515476914 -0.002906860132085390 -0.093680562476149948 -0.002643069405107279 -0.089412485195346017 -0.002452447877366921 -0.118939369120586308 -0.002292678861924015 -0.113075099778869967 -0.002175932857869021 -0.099248084936723754 -0.002123324595604471 0.014051842923446266 -0.002097825954762050 -0.006403692357743319 -0.002088075217471021 -0.016015925008108549 -0.002067558394451172 -0.123670849387218007 -0.002073433175757113 -0.070497373625158649 -0.002020264550597097 -0.190850882272729366 -0.001907445973121213 -0.255829019259389834 -0.001785366079329743 -0.291079718563910739 -0.001639946877053629 -0.318328707998107641 -0.001527002620575662 -0.257372810587106149 -0.001375363002621653 -0.220053688526224728 -0.001265218455569228 -0.181104178519901376 -0.001087956095630707 -0.149615212688799237 -0.000712000441660718 -0.110548251893173494 -0.000019918620630194 -0.111065540866322032
18.875000000000000000 -0.003047695535712326 -0.113410564290184757 -0.002660038818057759 -0.120437350114942124 -0.002405477014238366 -0.132498303878526180 -0.002219859155101401 -0.170838384799973181 -0.002065450384761730 -0.164969125591918592 -0.001945326963408245 -0.162769407702182040 -0.001908940222327425 -0.069004675133860785 -0.001874163044274089 -0.107042002042548628 -0.001872996332603800 -0.103100696422873034 -0.001865775071572492 -0.224033683216177310 -0.001872900836839119 -0.189723619771653113 -0.001829341368331016 -0.291923609731538580 -0.001724082290846787 -0.365509293953108938 -0.001637524301854399 -0.396126858453297093 -0.001513735567873343 -0.406640815182100934 -0.001399747871973665 -0.352697185502047372 -0.001278325660042385 -0.301647804139303977 -0.001201395162204905 -0.227690961078890836 -0.001055844949756929 -0.184570433748681456 -0.000759113458429213 -0.128581608498683914 -0.000239376571229004 -0.104698489901354469
19.125000000000000000 -0.002575714691570092 -0.114745348150800910 -0.002267323574717575 -0.160062296346259181 -0.002035714293740219 -0.198040662494519820 -0.001877662816059922 -0.257315675055524551 -0.001732583423235128 -0.253004564950699451 -0.001621493797394400 -0.258644119950920348 -0.001595154916639102 -0.168361175349337283 -0.001558667879663496 -0.197676270159633238 -0.001563596325659610 -0.210220466229349562 -0.001576874784266121 -0.323145345239107706 -0.001582631987556687 -0.305706814188994758 -0.001554830389442004 -0.410179766386418398 -0.001483006647231572 -0.469509041908036495 -0.001421444634364185 -0.500743747858064525 -0.001323307066674939 -0.510139387984623438 -0.001261216502021135 -0.457600106050056021 -0.001186669906162481 -0.394663491068578620 -0.001125672806497620 -0.316636149839558068 -0.001022696030176091 -0.249664322579710829 -0.000807990706209083 -0.174678997501416133 -0.000403526140722326 -0.103545588007987535
19.375000000000000000 -0.002049749335357291 -0.108083649643497384 -0.001792316335860740 -0.191698017923199404 -0.001590479818312002 -0.247840285633824736 -0.001439473087874895 -0.319140196290060241 -0.001311645061234487 -0.319226393736072589 -0.001205731705300599 -0.308693075247695070 -0.001192444937287585 -0.239233665245943583 -0.001150378703929411 -0.283065668938723924 -0.001157213406700340 -0.310431734352585142 -0.001178209029994007 -0.427880526835391406 -0.001185628511745665 -0.423058062841510318 -0.001155520402324119 -0.534268381696017869 -0.001109588711261078 -0.577705926920100588 -0.001079694128862026 -0.586098779538471781 -0.001017075210325570 -0.593205556200934181 -0.001002076155517587 -0.508797421324402754 -0.000985318637439779 -0.470104960167908703 -0.000941111779688011 -0.410194580852359214 -0.000868133384233767 -0.302118262723858833 -0.000742707054047776 -0.180344291172635368 -0.000589524726461780 -0.102748293649544659
19.625000000000000000 -0.001505638038675205 -0.101150887303390974 -0.001291850842193486 -0.221665900296216051 -0.001122379984537221 -0.297497364535509679 -0.000994586014195050 -0.377086030534780625 -0.000887945889786326 -0.373637323629800566 -0.000794770568927691 -0.389710501412326771 -0.000757338426086108 -0.353500113257858850 -0.000716621455657716 -0.395041425162391102 -0.000692591501901494 -0.428754615671982808 -0.000722037437309707 -0.553164697000423811 -0.000730467060346177 -0.562187421788062691 -0.000720921375550049 -0.649523058521037311 -0.000699434500603620 -0.664506283750930460 -0.000698295327683176 -0.656922194695581441 -0.000686329140165394 -0.653108108352314143 -0.000705807520520793 -0.588678590797755530 -0.000726783566521109 -0.565065740276449291 -0.000739394561316754 -0.472289037796869371 -0.000712388070611721 -0.389535913244954402 -0.000655257378504242 -0.227653726840536197 -0.000839712922763904 -0.098237924041202365
19.875000000000000000 -0.001247156166522165 -0.095025015094077805 -0.001104213549463900 -0.244602055290474213 -0.000954772337540323 -0.338789689891552948 -0.000850449832498600 -0.412759839974419229 -0.000750868931848312 -0.417965521705611465 -0.000671163712863540 -0.439498028375006899 -0.000617099615441915 -0.413147523621909929 -0.000583840185907868 -0.472426006278602095 -0.000565708670778128 -0.505129755131149771 -0.000591290208465089 -0.624479935692364263 -0.000617302921433333 -0.651820201880768724 -0.000606070437490289 -0.704147676841899273 -0.000615845247694240 -0.719513145106610796 -0.000638314744232274 -0.729208201290065361 -0.000650009490831086 -0.707190116667165469 -0.000708430708255444 -0.659346704818491669 -0.000771186574054224 -0.630250322773047489 -0.000837973511147673 -0.520217329100154613 -0.000872689041955447 -0.431989628484006738 -0.000879824243034483 -0.243874975813900635 -0.001133621088877342 -0.078413078225363933
20.125000000000000000 -0.001178712911509279 -0.094280238496188773 -0.001058829583535575 -0.250916699971789336 -0.000911129683368274 -0.359257941063716335 -0.000798567493390076 -0.417830504069055031 -0.000697453438596295 -0.417291931329968391 -0.000610481715070687 -0.446094644029270182 -0.000561640569902687 -0.418894868752141325 -0.000538186128250345 -0.479278313337493933 -0.000519974867269842 -0.527212055976081673 -0.000555322811471644 -0.636101261447573174 -0.000585554172652951 -0.659159416352128491 -0.000588408663330009 -0.706445412277352913 -0.000611420806772296 -0.712312578488906833 -0.000640360109309727 -0.715130316050159975 -0.000667665368398536 -0.749869786945802419 -0.000732781641676447 -0.725128067452139868 -0.000776290822197665 -0.694415340583607654 -0.000865623797355399 -0.568186058248654646 -0.000915992182938669 -0.475450649829242400 -0.000928342924429260 -0.269922039793574209 -0.001015672833760706 -0.093861424910729602
20.375000000000000000 -0.000917884386646088 -0.098984724885515601 -0.000855872370972784 -0.263724607201241190 -0.000736027430345068 -0.362491574865265676 -0.000649256336115645 -0.422674433232179458 -0.000579605217177340 -0.424533729178069197 -0.000506644625400803 -0.448813863453990325 -0.000472089816182725 -0.447897864091122033 -0.000457642903509172 -0.515289799044864605 -0.000449259459592940 -0.557809095038009350 -0.000479281665598454 -0.636255014345186054 -0.000530140420737842 -0.672795904173283055 -0.000564931980021845 -0.723709885648026408 -0.000605269698010633 -0.736069228393001818 -0.000652279270262517 -0.747688281193290560 -0.000696583393262281 -0.784965110530209231 -0.000762857922386938 -0.770100173819976086 -0.000823640897779639 -0.740832770740954993 -0.000929269260869206 -0.622908591732486916 -0.001002979930731792 -0.514024102546300266 -0.001055868695536296 -0.293485158456792794 -0.001081709757189207 -0.099963529528509357
20.625000000000000000 -0.000769849510191249 -0.094384345629029129 -0.000726613885142084 -0.260494863375651253 -0.000628279397563409 -0.328974194773561990 -0.000565021655929423 -0.384258786142419539 -0.000515584301247776 -0.383560961702908265 -0.000458324071077823 -0.415053489778520190 -0.000435733362095590 -0.422254474561965631 -0.000428102347012215 -0.493784775510380081 -0.000417511908167526 -0.524543886739947562 -0.000446210910686675 -0.587294825517108321 -0.000511584903182163 -0.618703436239084192 -0.000571657980589456 -0.686999149660095343 -0.000623972338332454 -0.724052022092016467 -0.000679064883311246 -0.728642152017228373 -0.000751334518075626 -0.775512145941729569 -0.000833947672602793 -0.788665046081406196 -0.000903272810633365 -0.746191976248562372 -0.001037485771764780 -0.631237323015935159 -0.001158189924787399 -0.502031811245929993 -0.001249550676360147 -0.290688343860903808 -0.001285158804440109 -0.093184153285005358
20.875000000000000000 -0.000694908843680393 -0.099521360716360335 -0.000695218960528047 -0.256887228814079549 -0.000637277983666130 -0.318671010217441320 -0.000585752087773302 -0.379207346109735499 -0.000555518687405135 -0.379524377382398914 -0.000520304371705043 -0.428354920977411679 -0.000502385086799078 -0.432004711566175870 -0.000490586886625613 -0.494851345353940375 -0.000496942802631974 -0.519137676779579338 -0.000529722110342838 -0.574195335994598599 -0.000600212391733797 -0.614923379192439001 -0.000672557461248965 -0.690986779920308769 -0.000746691874546584 -0.718343255650023438 -0.000807982429825483 -0.736950542322014179 -0.000873282285472996 -0.784800974353266123 -0.000985919492598344 -0.811707593513027792 -0.001071992217558012 -0.788186543107835202 -0.001201977489707831 -0.678597072567732718 -0.001310306713581631 -0.551411185998205378 -0.001418617230370547 -0.315503539342373240 -0.001475832222999790 -0.101221958012517835
21.125000000000000000 -0.000552440988286735 -0.097023264594072386 -0.000537351746883083 -0.243751592715306525 -0.000500100340768651 -0.268391628397471826 -0.000494207463716553 -0.295509533380653333 -0.000517618774333105 -0.288096696973671518 -0.000518973656074593 -0.357873990908943396 -0.000494594129585347 -0.376342069290995007 -0.000520226694211365 -0.442153266647741905 -0.000495330842089244 -0.456357022952511682 -0.000504107302069477 -0.478772341778381350 -0.000583148100626373 -0.518502448264828164 -0.000705926604955787 -0.557187701419841974 -0.000778821661395911 -0.641124427670775932 -0.000820442471390330 -0.663535168008498655 -0.000921539539439446 -0.744499171292799744 -0.001005428096995106 -0.794204086905609619 -0.001040135224333311 -0.759460137430784554 -0.001216956759818570 -0.605395598349921293 -0.001405917872812932 -0.514996114952552042 -0.001526852303661631 -0.293398928675436821 -0.001767191035015060 -0.088136911913551289
21.375000000000000000 -0.000676920928768146 -0.117265071125722001 -0.000711412339659296 -0.218287154119961135 -0.000703836634796860 -0.241640554383248080 -0.000703527589599934 -0.275389727531916650 -0.000713878188752308 -0.302697036287623400 -0.000706100667971595 -0.367046571335040983 -0.000706629546110793 -0.326496055963410969 -0.000735781588183579 -0.400771000078862516 -0.000796164991248299 -0.406120403553619447 -0.000805991095163604 -0.365110593032758002 -0.000905101812391787 -0.379817091447049948 -0.001026444142967075 -0.442645724230464499 -0.001144187971856092 -0.500879138468693474 -0.001189325803879576 -0.558989322319731197 -0.001260771426812805 -0.645959730705303548 -0.001358610099370233 -0.682647964615735958 -0.001400532239348096 -0.652884742551313568 -0.001532942426049835 -0.547086630962336118 -0.001690564440877864 -0.463876467910887491 -0.001817324612983694 -0.278384452253382819 -0.001916492670550440 -0.106626578750139769
21.625000000000000000 -0.000511062036568652 -0.141686285084790559 -0.000542940388501889 -0.192513113119094831 -0.000563109984641364 -0.212921149011596450 -0.000564965440704332 -0.287403579413170518 -0.000592686596821450 -0.333919756431291348 -0.000576004990698425 -0.394681620766968499 -0.000621531658449107 -0.346049303534090247 -0.000654374926062519 -0.393054743396912265 -0.000732063829080515 -0.408426748394842165 -0.000762630557466747 -0.330203925904459517 -0.000893971052022061 -0.246902216514864520 -0.001095906203739296 -0.324511798562894416 -0.001224012576996793 -0.401183852082059311 -0.001283311646108260 -0.411643912242360632 -0.001368173441782990 -0.547726932558383006 -0.001477911651158320 -0.570249163934055225 -0.001532558599634472 -0.528217702937614497 -0.001690266290878991 -0.463644368890838987 -0.001880733189538293 -0.423006416853794920 -0.001980208967174698 -0.293945128344987539 -0.002209141218088987 -0.132068732160579544
21.875000000000000000 0.000051417390222872 -0.136107804420553591 -0.000039780539782847 -0.176795175169439905 -0.000105883186659462 -0.179741774956357181 -0.000128935949216226 -0.259243463713815347 -0.000182958086070679 -0.325176069346644669 -0.000210084061253298 -0.349217017492833348 -0.000260330731211072 -0.292287263651724583 -0.000346433146060421 -0.317296233284728058 -0.000471891096502421 -0.316814068974395624 -0.000534765498420965 -0.237321587639599013 -0.000709742204908098 -0.195916089620187917 -0.000932279984961638 -0.251241012920039475 -0.001103746897540522 -0.321611934265080113 -0.001217904599472624 -0.349748182201476132 -0.001318933979770929 -0.436590059176527767 -0.001452374780356042 -0.428186013553145339 -0.001557676686654603 -0.410008143269629033 -0.001795160874339588 -0.372371196424047646 -0.002010852296836821 -0.369650721489456047 -0.002141726085247987 -0.268982873386283516 -0.002372139358203829 -0.094097691005920470
22.125000000000000000 0.000176971778393195 -0.134646998614696867 0.000024307647740561 -0.140286985720180057 -0.000087273557751889 -0.165135834846424440 -0.000130542059407773 -0.253965222568920401 -0.000180396539315028 -0.310259084424912401 -0.000227605275285810 -0.342108934749372429 -0.000268414424244434 -0.299307053046441562 -0.000421964156342443 -0.302026753871248499 -0.000537978266748578 -0.312512692790293922 -0.000635578567559683 -0.238759082707937109 -0.000808549043654823 -0.173411123039336035 -0.001031012497398542 -0.241652168631844994 -0.001243468364870892 -0.294509436856751683 -0.001378629682151091 -0.285105687473753422 -0.001514590500121619 -0.297038054404884455 -0.001722532163299853 -0.311191422584197352 -0.001893289067555221 -0.322867701072912239 -0.002176524663070433 -0.279294341832254545 -0.002468578673398526 -0.307667771531501710 -0.002656147954054421 -0.255424722460055154 -0.003106617516486653 -0.085124097890175471
22.375000000000000000 0.000410951267581158 -0.143247436429814023 0.000212976725998939 -0.122678808209885984 0.000055963797762455 -0.153668780926646847 -0.000027327433791768 -0.222544118322069662 -0.000123087648602662 -0.293242055626131592 -0.000192750469733853 -0.345776214579720909 -0.000253653225463617 -0.301052881106149195 -0.000406982867891474 -0.322281404408322925 -0.000551561674590890 -0.327011638339621769 -0.000679366032713185 -0.260485229703174004 -0.000877861379328100 -0.208120133139367475 -0.001099091423093222 -0.254527016073415935 -0.001342928256523267 -0.227855645565546994 -0.001528785633322512 -0.232708707346415911 -0.001705983233533492 -0.205099307095302247 -0.001945576958381774 -0.221031280283478959 -0.002187644957493102 -0.242485513427204452 -0.002503104585616920 -0.222728536630821233 -0.002772508922886983 -0.312528540289489343 -0.002974574256926330 -0.259994719311049449 -0.003458864710778484 -0.084793187042047011
22.625000000000000000 0.000719434954706963 -0.132847566478838136 0.000519247856672750 -0.074510289878460825 0.000372002637229168 -0.096126979165089083 0.000282091485395292 -0.111859176358496445 0.000161504935167087 -0.168630546214386223 0.000063780021415636 -0.201385983593416446 -0.000024643005145083 -0.182799641201405710 -0.000196925151472203 -0.188041324217923245 -0.000354426333222190 -0.225918329976089682 -0.000496577038474546 -0.165060138654298305 -0.000736827247920242 -0.093737026204399221 -0.000945799691119194 -0.144003291068269840 -0.001191226252242591 -0.121110526442828506 -0.001369119258302069 -0.091033602038284617 -0.001597277257940351 -0.050262342756630496 -0.001839286711208086 -0.005029768382275643 -0.002117473392321858 -0.041164374567425756 -0.002487373607563043 -0.038050497920326894 -0.002842291358434832 -0.107804928602807729 -0.003116894505561020 -0.171925742029285900 -0.003674767443279942 -0.050696581850097587
22.875000000000000000 0.001161149434142408 -0.133355099434235985 0.000884277771876859 -0.071110248837604528 0.000738316714503163 -0.060528957063043197 0.000616238124733019 -0.063023334167183212 0.000482020252972157 -0.088573387858868091 0.000335104475599937 -0.122613944077853587 0.000221243455653135 -0.120504198008828722 0.000029079568956442 -0.142828065314753033 -0.000141394076567008 -0.144327189635869213 -0.000293658828932272 -0.140238800412741005 -0.000529715120165618 -0.108511892089799278 -0.000706423435830170 -0.128706775806165297 -0.000972124714760283 -0.077813869222799148 -0.001194459521228588 -0.056638683080909462 -0.001437524299685784 0.016948973245431105 -0.001702839793946671 0.103739757747899980 -0.002025746736857211 0.025262680423277704 -0.002423173033225772 0.033778472352864228 -0.002788423472646713 -0.040600656275729743 -0.003137248457048385 -0.142524605236977159 -0.003517388653786364 -0.041174728246733926
23.125000000000000000 0.001563177038631309 -0.131643580046161945 0.001261214266164437 -0.043389945737736552 0.001098178255298614 -0.018075780023864962 0.000954247438430508 -0.015066864796110904 0.000810403071072517 -0.030354724091027529 0.000667525132193864 -0.078397323475189129 0.000553147337042386 -0.149797502407011340 0.000428890351283240 -0.178065878129819166 0.000297100777060185 -0.176791785024114245 0.000180814240029006 -0.184073545842729142 -0.000028965696947496 -0.090987688362646840 -0.000170570402727448 -0.125221436448151618 -0.000404889852678265 -0.066591434713838049 -0.000603774687050373 -0.022349712288933451 -0.000872307657320114 0.109097531739735742 -0.001154062838254063 0.154038450719544390 -0.001534097700704242 0.149234951919220732 -0.001916066410094078 0.136429758379472937 -0.002319482484787192 0.083783980237567598 -0.002806863290017518 -0.054893424572728264 -0.003460745614845080 -0.034550505877120420
23.375000000000000000 0.002123841989807319 -0.140167120193254641 0.001820629087109691 -0.061293282948009738 0.001654087869699867 -0.021898876931874710 0.001523472632200041 -0.017514929812844190 0.001387544873419806 -0.033999142288912043 0.001246783776932314 -0.064253473043898654 0.001126984961641063 -0.103067940666990654 0.001067531967471761 -0.172636706855627931 0.000931490307422006 -0.175211573523917530 0.000828734654841554 -0.201500208539146242 0.000656333599647298 -0.121114460117637240 0.000536349391130876 -0.105359107807935087 0.000337214016798627 -0.035837278365980434 0.000146506971272703 0.005610517966536036 -0.000106419462541765 0.107952632607425034 -0.000375020766673107 0.186504044185633766 -0.000720615630476723 0.185418614595086850 -0.001151854273793748 0.190794125585344476 -0.001530502604679802 0.153438293553270960 -0.002083308487655171 -0.033259359760254237 -0.002740602291890086 -0.048003977530970111
23.625000000000000000 0.002740127040105828 -0.139593919487386947 0.002357289676478894 -0.070714647549426884 0.002130845360144560 -0.053151539767384806 0.002019191741725129 -0.053175614559190232 0.001864948550996737 -0.078222594802167603 0.001723106985703040 -0.094938594042402041 0.001572919168937916 -0.170137196790034390 0.001482435624141196 -0.229295529158402650 0.001341526702560559 -0.240497061720344130 0.001252548123338848 -0.266136882252796358 0.001143191083202691 -0.191842594614408612 0.001062739984364195 -0.146458455575988050 0.000891448320348218 -0.093737972343882370 0.000718561016937497 -0.027645823162145158 0.000496832152616837 0.043568534038087157 0.000224506553753168 0.128271908707711796 -0.000137082057307280 0.183871606320472780 -0.000582795234278425 0.207909145152025299 -0.000988493560726565 0.206419715205975046 -0.001576292996402405 -0.015999986171770675 -0.002086538712012487 -0.070344046474036026
23.875000000000000000 0.003077033126984191 -0.145183952994128784 0.002662346552185307 -0.097173469350575609 0.002401557651837542 -0.070504764954962926 0.002260287434233500 -0.112627693790178590 0.002084570981287919 -0.105833977620300876 0.001930473332893537 -0.104032131535343117 0.001767346200387652 -0.197546485371417113 0.001649746613148031 -0.270582661495876675 0.001537062904926436 -0.290643911332722882 0.001458126473302832 -0.341358216999655961 0.001393334512793671 -0.308471527140295965 0.001310520993782881 -0.236285396729205510 0.001160981967968501 -0.170047859501890025 0.000969325823127428 -0.100995092090334679 0.000766995955010984 -0.046871622812505787 0.000494718994060100 -0.000581336579869432 0.000105290537352342 0.136345545602902518 -0.000383885748159171 0.156287470327157924 -0.000811075711171398 0.145627099043185521 -0.001394748129821863 -0.006724317783789076 -0.001782392602850843 -0.102176653600971987
