# Index(['mlt', 'mlat_eb', 'ef_eb', 'mlat_05', 'ef_05', 'mlat_10', 'ef_10',
#        'mlat_15', 'ef_15', 'mlat_20', 'ef_20', 'mlat_25', 'ef_25', 'mlat_30',
#        'ef_30', 'mlat_35', 'ef_35', 'mlat_40', 'ef_40', 'mlat_45', 'ef_45',
#        'mlat_50', 'ef_50', 'mlat_55', 'ef_55', 'mlat_60', 'ef_60', 'mlat_65',
#        'ef_65', 'mlat_70', 'ef_70', 'mlat_75', 'ef_75', 'mlat_80', 'ef_80',
#        'mlat_85', 'ef_85', 'mlat_90', 'ef_90', 'mlat_95', 'ef_95', 'mlat_pb',
#        'ef_pb'],
#       dtype='object')
0.125000000000000000 -0.020014547630189644 0.391675986064174142 -0.018098033409028446 1.003054506857674388 -0.017313245614365477 1.463983174234324114 -0.016739220836928480 1.765226398777574701 -0.016190525187065093 1.917805828630954501 -0.015677171695236625 2.054589295584460462 -0.015144302714205993 2.081162347930998635 -0.014587690273066280 2.046271757187725804 -0.013966696583511249 1.958082793483999051 -0.013242751716355835 1.870300259148148347 -0.012423262639560114 1.743387928791488406 -0.011476864477405202 1.704118647220031590 -0.010455219240083047 1.662654052492777312 -0.009311847551132672 1.631515197001631723 -0.008096198809937637 1.598183784567534849 -0.006856214355473683 1.501686282474115286 -0.005589380417785383 1.432354341718797164 -0.004241107637792189 1.361107684989445898 -0.002803832750827173 1.239843648650425179 -0.001345392881143556 0.985355223836016259 0.002056616491797586 0.421982215219475210
0.375000000000000000 -0.019639649481051027 0.384670898984115994 -0.017622318538232717 0.994338727049130400 -0.016805685191668879 1.467552227440313883 -0.016214179142255803 1.776991106030134215 -0.015658483918225392 1.930148965555548157 -0.015158010951994037 2.068329424555555907 -0.014629818037321798 2.095142333576309301 -0.014080470533058753 2.067936727244262585 -0.013469108820345146 1.998212899553285293 -0.012762965165923084 1.903884091419356883 -0.011973569799403215 1.769429268794135535 -0.011053897035549777 1.716906327192258885 -0.010045794419795685 1.643079253325085975 -0.008950698989199353 1.583919584204845021 -0.007742856153850937 1.517624753934836868 -0.006458687765800393 1.449747972722007505 -0.005136920870138618 1.376222782381560705 -0.003729539077866561 1.309690603157329658 -0.002243600797907490 1.189249059655028473 -0.000743239885091271 0.963537688490493038 0.002831776770949505 0.426755985090396583
0.625000000000000000 -0.019482875528893814 0.373085633057544774 -0.017355058326814110 0.954197460731393776 -0.016507603753074467 1.443450377070709889 -0.015888409804430213 1.765801882137894907 -0.015328353415835232 1.918630754517147263 -0.014829735436004072 2.058965551429314811 -0.014311314839859951 2.092936361613559004 -0.013759936173026238 2.070351208209071370 -0.013146301384388291 2.016077525610886489 -0.012484704671919936 1.930816725801350442 -0.011734034956191223 1.817435387506890931 -0.010864796998710334 1.757642706683056888 -0.009907849653130560 1.665416602864391749 -0.008833118569438931 1.580250925889538083 -0.007661950552141327 1.468008540040580678 -0.006402418751925457 1.406644758814245666 -0.005094060978295223 1.348987483053917247 -0.003682893368879229 1.278307274002470129 -0.002267598283860403 1.148893334193512583 -0.000705686660383356 0.930268338799349781 0.003004195751023615 0.419216910013842259
0.875000000000000000 -0.019405987538972793 0.381501181382367605 -0.017246103941649264 0.948981121896721125 -0.016358455761884914 1.437665164242832638 -0.015726354601356206 1.766605417014021073 -0.015168031986771470 1.935870519764001152 -0.014672368272494799 2.079691475860096617 -0.014162169615403505 2.106108929058810642 -0.013620555119197821 2.099990496161376896 -0.013023457620817847 2.067992638373659098 -0.012378198757719439 1.984895018601919636 -0.011638337278553956 1.881472657559993378 -0.010803133654774867 1.807815413574620944 -0.009887332226356701 1.709127327912414618 -0.008864312038871572 1.603937006877447224 -0.007742561116216565 1.488138508700801221 -0.006472376641196739 1.412691470098642821 -0.005154051708765700 1.346558910694260147 -0.003760080494640416 1.251394059583438745 -0.002321535676489167 1.112565872267399891 -0.000709256088602381 0.895693116616687046 0.003485704884240205 0.403972029783411124
1.125000000000000000 -0.019213659506572108 0.416999024845348509 -0.017001451636277493 0.973438033402000080 -0.016069791485059499 1.457490521320021326 -0.015405822447789356 1.786128614013794413 -0.014821061113071339 1.953244383447074739 -0.014302043560272365 2.107888682223689081 -0.013775963116568235 2.141757624960931583 -0.013224554527088227 2.156249351042069495 -0.012634851049402030 2.130631283657781427 -0.012020547854738490 2.062442710087171172 -0.011301796580331397 1.974863799388244523 -0.010521935603965533 1.877140166483816985 -0.009640732620580121 1.762899237439627953 -0.008662310149394694 1.641903798277851712 -0.007573191684806233 1.531513496844214339 -0.006326647712838530 1.446555592761310738 -0.005020524014302641 1.377909708527490951 -0.003626329330881152 1.277721364428637818 -0.002211923511356721 1.128799822705677691 -0.000565634349280563 0.896444731277972306 0.003791209258257869 0.414311423853956251
1.375000000000000000 -0.019012419177341054 0.420295491469637295 -0.016793314277683373 0.953518890701525512 -0.015863087630359093 1.443635901575998970 -0.015190018826567262 1.744926387881443386 -0.014615134091729730 1.914472488706644215 -0.014092483885416788 2.068849713984002303 -0.013576129649841085 2.106531621232898832 -0.013038240035795082 2.122628335184487014 -0.012472655665411742 2.116510586971456220 -0.011874435719012300 2.051552599081349459 -0.011191192943838650 1.956007997279778809 -0.010468146146530678 1.862812077572991720 -0.009645420242384933 1.726217053430013193 -0.008702032476984384 1.593101892787270213 -0.007674514271766342 1.474353846640712007 -0.006455588467859990 1.400847436551028391 -0.005196326670656509 1.299840937575576394 -0.003810226740931146 1.213316249335069763 -0.002456214014068510 1.085371811987077217 -0.000909122848316699 0.858834231129233627 0.003830588978023578 0.415082779496657173
1.625000000000000000 -0.018965043093656809 0.434308069601771096 -0.016739933450825001 0.942720159295667881 -0.015774483090831508 1.412555885979833059 -0.015088554901072396 1.718607192356292446 -0.014512072733736978 1.898087340215411478 -0.013976428394987339 2.046315787365570849 -0.013451979006395623 2.095468826158984665 -0.012921257583217188 2.124276058828945768 -0.012363754356170232 2.115328796880476148 -0.011782522149101304 2.064262638383389081 -0.011127370368184323 1.977352711393814522 -0.010430106211597198 1.904534993424942924 -0.009664332637922598 1.763465361050507552 -0.008734737200670863 1.635898777809025262 -0.007763453270393262 1.532373072442744233 -0.006638691124995996 1.430814651079196587 -0.005445685955851928 1.316047616255367370 -0.004112403083042604 1.206585236621011248 -0.002753742252516522 1.089409136046236570 -0.001266056890871926 0.852396097754848259 0.003242059239656832 0.409987161705618330
1.875000000000000000 -0.018998022297471599 0.424053258304296909 -0.016765041907274025 0.919158053788545870 -0.015778234132288418 1.373570286896583781 -0.015104231680681639 1.668311592132080801 -0.014536964036481807 1.868727199985647847 -0.013994352146828783 2.026130920028539339 -0.013482676924783834 2.065118107174162887 -0.012973975183108508 2.097706755752120067 -0.012429107469349956 2.094112098007902656 -0.011866833078221518 2.047463420928896660 -0.011246916318249105 1.959766179378946704 -0.010569929369167876 1.877473763327307976 -0.009805319717428951 1.745768089793072742 -0.008916595504204664 1.621099573177498865 -0.007969191348078521 1.556097686587180284 -0.006892906107234798 1.461404041308996815 -0.005758226139716374 1.331740036443350927 -0.004480633763277700 1.208575727974677383 -0.003138987764948768 1.084416274762306953 -0.001714108776486035 0.841754937109274737 0.002827780731807182 0.421929599235321806
2.125000000000000000 -0.019125250993381086 0.441286205698385003 -0.016925866467467281 0.914516175780036300 -0.015934726841964876 1.368652139303043525 -0.015260685990600374 1.638889607564489648 -0.014700257815982833 1.859307646552392335 -0.014168986128965298 2.009119320953242305 -0.013665993761312075 2.060188330139918644 -0.013175093074206605 2.096008020220693435 -0.012649247659799660 2.087566426225545779 -0.012127055270156275 2.049410073986754455 -0.011554995819315473 1.953876597944914639 -0.010904836509594076 1.871968560057388764 -0.010172865058923789 1.727169213476389631 -0.009324340897217655 1.598323134871606932 -0.008381753338194471 1.513809798640735282 -0.007385160500738373 1.425459057958545328 -0.006281100029835955 1.294566961535645655 -0.005035556402547858 1.179910139744382302 -0.003773461558650841 1.045949139095099900 -0.002359113434953309 0.821501373262252144 0.002101769627317298 0.426562382873945767
2.375000000000000000 -0.019200159814851611 0.427931563835813877 -0.017010048131083391 0.873721693015008238 -0.016032268402526730 1.315409823553099322 -0.015395431374028856 1.576434188516458779 -0.014861266663625240 1.820198639811295038 -0.014356527444230929 1.961351623591315541 -0.013888053070952420 2.012231566970373198 -0.013413724226834281 2.052419098549315812 -0.012905353099734706 2.056298004217908648 -0.012416227375719157 2.025472351312030739 -0.011893256547290659 1.953605682389117248 -0.011288116566378167 1.863729516996988522 -0.010615587553914512 1.726090761077547775 -0.009830325041979488 1.577832840638578649 -0.008968690343628728 1.468136979610641601 -0.008041022268291847 1.383703814487558859 -0.007021741039924542 1.255559090941419154 -0.005914087222207427 1.141555690780929888 -0.004726712266902207 1.013722187174802114 -0.003277074916512208 0.796890490164611776 0.001047325752690568 0.434377838511527781
2.625000000000000000 -0.019700956666265264 0.434746236222616655 -0.017485805482408329 0.851629559302665040 -0.016481261988626792 1.280457604380715209 -0.015861553825468486 1.560841672259877022 -0.015329079323405262 1.806284439259224328 -0.014848536553191636 1.943155359141962579 -0.014387329284656978 2.001344237255702652 -0.013922780881163657 2.053850350746466713 -0.013419475014017435 2.060760989521627451 -0.012954091168895837 2.035729234837222013 -0.012442511847305967 1.952304100883864635 -0.011872556390090048 1.864464993701004714 -0.011243899483253801 1.740809062853046818 -0.010509831663752790 1.594096003710863796 -0.009692907061412450 1.469692401820234195 -0.008877834972923011 1.381103273491158356 -0.007936417394154389 1.262053870883108386 -0.006913007881004447 1.157093258860444784 -0.005835325548166713 1.002898153280665117 -0.004360770125332359 0.800361603786307274 0.000189642764128597 0.449116144292623809
2.875000000000000000 -0.019793040851426722 0.440293730752482293 -0.017651026864670880 0.834808128495674318 -0.016720248152627487 1.255037312690660878 -0.016143375718561736 1.507002236218794256 -0.015640966125114866 1.725747639342559481 -0.015185008523428906 1.857352865071543846 -0.014743342286879969 1.915207264634262163 -0.014296107497031202 1.956187690376062882 -0.013805765798733593 1.964009494367019881 -0.013346513072282500 1.932588681242997763 -0.012860534030599440 1.867549860546827034 -0.012330358390716424 1.764903403349664224 -0.011731501349577792 1.667784646537977977 -0.011101665667474456 1.544561460866489710 -0.010364167031888850 1.408980999443369964 -0.009650318468458092 1.341168061654989252 -0.008806030408092934 1.212054800600017135 -0.007863352469485956 1.114714439231943022 -0.006909119435708221 0.947299039087087125 -0.005531277771293889 0.766779376818401137 -0.000662280709724236 0.465738971089775189
3.125000000000000000 -0.020060566000138964 0.463070206595649847 -0.017918768887964894 0.847766310504396881 -0.017013580421098403 1.221386013032190965 -0.016454852971409566 1.484678404728079437 -0.015990884325087155 1.695377639306055340 -0.015537183208605488 1.829377654247889451 -0.015115168116100048 1.866534150216137222 -0.014692713517031004 1.910801892743971386 -0.014233054113042704 1.909915238170648788 -0.013792952097031155 1.877403000395911237 -0.013333432297798124 1.800079319361936880 -0.012828868762120763 1.725263749784247125 -0.012272942738811347 1.613619710578943600 -0.011647027487308757 1.501723526112635820 -0.010977461391557593 1.405943105884996713 -0.010297386903321748 1.300396547904973055 -0.009536789130974440 1.185673692559627179 -0.008707724799651423 1.073726568346744514 -0.007751996505830952 0.922021048527849496 -0.006395938364796495 0.739676938377133775 -0.001777627362332198 0.446581754961508703
3.375000000000000000 -0.020214234610141942 0.470158075126118458 -0.018111650321744482 0.834863574691089738 -0.017246335589733656 1.200422161868801796 -0.016723476319063679 1.462298527451864283 -0.016291046150390585 1.666723801043936914 -0.015859429044664329 1.797337956219441368 -0.015461283330836285 1.834424027626505360 -0.015072499690643483 1.867313359339313861 -0.014643651686245231 1.867139747032815045 -0.014228266252499549 1.832313770461903024 -0.013796894014525898 1.755625600798782271 -0.013334971623681262 1.673479877298903018 -0.012805018876615974 1.570278031682404318 -0.012239899319457223 1.464688827680225902 -0.011619769000524844 1.360354947945970228 -0.011001482675133890 1.263710772153649797 -0.010308080726269389 1.144818415588835903 -0.009522691699289721 1.035217752585734230 -0.008679990250600523 0.891008304107857030 -0.007375473828440468 0.718875185033587494 -0.002756463377125978 0.453871032283068521
3.625000000000000000 -0.020206175303377472 0.491161112579886872 -0.018187547365016439 0.831053370706459904 -0.017378197151698138 1.181303826851808569 -0.016883295324633348 1.438766604106971991 -0.016488889704462883 1.629632885592164460 -0.016089594941540015 1.750635281116202036 -0.015723816635583726 1.809075664692053609 -0.015362985619514824 1.837285902304525820 -0.014972951531317101 1.833471842494084347 -0.014583362018020339 1.794198827906282823 -0.014191730715236106 1.725927092910674032 -0.013772333365651307 1.656667092973356237 -0.013295576671254142 1.559018194204483843 -0.012784926354891979 1.453688465389258555 -0.012241099513148654 1.342243895176667534 -0.011689702032901688 1.242318852282841446 -0.011062855718638760 1.116215540868351841 -0.010374380110337653 1.007946989916877145 -0.009624193969113348 0.865684654372817386 -0.008406901074744420 0.704572681227652153 -0.003794146672237958 0.454775845589594552
3.875000000000000000 -0.020259223192038614 0.489607809119816051 -0.018272730289338259 0.819688317853423221 -0.017502105311613454 1.148598421538118419 -0.017055665532641918 1.409265698996445826 -0.016707980978966315 1.594861240311900019 -0.016344892031180291 1.715968659744822267 -0.016015369295486637 1.778436855602556488 -0.015691102594109843 1.803519015255763192 -0.015342314261896145 1.794441452799326653 -0.014987787881543839 1.761202295910931248 -0.014637803735508255 1.697562553205022029 -0.014259044850725730 1.628856691022805503 -0.013838671874988067 1.548823107651911890 -0.013385127872003790 1.429812674444376652 -0.012913116294344898 1.339623931705107518 -0.012441528872028158 1.235456198977820330 -0.011907493903403484 1.105823889193042753 -0.011321811816753685 0.996184555547006356 -0.010655412764584409 0.854634672233465564 -0.009520829285960429 0.691342680164712120 -0.004918910495266865 0.465008188334747830
4.125000000000000000 -0.020213152182636744 0.486171508851056366 -0.018217949269146688 0.800659800056302662 -0.017489131545653267 1.115234632945376170 -0.017074837562623808 1.370060970376794085 -0.016767237735519240 1.545806305771450617 -0.016446097113065314 1.669648402181791225 -0.016149482401535173 1.726826315029144077 -0.015863561429045079 1.759361575680252310 -0.015551583246053890 1.739519873809834749 -0.015224903703977286 1.704912882271225838 -0.014903768194415017 1.630720602838022337 -0.014561256497200567 1.572875512667519349 -0.014181827368630462 1.489720216546190246 -0.013765289331342139 1.376107528241809153 -0.013336420274752517 1.301267565940341209 -0.012915882587232082 1.190022536276779785 -0.012432457472731908 1.069206815188813886 -0.011894780154557040 0.961330656985607268 -0.011284521739185675 0.817783732232283511 -0.010209524874745910 0.664998233311852704 -0.005657276332653160 0.455671889176556322
4.375000000000000000 -0.020050700970969722 0.483685556198449995 -0.018045674779876862 0.794868000430961064 -0.017366434190651005 1.098935400160356401 -0.016985613151121751 1.340098699698947016 -0.016712875158866616 1.527715382284916101 -0.016419501743869223 1.654375850189389485 -0.016169725387234560 1.717652127680319163 -0.015921061256131321 1.756147570793710644 -0.015658020624147985 1.737276247984699262 -0.015367059362112051 1.698406800831333996 -0.015104534348978101 1.621694251358598127 -0.014805584534925855 1.564883752538095196 -0.014473897086798941 1.476524868674885305 -0.014114786097013662 1.374022926237130404 -0.013737703753477371 1.291854276558981329 -0.013355198098653001 1.167032673009896326 -0.012931068864861429 1.045030673248451558 -0.012441994429029022 0.929236138248391907 -0.011803237744220686 0.790445383243540189 -0.010710820870527580 0.645549720767372825 -0.006419461899741086 0.446285080691183333
4.625000000000000000 -0.020223021880852569 0.478939317040903145 -0.018134454314179156 0.788376215524717594 -0.017439652001569387 1.084298746860119955 -0.017074137791692732 1.335736465115105132 -0.016817647422152786 1.542080217361958994 -0.016555036166824334 1.686053029897473188 -0.016343299414988615 1.755907237180643454 -0.016137981441663597 1.791188777373422303 -0.015907252010951032 1.775680566226844448 -0.015662039922695870 1.747587464251626477 -0.015437550341934400 1.663609646283532584 -0.015178373413201385 1.602784748422830141 -0.014878145700553668 1.502691667347921589 -0.014532801108049734 1.387107453387216305 -0.014195139919613424 1.300425476655517443 -0.013839354370672328 1.165330023910999158 -0.013445998885410589 1.048343708346921144 -0.012970816782169018 0.923893476044422512 -0.012329284536616454 0.794125923559814151 -0.011236281798519359 0.644824295363343625 -0.007079651209338551 0.440454134815978782
4.875000000000000000 -0.019934488466525874 0.467289677508626156 -0.017839369662658866 0.774184684354650932 -0.017155534345896256 1.063091343003298661 -0.016822437106815885 1.311565027019062635 -0.016606093762923480 1.528821788181180086 -0.016398072490831254 1.684576222763419562 -0.016241708157636311 1.770071425547253385 -0.016092597807282377 1.814419281747440271 -0.015905428040774879 1.790305632287400917 -0.015712214912370150 1.759363993198643561 -0.015525755312384886 1.673400968415137635 -0.015322291363269881 1.615738040024791822 -0.015075986629918464 1.504917430657405797 -0.014790475999473671 1.374414694765036860 -0.014490696550132045 1.266898927413218079 -0.014167943678882888 1.143456757551530423 -0.013801979456740308 1.025636874967417400 -0.013338904804129130 0.903716946302676183 -0.012723267364568769 0.784577449822474793 -0.011678644542177772 0.640971086149957237 -0.007598044739785282 0.428751569329389681
5.125000000000000000 -0.019866553787964283 0.451992933218786808 -0.017781641254370886 0.753499719951389646 -0.017151928417436353 1.053262763870183916 -0.016864842938776492 1.294851131731482807 -0.016677825999794140 1.519019595789452115 -0.016496362005322722 1.682006426426171153 -0.016379245474994860 1.795016417454792457 -0.016273988550698396 1.837676130376366013 -0.016146712241183799 1.811689498679952992 -0.016005804729966489 1.775019062019052241 -0.015871725943803847 1.701763859081527608 -0.015708082115399060 1.639848484061610767 -0.015505914031980008 1.533304445877019528 -0.015272629824768449 1.394535818936089466 -0.015015703727735965 1.269776375655796485 -0.014737627391882991 1.158517254818222098 -0.014406843070101592 1.034138304083153770 -0.013986454651477367 0.916313529383490644 -0.013410589070229269 0.784224407096478004 -0.012348193019580039 0.640964568816469016 -0.008485474046304783 0.432686978110554565
5.375000000000000000 -0.019650100959584929 0.450748923710458160 -0.017595008856482269 0.742559117946366087 -0.016999714987879121 1.034214162285238103 -0.016730136698238800 1.284276799030170890 -0.016558552207317456 1.500800977806278080 -0.016426917154134552 1.666008157596573280 -0.016349456412300709 1.792310907530839881 -0.016294886446537926 1.828814653234733356 -0.016221791904147635 1.815113759431670415 -0.016128954568799796 1.779896199703551618 -0.016042944636802468 1.712329428919936225 -0.015932947669689494 1.639116682083853416 -0.015792717376656575 1.542435331676954569 -0.015627828646294837 1.401300860769003620 -0.015425873031356167 1.278197282351259290 -0.015205643319167432 1.161474411047154431 -0.014930124276365834 1.041697053181097177 -0.014551271464526247 0.926634804267701617 -0.014075668279889163 0.797006716621958766 -0.013125473566560235 0.647823515120393378 -0.009552066253513103 0.432212396091842255
5.625000000000000000 -0.019284168383707261 0.442450662207725887 -0.017263984737636583 0.737854709375800333 -0.016710441340567032 1.028075922659744901 -0.016485353220748455 1.270889310860247479 -0.016344972378491696 1.486744550437310020 -0.016243558381595774 1.652515959703581006 -0.016206161839394214 1.784968943558199683 -0.016179039367233743 1.827344604758171842 -0.016150298894631963 1.824161877527540998 -0.016099326728541131 1.793601314075175868 -0.016062450707063167 1.728960256739498602 -0.015999047286765627 1.653557341716896500 -0.015927044005632843 1.556771565748339414 -0.015823159918794384 1.413164709959682908 -0.015693968495876068 1.289643767920002349 -0.015519327144038817 1.170016179716883542 -0.015289029219034545 1.055860157423881951 -0.014972573879823807 0.944624837246104576 -0.014504203735161069 0.804260103036503859 -0.013606784125745461 0.653181156511205563 -0.010155522234010072 0.428565280054323872
5.875000000000000000 -0.018947063291476919 0.436517180482732803 -0.016893868962245845 0.737531442779476243 -0.016375745555734803 1.022057550563665984 -0.016191084949354635 1.267689356797424116 -0.016076330346919299 1.492342239987025199 -0.016016116655081920 1.665398312800577152 -0.016011097883893238 1.789149929559805896 -0.016027938832103860 1.837748017091143549 -0.016041761969592231 1.832620201362176182 -0.016041643286147548 1.806237034377503603 -0.016036561030537369 1.755543492954263929 -0.016015014643995643 1.667923371625470219 -0.015988042239862232 1.575469258190969724 -0.015921481529111665 1.423177066823958503 -0.015837202304418985 1.306425069869630251 -0.015718521196902549 1.184090502301905712 -0.015516309941564832 1.077568284397764309 -0.015221861504918591 0.966030194040316981 -0.014769349106924715 0.826486458262322254 -0.013890547156422614 0.659689527016874000 -0.010782291149738641 0.424975664840804956
6.125000000000000000 -0.018634339597724106 0.430041834333462158 -0.016535171887865012 0.724628940145792377 -0.016051877039584498 1.003860771201381841 -0.015902274842480978 1.249976632833730283 -0.015807428033720015 1.472530647479568744 -0.015774861781438821 1.647550819857213744 -0.015802986707966822 1.768188812476730210 -0.015845191155748648 1.819730155627854229 -0.015891526297448864 1.822833994355329335 -0.015929622905157967 1.791302275383878984 -0.015945967495022653 1.747747579799954432 -0.015964165903672715 1.661718415325158071 -0.015960948382644474 1.562815855062952286 -0.015929008636421986 1.432945422319468198 -0.015896183414728898 1.305561680608915864 -0.015814688310169741 1.194000078970557377 -0.015626095906944325 1.087734511811520033 -0.015367856437239891 0.979436148781887228 -0.014935609574606004 0.854911698274850473 -0.014096870283231491 0.669980942492123477 -0.011128149622219053 0.419797835420114229
6.375000000000000000 -0.018311408493200301 0.431220782617562415 -0.016287298689657771 0.723049921517522454 -0.015866961998691954 0.996396752445562695 -0.015756496840801507 1.258410877813308293 -0.015702349037892447 1.468785057203027211 -0.015719628622084873 1.650650941066672095 -0.015789005259403067 1.779362065212680921 -0.015876708735083078 1.828858767117385264 -0.015968109905239888 1.837588365115626177 -0.016050872950410463 1.799893268918738354 -0.016103210014105404 1.765847760965814750 -0.016154327128499266 1.673991408646411161 -0.016180980014038993 1.576633165109354806 -0.016196015789407596 1.448035973479569360 -0.016198951124184940 1.318062947779584215 -0.016161926904842285 1.213199808000676061 -0.016040055065783061 1.104546484662513040 -0.015784015125906405 0.993221234512508655 -0.015370603598405336 0.876820574127496921 -0.014616212633708265 0.679923093256863842 -0.011935918256186829 0.419283046117561564
6.625000000000000000 -0.018104501727905099 0.430122831840748787 -0.016165772472763126 0.697960105392798180 -0.015768462953093136 0.952571962173232256 -0.015684306533560937 1.211761772144975824 -0.015671296755817393 1.418018979882138542 -0.015724279810211180 1.599385067473158895 -0.015819485803718853 1.724788824162556633 -0.015924650472795024 1.769618327296603733 -0.016032970559700259 1.774444620109942194 -0.016145264322436789 1.743079318766538544 -0.016212028311798410 1.720900963229119451 -0.016289898692968527 1.626266315240240123 -0.016331264222691176 1.533944012757509467 -0.016375591956246154 1.411293685301878487 -0.016411642198790346 1.291196507921967607 -0.016398096991018830 1.193894546427057168 -0.016260014675338351 1.094276539611095833 -0.016024360141002489 0.988918755668018901 -0.015658116741510169 0.880835733120075459 -0.015003007639510834 0.681434698039136810 -0.012647555368379826 0.423236000296337012
6.875000000000000000 -0.017631233617453536 0.423836565200574500 -0.015845566991966046 0.672984456145587551 -0.015524043066734420 0.910815945167500973 -0.015510928439755068 1.154736216417644901 -0.015569310371672026 1.346794028834352952 -0.015634232566697860 1.510461604168600314 -0.015755680199124860 1.633557410256860853 -0.015886636282543744 1.683408634831434325 -0.016044997207402822 1.697357472920494770 -0.016182978191882379 1.658985919074695836 -0.016282902195602654 1.640942306836678855 -0.016392147402799710 1.561215421206250564 -0.016491728505979204 1.472594610757335776 -0.016583419748908611 1.361801869794657227 -0.016647809422765784 1.249686954577408970 -0.016673909937151662 1.162134803014892359 -0.016564889765823088 1.060985245321930615 -0.016419124355156106 0.972468591468161447 -0.016148639145994060 0.869013169932510987 -0.015534414410758448 0.670727909009546708 -0.013354387901640461 0.416831280660665826
7.125000000000000000 -0.017121927196399253 0.426971173051800268 -0.015507869333637386 0.647753095062043260 -0.015276804293552181 0.873950534362531672 -0.015324601873846898 1.102050643224066429 -0.015441741261182272 1.279860123363515401 -0.015544306181376880 1.421284478899004666 -0.015692294186206868 1.541346852810755896 -0.015837030136386973 1.592116724022601293 -0.016034809794478112 1.611146102936371838 -0.016194816151439403 1.593948869640247512 -0.016328185983248044 1.578759485327424938 -0.016457199895230454 1.499450768952596880 -0.016575028965119330 1.429353665682555841 -0.016695331231538102 1.330425822388215940 -0.016801370440233113 1.241330072467942580 -0.016883662424747821 1.151305269285297639 -0.016823936870497616 1.053170638074759191 -0.016732337472570316 0.972192552702642154 -0.016512838773279578 0.867652370481032054 -0.016014200452263254 0.669583933213886318 -0.014213236772982252 0.430282865175275475
7.375000000000000000 -0.016907558536283968 0.422568093976971204 -0.015411132473910729 0.622072920835263110 -0.015220881356910574 0.822955272063980670 -0.015296870097806330 1.039140857375198790 -0.015419699335420351 1.211711869936354269 -0.015568753535913513 1.339024847718019773 -0.015739328225354326 1.440057072430523943 -0.015901739407046943 1.496925179422078589 -0.016120737587748048 1.517253458714635572 -0.016286014643749739 1.509387287991449611 -0.016420026429524497 1.504265209035657191 -0.016559273916313830 1.431248124913413911 -0.016709089136271272 1.368541329603103485 -0.016830481653633749 1.277211938602606400 -0.016951601315212329 1.203491572585109859 -0.017065715776613692 1.109962173292406540 -0.017009192860717878 1.015430177011768409 -0.016935319059327235 0.942588116100569695 -0.016736748261183501 0.846859687500323366 -0.016279929886763973 0.651735730851143558 -0.014567227803464228 0.416220856121325811
7.625000000000000000 -0.016837850255947681 0.408601526479431709 -0.015398942674837272 0.590965040357427362 -0.015251683707374335 0.791736486778351956 -0.015411490949434743 0.981033220936354811 -0.015594873530100117 1.143679327224773612 -0.015766334877406831 1.261287790715572177 -0.015934657751274249 1.358269703050256183 -0.016120191497143069 1.415464293947832131 -0.016345142826158184 1.439053323341273671 -0.016520073187526692 1.422317568871815929 -0.016655659356529885 1.419931646124903857 -0.016792627896006870 1.368332569881523852 -0.016906704001020834 1.306235814729761247 -0.017024099221626638 1.225257291984301444 -0.017166220454285272 1.161870924218464163 -0.017295470329764653 1.076362931918705801 -0.017252725699748679 0.986407656290934187 -0.017161288706635521 0.916802040699719378 -0.016949087976215051 0.824908372051065264 -0.016493983297544913 0.633310409752653514 -0.015209070896760626 0.407864132519471623
7.875000000000000000 -0.017060655201851006 0.399464749142038167 -0.015610201826658064 0.563875167283649947 -0.015431850495747357 0.738516228605925806 -0.015568845919220175 0.912787110310902983 -0.015744577137408403 1.075414183983126160 -0.015958880708318548 1.191286231318247957 -0.016137482604741394 1.288507291654118703 -0.016335969479770420 1.342861750047486424 -0.016554980428038296 1.364127553205864096 -0.016748907431866883 1.349832464781665520 -0.016896626744057862 1.355055544079397212 -0.017043664316042557 1.305944343353312886 -0.017159003497746610 1.253621280586652453 -0.017268344064252865 1.181590479772004265 -0.017405718356218965 1.129263286418389578 -0.017532858234493645 1.043012914743471464 -0.017474683622324131 0.960269172512539071 -0.017388456160159420 0.880814035569824072 -0.017154423105961908 0.799511757153805513 -0.016708283527631738 0.609467849082110935 -0.015416191003805113 0.402569805169453565
8.125000000000000000 -0.017308712075937538 0.388468890708753234 -0.015843800340339446 0.535839911689026782 -0.015626083817997273 0.693179731699578472 -0.015738948777572266 0.858087017865620472 -0.015927123917089107 1.011999729692897976 -0.016147323793986552 1.115124958333326699 -0.016306779842427614 1.213618920304696314 -0.016494216290062098 1.267005780597980413 -0.016711136756060126 1.303496216007206554 -0.016901004394885420 1.290032370873322787 -0.017035877652068137 1.288246025224776270 -0.017180640209330699 1.257565001687522610 -0.017291354458287986 1.196061862296160738 -0.017400772332721654 1.142366946323308374 -0.017522253313759763 1.085667195193564583 -0.017599682636670153 1.002452645193683045 -0.017531754290881489 0.920754779013875591 -0.017384736492025359 0.845042222831919765 -0.017108195430722777 0.768183285331886068 -0.016612689956217806 0.587301452084226461 -0.015318776412790718 0.404697155989461488
8.375000000000000000 -0.017513437459387167 0.382646290608277984 -0.016189633400834062 0.514984918720130525 -0.015915455635705063 0.644978518749044105 -0.016009493595355861 0.795913988968167563 -0.016186423265701834 0.937100205058597813 -0.016387216276442806 1.029659176995590064 -0.016530028356472506 1.121778337379131463 -0.016712149721114095 1.186364130257836935 -0.016926186841478796 1.220485221030796374 -0.017100083762794944 1.204580678804656690 -0.017249661109742714 1.200365651507525611 -0.017386825576995762 1.181561671671305325 -0.017487397251554272 1.123712860883397058 -0.017573635538449914 1.065514808007028469 -0.017658958525292905 1.025987959912800340 -0.017724456417973058 0.942061346239175701 -0.017648140618077946 0.870569793469179509 -0.017469127615889746 0.796671716098170890 -0.017202476803398658 0.718066717815592837 -0.016682292202366434 0.566399693235690949 -0.015755375017416220 0.395819707025551915
8.625000000000000000 -0.017450060637599882 0.374800466893212059 -0.016198729631059040 0.486181386323322584 -0.015874155931262863 0.594902375590579457 -0.015952132783936247 0.706801858034317942 -0.016103207772397991 0.845480592290803412 -0.016254366378314698 0.924507546487974396 -0.016363340760024145 1.009295646493241883 -0.016539462224399042 1.065006658102346293 -0.016725668615155551 1.105827953172878741 -0.016867178220622111 1.103973605916561684 -0.017009496286651483 1.099087298870215834 -0.017140277512774010 1.096291711826288706 -0.017231605782821752 1.048730806992004716 -0.017318640462778950 1.001593012873952526 -0.017389379547946934 0.965092388193062756 -0.017465767420201485 0.888207200175953449 -0.017338796322983945 0.818274326854490419 -0.017183733985742140 0.761102967390262619 -0.016946673242719781 0.675087582008147113 -0.016432213100023407 0.542132341704139820 -0.015377358028484361 0.399675044925026812
8.875000000000000000 -0.017234404108172462 0.363231834768130535 -0.016026203850531100 0.459044073898652705 -0.015617698253821864 0.554432313986013670 -0.015671854940959185 0.648741367209314634 -0.015791110151943417 0.763349849406497305 -0.015931605591658834 0.826026256128841285 -0.016071257309648809 0.908529443159137862 -0.016278194457964010 0.961858293009540954 -0.016495399315319428 0.999216041639443220 -0.016632781303636709 1.014044703019459925 -0.016783287675669941 1.013615722769887428 -0.016921923546987180 1.014883108599124784 -0.016983927526038861 0.968357355565119482 -0.017050286865128626 0.922932069314741366 -0.017113480757655591 0.901783594579268266 -0.017154963947781564 0.837392533315761911 -0.017069463656520168 0.769814515537957766 -0.016936208291149737 0.715884349834432943 -0.016752936644880569 0.636471256986400502 -0.016236596527079119 0.509236358743170414 -0.015185450985954266 0.380335392469718092
9.125000000000000000 -0.016279929816729679 0.370642187363692199 -0.015071462240460723 0.487304235388271001 -0.014707421258920519 0.598285006820209908 -0.014692287558039290 0.719454934455691641 -0.014768348127403326 0.831666054442704361 -0.014871966516801406 0.921808387719011302 -0.015031480636138333 0.999081761180104055 -0.015179949802679726 1.049548517997881181 -0.015354081191226750 1.074840395942853410 -0.015485001599686249 1.063420482551535207 -0.015655194965053215 1.071831229096262161 -0.015798157395756886 1.048174617077986870 -0.015895652317517411 1.011998163399354667 -0.015988799543080957 0.972463714349298569 -0.016118334216465077 0.933879947355535034 -0.016248507975670602 0.882085502018764789 -0.016216965207696183 0.806987068648510442 -0.016167822695264060 0.748047901391484804 -0.015988907537652669 0.677605732402388306 -0.015554617911895741 0.536300522105962463 -0.014183575963388843 0.385800087420204108
9.375000000000000000 -0.016144848712133054 0.363375600105948882 -0.015051230273493638 0.466332021987669487 -0.014631683667054010 0.562302983894207742 -0.014581632587631010 0.672399937137664439 -0.014672918867552179 0.773090514696175291 -0.014736212750217947 0.856476263344242539 -0.014898882495231887 0.929635706057747924 -0.015068420105094181 0.985300881896410852 -0.015261646671396584 1.010436080608842380 -0.015371689601335474 0.997999448676221368 -0.015540517981910067 1.003476083822509191 -0.015702963288373811 0.984541991451897802 -0.015808541563691790 0.956125128802712387 -0.015894990756984473 0.912100581826604362 -0.016028429263237120 0.878512259293805386 -0.016155350117520176 0.829749163389497002 -0.016152649367273078 0.764208588412205181 -0.016071606212292259 0.707592496558846040 -0.015902859112118160 0.633568301592454031 -0.015469278830557867 0.510793389615125881 -0.014372716882131866 0.372544012836420080
9.625000000000000000 -0.016052576294342955 0.358324338172305690 -0.015028491092718843 0.445579771748800646 -0.014570758713892625 0.523815609959504158 -0.014490173508221233 0.608568786538469020 -0.014553677491627627 0.704206191303535234 -0.014588370202927112 0.778949000691642301 -0.014738189857081573 0.846477596567682733 -0.014889759507806867 0.899209595504071091 -0.015063531557359197 0.927276402758953844 -0.015186767578017202 0.924966858723731855 -0.015359634108470641 0.931167912016356958 -0.015523013132824205 0.923436469349436462 -0.015666395865612987 0.903142939602143757 -0.015773642868418314 0.864017159182664862 -0.015932639296587923 0.831221923664653306 -0.016088752802669481 0.785100155032182112 -0.016075178710350583 0.720796259063990696 -0.016010924953535968 0.673852931567403002 -0.015858836729924032 0.599299373407571556 -0.015447505092230682 0.489639990881673481 -0.014464956117500566 0.365176429788390378
9.875000000000000000 -0.015850453869445270 0.356103949638106099 -0.014883273477087467 0.434833066386553557 -0.014410652479858262 0.503667796614825414 -0.014334541471415002 0.579319162898849216 -0.014396485802403602 0.657330317810147391 -0.014426281745610539 0.724372430022115266 -0.014581389933762167 0.787922481320205703 -0.014743911126223799 0.836727179610082028 -0.014953439750750299 0.864926053547743434 -0.015073853006538882 0.868315908743871434 -0.015254165896624552 0.876814629299896064 -0.015438610998048885 0.872144235666596379 -0.015601155250388984 0.859296414941169040 -0.015715087099078415 0.820737155997592116 -0.015899698441439351 0.792537941143508506 -0.016041041798825664 0.753037391338092110 -0.016037460624773438 0.689970484603932066 -0.015994080890351644 0.647760880960238983 -0.015893698474995679 0.572816858326142819 -0.015466277205898523 0.469178871113599127 -0.014539519325527677 0.360424109886460065
10.125000000000000000 -0.015716299679282713 0.357545152422872159 -0.014805225640718280 0.428328559172082290 -0.014312304998289650 0.491821190418968934 -0.014164905827303889 0.559726076782681159 -0.014179468916472258 0.631138642406586903 -0.014227782961789609 0.689098184923905732 -0.014385394090289506 0.750253040522452785 -0.014544771350485500 0.793428215589257357 -0.014739857146351188 0.821961832386570612 -0.014866798314099532 0.824542937023971634 -0.015051491502872345 0.836193065996856832 -0.015236049955621110 0.828759423204166179 -0.015389698095733857 0.829468953170156897 -0.015510276136934672 0.793245545899417870 -0.015707802236972591 0.765251301957766694 -0.015848766476550476 0.733034436332181016 -0.015875717822023461 0.677904649525008840 -0.015815756381915073 0.632240663020557370 -0.015713042556817561 0.558828787609874977 -0.015320821289129715 0.459266119702954501 -0.014403989985622654 0.361606480308821754
10.375000000000000000 -0.015628871785125044 0.353192700384794278 -0.014697495520419141 0.418370202284156667 -0.014159989927746310 0.473698656313598698 -0.013966699533783896 0.533094132468853954 -0.013946827550434917 0.602660166226462790 -0.013965640438769375 0.662954266743018827 -0.014075574238756484 0.715240156305708696 -0.014226682512247416 0.751656603088845521 -0.014388751330126509 0.776872228497604067 -0.014508128750254272 0.776581907024894158 -0.014705224830100829 0.797184019055213855 -0.014904309798811374 0.790102932123003310 -0.015075872501892008 0.790267775916979831 -0.015197964540474798 0.761115713738296562 -0.015397380885759324 0.729283370230586425 -0.015505712861077900 0.707171469547913656 -0.015528822475196798 0.652867106216506343 -0.015479047951038799 0.602479722470668611 -0.015316764859111678 0.536175037877580918 -0.014912662779861051 0.440106139987814837 -0.013941296648767483 0.354811704724950105
10.625000000000000000 -0.015244325368161487 0.350839836269406569 -0.014348147273264724 0.413625809387296040 -0.013722913298298077 0.459387887043921195 -0.013524724166791497 0.524192910351882757 -0.013511018278358185 0.573785667297580959 -0.013530129894307980 0.633353385630915477 -0.013649107239614312 0.682068939382598272 -0.013796891601642306 0.724737545003538042 -0.013956664002657160 0.743770665840753575 -0.014073478716219683 0.741528062873284988 -0.014286774706805659 0.763064788020299534 -0.014502700260504660 0.761605357906262270 -0.014662218990737236 0.770364763934710428 -0.014791258144517339 0.743776392110735651 -0.014974443447827021 0.716061818157379459 -0.015076623717291864 0.698869186897284056 -0.015118869803096905 0.644900522628340633 -0.015066309636153578 0.591384240609461487 -0.014901372562656360 0.531711838886540944 -0.014563993045925054 0.436640155045004030 -0.013769736810627367 0.363150185255362135
10.875000000000000000 -0.014759820556012918 0.352655040644340223 -0.013951471642336059 0.416701274607588490 -0.013297974834255211 0.450551225674905853 -0.013065684314252042 0.521277805119739424 -0.013000431349501977 0.562416047099777772 -0.013000735232067956 0.619162223398912692 -0.013146108540919011 0.656847956876321137 -0.013268908400435283 0.698927460921096810 -0.013431753668196801 0.715119119197816122 -0.013553300946865176 0.724992677180688161 -0.013777381980428851 0.744166265624176093 -0.014000461818177415 0.737274636511215054 -0.014184391460824735 0.750316913634514915 -0.014278990540106064 0.725322829287147752 -0.014456442752585931 0.695707802298191846 -0.014558232792387120 0.687060012644452489 -0.014595644909195011 0.633657203168485950 -0.014581558811723521 0.583294220128531382 -0.014420832737479291 0.531856026948346883 -0.014103016029522126 0.437797958858787861 -0.013262258226087996 0.375644151375557733
11.125000000000000000 -0.014465756838311559 0.361005477685030329 -0.013704240816045769 0.417604833406436171 -0.013047369482963441 0.447625085123125654 -0.012782180489861171 0.513370660530967915 -0.012677939007320586 0.550970847814587050 -0.012653902229447778 0.607497765960844704 -0.012796045531644993 0.642838681400042189 -0.012916774606159885 0.685448845487995229 -0.013083850320357145 0.705033239525688971 -0.013187710516060006 0.712892722020106784 -0.013348953017956395 0.740764843587944921 -0.013567250718399560 0.737687615334306712 -0.013737887077668839 0.753047245163975143 -0.013843551986824987 0.730571656398894431 -0.014022565306719971 0.701479409174180946 -0.014135512576271993 0.696446514383965654 -0.014210748154100429 0.634992412462854650 -0.014186200229191199 0.594023971760265779 -0.014032724617391955 0.545767793467421769 -0.013678367511612813 0.454607893187957357 -0.013028426093356017 0.389899162218716566
11.375000000000000000 -0.013976477698837971 0.360945835750470512 -0.013341646086262074 0.414988510605704075 -0.012683615013895175 0.443756242364649500 -0.012410851408783240 0.507382114526154004 -0.012259831865768680 0.531278138661009924 -0.012217439646626133 0.600767570156829245 -0.012365853638803891 0.627413570498107198 -0.012488235812600945 0.675227876262729065 -0.012622009484199328 0.692317264231079310 -0.012721890558383707 0.694339664396020906 -0.012889449359902510 0.725990801976733158 -0.013127910750420796 0.718239253729521021 -0.013300600144820776 0.743722461572175253 -0.013442350430999429 0.728324863109373832 -0.013665073855782991 0.704079905687811092 -0.013856260539932778 0.698704626431239761 -0.013978371517284545 0.642088697631531868 -0.014030489986968705 0.595410860503351347 -0.013915108471847792 0.549897772666421147 -0.013640133357237943 0.466023607856497935 -0.013086371892297893 0.383537573402730314
11.625000000000000000 -0.013228597038573991 0.358441805453319218 -0.012645106630473746 0.400475031878771148 -0.012028289311179592 0.435906013342932275 -0.011745060389817598 0.493942993728109681 -0.011557492596680163 0.510624168634771780 -0.011495850132065503 0.581992938564142248 -0.011650134667843934 0.609733511144151863 -0.011738570145350480 0.656958960631632061 -0.011875594312669640 0.675229595187018417 -0.011968236655026970 0.683923525513441821 -0.012131431425308729 0.713192035076666397 -0.012399478969706208 0.703959667495092423 -0.012583826639531462 0.733075616552157472 -0.012736278908665388 0.717275367189669000 -0.012997360881435520 0.690042359450866116 -0.013181677935966881 0.688199716296200581 -0.013339027523471630 0.636707747811928182 -0.013433018480431567 0.593357527509511873 -0.013332402597719180 0.543615474355535255 -0.013144695889954684 0.461194286526647401 -0.012648657161341340 0.380242256191689110
11.875000000000000000 -0.012406667888365962 0.351146660933930155 -0.011933472956353809 0.392231289667160921 -0.011346358250484846 0.419318448110625963 -0.011044948002724578 0.477996742382720274 -0.010824673995477365 0.491762196653868999 -0.010795814886701335 0.565337600487702763 -0.010955068024435112 0.580503739318922296 -0.010973969970222838 0.632916801289477249 -0.011125602583920428 0.653508763192155229 -0.011274430225246596 0.661291276270116635 -0.011475777690367069 0.695127100647725760 -0.011780790692223523 0.673563762705390756 -0.011997076539363469 0.710467097942217518 -0.012162374476420134 0.690693256158682489 -0.012455160147146366 0.672014557966236326 -0.012644264343406849 0.662580500218932555 -0.012850174001368590 0.612422668476192644 -0.012972752930821927 0.570363195136104784 -0.012877744211064999 0.529288345650215319 -0.012750611319967929 0.452173606043844378 -0.012595200404009242 0.373709293243553342
12.125000000000000000 -0.011625488837568710 0.348558028861117641 -0.011277264568040474 0.397818012686435185 -0.010837169672964530 0.428255161700123177 -0.010539020182378246 0.490626288404636512 -0.010362760040447999 0.498823847184472924 -0.010301716584586168 0.572453568046606076 -0.010430789060685087 0.581817186656440666 -0.010419754488695714 0.631816527868313660 -0.010568989396482223 0.667589368020694462 -0.010736641625191555 0.660753500956881457 -0.010965152781856540 0.692594421618654144 -0.011271212177094024 0.678368751660929803 -0.011546150433127688 0.720412982704396354 -0.011742476432975062 0.705446463013623681 -0.012068217416642546 0.677771474572119059 -0.012337647328633067 0.657797918749187471 -0.012574169027323827 0.621881901899015710 -0.012719306255334776 0.577556843074711113 -0.012657264835615967 0.531575167090481471 -0.012556412731150103 0.456573381224975594 -0.012485544173848560 0.378661111309928966
12.375000000000000000 -0.011064952922730985 0.355419572942313300 -0.010764994577067595 0.407839831045041512 -0.010351533078511253 0.447531032860243760 -0.010076801079990167 0.514564138367997304 -0.009979645546635156 0.533947351210899757 -0.009972336342838343 0.604435268361000144 -0.010127320959697716 0.615752356803532241 -0.010126960126497679 0.665485455788898173 -0.010309249705436892 0.691261659098178716 -0.010477544636897164 0.693522049703487409 -0.010714099475275173 0.718419212188865508 -0.011018486818396202 0.712897659845114551 -0.011286549908584706 0.743121073338947835 -0.011531520236744782 0.726282759550247348 -0.011842322703124412 0.700975935799872829 -0.012098584462359140 0.673345890277416315 -0.012330614652395577 0.645975161396899478 -0.012446566766851071 0.593924010840768957 -0.012389087246822613 0.550127825898187539 -0.012268003551312127 0.474097633830273812 -0.012224373355294626 0.393394517643773811
12.625000000000000000 -0.010901381750327893 0.353582746579977736 -0.010605685539963184 0.418478414901296614 -0.010268366407936000 0.462874688815175350 -0.010054096302003445 0.539097386958179214 -0.009997600233588831 0.554352542754624866 -0.009984131020993086 0.624353561744639185 -0.010173631735790965 0.640917411359045119 -0.010208442222992685 0.688418103552787208 -0.010399206272765967 0.723622429575334181 -0.010567717686473877 0.721911576516497622 -0.010778698157605364 0.748576857376492044 -0.011102698177906859 0.741816235937281632 -0.011378161075807948 0.764830728042101615 -0.011612916824055091 0.744282942315317109 -0.011877094281775828 0.722686303504086247 -0.012096280488861999 0.693654742619031928 -0.012332805871287654 0.667087035633016523 -0.012441865963887803 0.618882916128447924 -0.012392894101392793 0.566064926597438567 -0.012282718277493145 0.485621427743261225 -0.012209905419088202 0.391312478807866071
12.875000000000000000 -0.010548301750899380 0.350865725198227785 -0.010306764516901858 0.426057191087859666 -0.009986872489727404 0.473915515894114070 -0.009864746014320804 0.551938957754660176 -0.009882777853168713 0.584539559085418214 -0.009949811444178013 0.645391616858413952 -0.010148553804556554 0.662523733499472023 -0.010242611591983334 0.708916576402711551 -0.010444681459720936 0.742019507068883866 -0.010659155596188599 0.742297348730686202 -0.010908710909005010 0.761038459749260654 -0.011240762475388497 0.758698414906132212 -0.011538725706463377 0.768155017896889669 -0.011764765602173696 0.739499707827999120 -0.012044352502556234 0.723845142350902693 -0.012261297251996341 0.696671158330142370 -0.012525566047069872 0.660245187840054482 -0.012618618128844225 0.624156821043361010 -0.012569134178818926 0.573680781818196261 -0.012494140360574191 0.485650534240758824 -0.012606817544302096 0.388855030688629033
13.125000000000000000 -0.010223311777889757 0.347026057210941985 -0.009987771096456105 0.429078677178870882 -0.009758668317649209 0.489979524126382793 -0.009738350899420023 0.565588216978363811 -0.009789517186746250 0.609649512131780646 -0.009916067921332662 0.667077935277368361 -0.010135269893082265 0.685075652754005837 -0.010265155144584429 0.734657173768826333 -0.010509888037854867 0.768299190329782222 -0.010764124825712349 0.763632978386453054 -0.011015035850994009 0.783194422363187592 -0.011355292737536493 0.787497745898048884 -0.011628272421473698 0.794135443467458679 -0.011847568968751046 0.763604443434451774 -0.012120459879594824 0.749880550285092484 -0.012327266495048842 0.707998552322404051 -0.012601065629450188 0.677614171530028675 -0.012673605121801854 0.639268173818009711 -0.012623385005738905 0.577599468035740249 -0.012552752364694523 0.482936091624492081 -0.012795506819313573 0.371113635497527461
13.375000000000000000 -0.009809912104972776 0.343182800421895029 -0.009616803371560498 0.436566026295692022 -0.009465971809758673 0.499334302964198617 -0.009532123696946178 0.584254979207447067 -0.009641338599762076 0.626114292311428233 -0.009823404707865406 0.686110748593858455 -0.010095495924590213 0.708360918966366326 -0.010255883656565514 0.760046554120693219 -0.010554177987217937 0.793540957824573456 -0.010862274120990990 0.785503669262887727 -0.011138527293018240 0.807985873238929009 -0.011511881910067254 0.812916067220897043 -0.011808665119995185 0.812606501868104014 -0.012060898940508562 0.783057293810730970 -0.012350248540715550 0.776597844105275326 -0.012580196685894217 0.736214861486679473 -0.012868987384859296 0.703329269013562297 -0.012960898732819113 0.654517547905443586 -0.012964750392489864 0.580121514312688213 -0.012926902685828690 0.482201845291479470 -0.012877859297736565 0.362660712774408034
13.625000000000000000 -0.009601450888994875 0.345647280682218061 -0.009385068889311796 0.454227206206800238 -0.009328920519120093 0.523310591410181769 -0.009482338562787440 0.619593260123437961 -0.009647625451296254 0.668586996651117205 -0.009940137652779450 0.727839409465720566 -0.010256396621113117 0.760836460685439975 -0.010455730856927950 0.812689339974955627 -0.010757806154441838 0.845504643837445058 -0.011111222872253058 0.835623301105159033 -0.011424255667676728 0.865004700614411481 -0.011804369772683079 0.868402811258996432 -0.012119686340874741 0.869101008346526149 -0.012388737415765618 0.837639186195535013 -0.012681239204014833 0.836018651860218065 -0.012933038718223348 0.794990582050189576 -0.013223389160506693 0.758706142931560468 -0.013369803884542699 0.696236560275904415 -0.013386890313229137 0.609931789178834727 -0.013297657013952816 0.494726588774241138 -0.013137159095709026 0.362902817050141491
13.875000000000000000 -0.009688200784432003 0.346250309027667180 -0.009456663814923084 0.472442762892708756 -0.009420457345981360 0.553686482119906564 -0.009654418036464774 0.663743479906589440 -0.009880534198911760 0.719775856489009547 -0.010183021639710337 0.786866702513740690 -0.010535403920660831 0.824764283196770420 -0.010778266083347187 0.880657674532426715 -0.011101708750428294 0.907436984470395447 -0.011464112900493199 0.899683879851345236 -0.011803150239106573 0.925644038659765633 -0.012202545858535830 0.928712518650710472 -0.012503145474734573 0.928054826374657638 -0.012767224694274005 0.901728440229566885 -0.013061322008197013 0.895946089497153153 -0.013315084116228809 0.858983721513979059 -0.013625307954001024 0.820685608849238024 -0.013790876713870139 0.742103220620170534 -0.013827278871620972 0.645857967918842535 -0.013740029721440736 0.505402053580829569 -0.013390970393576064 0.384995934520713901
14.125000000000000000 -0.009973875406984647 0.349950838304516954 -0.009708408002308931 0.486374657628308116 -0.009726872177171589 0.576079356046793167 -0.009981122114610863 0.697289565981297543 -0.010202321145825255 0.766385313000871649 -0.010530626201688358 0.837923998564389594 -0.010888808349499396 0.876471979353853015 -0.011170017138841285 0.938371708111800373 -0.011484005267795392 0.961801724305069938 -0.011872149513000873 0.956433754502196254 -0.012224311486540500 0.984852813562326124 -0.012590739064778965 0.995401589920173246 -0.012916088975755727 0.989087311007169623 -0.013193576611349929 0.963643602792904064 -0.013468148772479498 0.962857303641790341 -0.013751507586022298 0.925116076534732712 -0.014082398742111736 0.883263478372124822 -0.014277264297059587 0.797296433120574077 -0.014333054910691017 0.683266236933336324 -0.014254614727399263 0.527864536458448219 -0.013971688465572304 0.402343807635309803
14.375000000000000000 -0.010135193981090345 0.348658558592527423 -0.009847687160698641 0.490398942490257728 -0.009909876985203488 0.596447114640092257 -0.010228597993247440 0.723231040406468240 -0.010498102529679393 0.800185537226727361 -0.010861211879606158 0.872558368683120311 -0.011240239331455132 0.912643406220734144 -0.011544647225460048 0.972194772646178929 -0.011874008998059703 0.999603394259226619 -0.012263700715462934 0.997238223086311604 -0.012620871713761769 1.036564513986196756 -0.013002024830578999 1.044245744713570234 -0.013345662568185654 1.044027092795510647 -0.013638082348183705 1.021283171792798150 -0.013926141314128957 1.018468923603979670 -0.014210392359746306 0.974819040665800718 -0.014524303149224699 0.924495958368030002 -0.014734675660967917 0.835049788763868595 -0.014833173924494444 0.707148507212280730 -0.014724673811821111 0.540252025674050063 -0.014337983744870702 0.406959501859006201
14.625000000000000000 -0.010556562164381804 0.347014262505259352 -0.010241168450072766 0.488208061444969421 -0.010333208644027106 0.603397303786428529 -0.010663891792495692 0.728116311805662719 -0.010943569538606927 0.815336899692165828 -0.011295304109386377 0.897514843516331262 -0.011699909606186030 0.940846550856043518 -0.012009588876938577 1.003576183240772357 -0.012363675898989091 1.039737998556793386 -0.012757942559242719 1.042879634906357822 -0.013108477394587623 1.084461690175896109 -0.013478117623586793 1.091887094063624941 -0.013817655360667603 1.091674519012693301 -0.014115246640483100 1.068157362044184211 -0.014409303517485596 1.065886145808654151 -0.014729443288250450 1.023193733227774738 -0.015057949526919065 0.964401618877240407 -0.015274783519871417 0.872899630939499516 -0.015433682168363003 0.727770320474672938 -0.015303031442198784 0.554069851255935331 -0.014757381996222950 0.408706486820840265
14.875000000000000000 -0.011167810706239435 0.353898072256693785 -0.010823922803879536 0.494632324711612004 -0.010952413435165528 0.618884572828471757 -0.011281712970683434 0.733679567611448813 -0.011582014048374150 0.835116620266343701 -0.011929159277761883 0.911067993700865553 -0.012318846849721106 0.966486617595567976 -0.012619094850436999 1.022041830077813351 -0.012962257075092139 1.063396614423985032 -0.013351659680840535 1.070912379764563660 -0.013679835654159322 1.117970237916184661 -0.014036800308180728 1.123084669438783934 -0.014367826404899911 1.129477316100246709 -0.014674212048712743 1.113665707905246327 -0.014962780057591520 1.103237065588302146 -0.015301938770344211 1.065943513558165634 -0.015630644914880053 1.002984166175402203 -0.015884985376977204 0.907101637759521573 -0.016054429361544185 0.753842095435887649 -0.015946384574550731 0.566881576922424468 -0.015191006929752763 0.406245624025638685
15.125000000000000000 -0.009800888437249713 0.336858436555248664 -0.009556165327779045 0.511442286476848862 -0.009770047542500399 0.619190803414750301 -0.010219037609625571 0.752742940277603911 -0.010664645097346562 0.843108057897354102 -0.011031315304451981 0.909088826635446434 -0.011468274544727625 0.965144352064196354 -0.011851523787445277 1.022757025419267052 -0.012220996211885087 1.038389689322501530 -0.012628225793817862 1.019550907806862305 -0.013006149781058749 1.040752924249887856 -0.013334163039589782 1.066177377081768851 -0.013665291433283332 1.041896572181273184 -0.013941407799801518 1.012486135871314641 -0.014185672019370960 1.017744301156945808 -0.014478896783364538 0.980979875647386423 -0.014774301379152872 0.945301360433488669 -0.014935046133572591 0.853892971261466682 -0.015082065117067134 0.704385920555551159 -0.014937454678791344 0.528505718521315671 -0.014324868005869941 0.391565042102893834
15.375000000000000000 -0.010079037733654487 0.346567640094686213 -0.009781443878931310 0.523803008158846617 -0.010007761889382790 0.655932961935231651 -0.010536910661918563 0.794459426443509642 -0.011012014875260424 0.899677905801628985 -0.011486142631292032 0.964809586773978323 -0.011960681069227931 1.024180983701356684 -0.012404617729618955 1.084279182194097135 -0.012789597111433399 1.097455053243143741 -0.013206647980214987 1.090548069107913687 -0.013580478850903981 1.127544301136618188 -0.013932040381594152 1.146424156325037247 -0.014290934532055205 1.134353924161071392 -0.014594338313498484 1.103800641698641671 -0.014855941170427715 1.106714806141799512 -0.015132703152364519 1.071575153557413840 -0.015429063600673382 1.011702326084372050 -0.015633385336287036 0.913570325771718927 -0.015826208856410527 0.746592118851075792 -0.015653963877015613 0.550188221347241879 -0.014967148657235666 0.406202576806685922
15.625000000000000000 -0.010635865372329620 0.344834475258988804 -0.010290701151952807 0.522268615354213206 -0.010554276081651276 0.663726159465525267 -0.011081046182935955 0.800837357698308772 -0.011549311299987396 0.915381260264432450 -0.011991662036572861 1.003341834750052231 -0.012460103146162039 1.064862633008669901 -0.012914428180424316 1.125774982890114906 -0.013315130072827907 1.156256556671554581 -0.013736432038496102 1.157653146078310602 -0.014118620924664019 1.206588539637914126 -0.014479540903194480 1.222574792790728226 -0.014865212915470747 1.218362549190912469 -0.015179209818066147 1.191519349845951758 -0.015471104437862105 1.186385781609982981 -0.015789302043134931 1.150083010725208910 -0.016113914821675578 1.072179139813681958 -0.016371784460585244 0.969763065939024727 -0.016619269479879975 0.779321564691704327 -0.016447489303276941 0.562711896030468339 -0.015556990712954046 0.406185295957128545
15.875000000000000000 -0.011220387087079011 0.355440447387373903 -0.010857199738866201 0.527739586091503954 -0.011117939598446282 0.679945869158654737 -0.011646822901237862 0.806933325002223700 -0.012121277646780124 0.940514503166445470 -0.012586903374209934 1.021096822462002063 -0.013044998585789046 1.098788145865819743 -0.013481947368529843 1.155264777586568981 -0.013877710743954655 1.184911881261228483 -0.014320118400899376 1.200139861523470852 -0.014697191013971626 1.258442554818650860 -0.015054337891261097 1.273356907253158310 -0.015440279563809969 1.281967824253021915 -0.015779042581047925 1.267022305982267616 -0.016084911001256717 1.250178221389515176 -0.016449458787031544 1.218714682496749191 -0.016795895427510862 1.131556424257599947 -0.017117042469217400 1.014961944009409089 -0.017381238028571829 0.818216248588329753 -0.017260109603648151 0.578620235171210751 -0.016199772890424229 0.404375949469135298
16.125000000000000000 -0.011881950575057467 0.363695066182979865 -0.011441401843474235 0.537685617864293475 -0.011717239964789192 0.692738637156674497 -0.012220267985438911 0.827865101197673980 -0.012660252834969316 0.949320904000645505 -0.013117828496117876 1.044991401820488441 -0.013558760839129751 1.123708394830397195 -0.013966099892409612 1.183187098080162203 -0.014341689553006921 1.210354207463110399 -0.014755785280027767 1.240775738676440421 -0.015111822578637506 1.304919707603856338 -0.015448915955779850 1.321001958163558587 -0.015796057528736109 1.339631428518950340 -0.016142371157035495 1.346224523683088981 -0.016453110614126527 1.339896467011396863 -0.016849287952363710 1.298359380110451156 -0.017210474816600346 1.209617833749764504 -0.017579405296467610 1.080435868890349704 -0.017879702184719324 0.866251101767463894 -0.017786812012835461 0.604797579540261809 -0.016195479682314412 0.423999940878621528
16.375000000000000000 -0.012359221771900060 0.371173475170399281 -0.011864396853979001 0.543875116187307661 -0.012096422635101843 0.705754611720258773 -0.012534298320260111 0.851972437191097498 -0.012976721120694321 0.974148152378450982 -0.013423776741787501 1.069584628738508014 -0.013855852423122900 1.156019799955511296 -0.014257030953655431 1.201145820655091567 -0.014615989081872264 1.242221303962508960 -0.015007732121879081 1.285842745950011468 -0.015352736546190984 1.349725550222594217 -0.015667252681869484 1.368804735399830941 -0.016029494396391810 1.396733191556420284 -0.016395680804496580 1.406282643471067129 -0.016709791976927211 1.408087650729769047 -0.017136833478082026 1.383932075020673169 -0.017529750074121657 1.281219790885357979 -0.017935963142525189 1.143456380961877628 -0.018298103285111656 0.910092140580658016 -0.018269874701149953 0.634576599565694788 -0.016584911778485634 0.454268359117894427
16.625000000000000000 -0.013023636243721833 0.381857475439320249 -0.012422762246223894 0.555985947471463904 -0.012611502845324141 0.733379642187752201 -0.013001720122204392 0.886721880884706382 -0.013421349650204537 1.013955714849101630 -0.013821203903951277 1.114441334816139051 -0.014223466344827419 1.198696377334386165 -0.014601774495115854 1.243148106239104100 -0.014931473447204878 1.294272416448966512 -0.015296949192222431 1.349628790480128071 -0.015624411168854468 1.407629048871598121 -0.015929430855451617 1.432036602661205915 -0.016267827956881618 1.466540021482857670 -0.016639630650153066 1.478689835644289241 -0.016957282511688793 1.482862243771425614 -0.017386792098159777 1.453111801732058783 -0.017813194889804099 1.346941910893805217 -0.018250834306186098 1.204934269137847958 -0.018647701627509065 0.956840387553466676 -0.018653929076832144 0.677281066579963786 -0.016891972652118323 0.479712997965110022
16.875000000000000000 -0.013748974669903930 0.388041413451183648 -0.013068820935753053 0.553091405362064026 -0.013213035858529776 0.732301257725874621 -0.013547144368176238 0.892771592500166689 -0.013910324274222738 1.015832387787922508 -0.014238571207908496 1.119108544538770067 -0.014595330243331711 1.209275835174437486 -0.014920584657794488 1.262496566143829879 -0.015220826417045938 1.314664902172894445 -0.015562044391312639 1.377718526002804644 -0.015867266297964203 1.429331380258787476 -0.016150849903338916 1.464696108454521806 -0.016478249886899842 1.503970229245894297 -0.016855237206656208 1.525831847651085260 -0.017191267269909612 1.533151357734093390 -0.017640751232679341 1.493379977629378352 -0.018074649736923840 1.382804365474043395 -0.018525936814341781 1.251551971620648018 -0.018957077544279853 0.995444916465026752 -0.019018103746872978 0.704728646651534563 -0.016942094900401043 0.501158198610460404
17.125000000000000000 -0.014529064280580952 0.388647316610255589 -0.013727555436658691 0.549447543753817436 -0.013801700523893297 0.732765668884327703 -0.014037002390319003 0.882885048759846747 -0.014328998837128131 1.013927170234114161 -0.014617162973778903 1.125525153715310811 -0.014916675667525763 1.210737024144955765 -0.015181762293261810 1.267613070248507556 -0.015448555140785532 1.325357127729383633 -0.015743123945630676 1.397196894773675258 -0.016019215584266867 1.452862995209153851 -0.016281425958919130 1.492075075759858205 -0.016585109633308760 1.533771089857880243 -0.016951004162307187 1.549219036151263884 -0.017258089689385289 1.561652661283494004 -0.017707019541888903 1.522921791642225298 -0.018133057109945696 1.412132776937908618 -0.018606058772117320 1.280496829951920823 -0.019021812655256144 1.017356151603126202 -0.019063039540904651 0.720024077668416917 -0.016831698449037695 0.477358894635391884
17.375000000000000000 -0.015204473371935180 0.386152033757392765 -0.014295880324925840 0.542852652670013591 -0.014253292479060278 0.733903855164406482 -0.014411672070525731 0.874595305557111069 -0.014644812894189393 1.007523039420981537 -0.014869998374750894 1.124724066503379749 -0.015116797972466912 1.214572073765716631 -0.015328579777223544 1.269651650445250413 -0.015556424563710845 1.344704914688715558 -0.015799541076603266 1.424762393398619986 -0.016041693964757416 1.485946448827070165 -0.016305482051869262 1.528848132749491162 -0.016574075355919354 1.576406440476989967 -0.016924855933006151 1.581620595051219436 -0.017239911529751992 1.603398894673013997 -0.017680495402928816 1.561021244698793664 -0.018112009703056774 1.450310686934547233 -0.018567742069330560 1.310255739127972996 -0.018971376815178163 1.046297670121830281 -0.019012017339747420 0.732055245443333780 -0.016652744994382355 0.460965209615933791
17.625000000000000000 -0.015769836263318033 0.385426612232067090 -0.014713093147627027 0.549594542033896905 -0.014567767395814567 0.736283063726692055 -0.014639143483109095 0.876946606669488093 -0.014792917943991324 1.014924604985935286 -0.014939827161116205 1.142729749727467325 -0.015122431724400009 1.240260387854985824 -0.015285648967248336 1.302691596115441719 -0.015468245667330911 1.383962557235158153 -0.015676340481927321 1.472391279190945923 -0.015885821384316563 1.534437111118427399 -0.016120159282064308 1.585439105327029363 -0.016363413545441866 1.624682347879958577 -0.016686818281018825 1.636682375903945275 -0.017006674370293389 1.666053438140091991 -0.017453854354878486 1.626231943236818855 -0.017904002424640426 1.511998302783253534 -0.018352458765017864 1.358275070721313149 -0.018740753089096132 1.078325112429419752 -0.018803741397618267 0.746136317108164637 -0.016263769299252637 0.448040783266016152
17.875000000000000000 -0.016380540325696195 0.387605722946354592 -0.015178944590538238 0.563546347959125504 -0.014917176737578487 0.751685835332863928 -0.014896844216127679 0.905971273031085711 -0.014966600786529541 1.045986815981275964 -0.015056560111415917 1.179235177082226249 -0.015178913321823443 1.291491867572678309 -0.015295783684127200 1.362080813093050180 -0.015418588121714221 1.438576640501793680 -0.015568254244823403 1.542651625362158052 -0.015736221086069289 1.604954757281485067 -0.015938268107551060 1.668092307378690187 -0.016148160575124700 1.715402283681616513 -0.016465029206973514 1.736424846920644471 -0.016773173489710608 1.751901870758127977 -0.017207591319452074 1.715200501388282506 -0.017659222905003984 1.585037492529539627 -0.018101177270609232 1.408910315166131300 -0.018457466426084614 1.128678746932789023 -0.018518113562178057 0.764798384047638224 -0.015825696200715392 0.437378273806657170
18.125000000000000000 -0.016989292223510585 0.391981626631016544 -0.015646134701533122 0.584471640839728357 -0.015258585468945733 0.776751100983361864 -0.015129843073643939 0.941223295195715903 -0.015100632810521101 1.078983371912065170 -0.015112512398627405 1.233341871757207331 -0.015162821466203126 1.348861997743504126 -0.015221970033060014 1.435436116582627930 -0.015290507447234402 1.519739135455597800 -0.015380795571789698 1.623852300638714441 -0.015504020658512477 1.691889603905606831 -0.015669283378230245 1.769123722539502230 -0.015862894130323352 1.814177103030043092 -0.016154474135280827 1.841678324241395881 -0.016462813678508940 1.861674275928899558 -0.016856157727494714 1.821721873914141199 -0.017259378762019748 1.680520749913781309 -0.017654594491172501 1.495293589353134722 -0.017985919786061330 1.201381627013819786 -0.018000356644339473 0.808190953171166626 -0.015063797457399884 0.452247746355525837
18.375000000000000000 -0.017815445308479998 0.395622718820777097 -0.016305812235349451 0.597606917138720273 -0.015795079404418193 0.800115561532455666 -0.015547154113928818 0.961772034645641649 -0.015413187726600542 1.108167868124823707 -0.015317879342044059 1.276770625192127584 -0.015286921661571274 1.404215655733211054 -0.015277659757502384 1.503531016732991832 -0.015275577713466824 1.591501638307145194 -0.015290992191656264 1.702206524502763552 -0.015359989719934363 1.790224420210680512 -0.015485708131842031 1.863628732127899923 -0.015646950507725722 1.915003300925693042 -0.015892200967065263 1.938032032167151364 -0.016161305539237576 1.948592650259455272 -0.016500343038236363 1.909876343823375899 -0.016856152418039463 1.780693871715908427 -0.017205196698058905 1.584239577209894279 -0.017512507409369875 1.270737318917859016 -0.017481004130616106 0.845844183230837876 -0.014420037398135578 0.453649749451157103
18.625000000000000000 -0.018718092913900326 0.398073114594135302 -0.017073044055389647 0.617131795106613423 -0.016438406651143461 0.822164922355229089 -0.016077463390846092 0.988737723401125534 -0.015834766078478675 1.137608755497144131 -0.015639160935112063 1.321083682699279338 -0.015523852579249344 1.459370449105153345 -0.015448130993124998 1.587327649078063008 -0.015382068904792223 1.672633152743838281 -0.015336810411931277 1.789077246994324133 -0.015354343052936262 1.878485432771431096 -0.015445956329830082 1.956071411187639164 -0.015549045283949549 2.013673038677294969 -0.015745534690247608 2.035222461591175591 -0.015968644927006653 2.027167973291706282 -0.016255080078581067 1.973213925541555724 -0.016555112534732932 1.852533772544729729 -0.016857779136181670 1.652718282512240400 -0.017100633935568509 1.344546172755835212 -0.017003550286651507 0.894162938834891619 -0.013716988933256147 0.452494078369860497
18.875000000000000000 -0.019417691412881348 0.406559621226389722 -0.017624717018951810 0.647638000678850023 -0.016871482602200720 0.857829763739606621 -0.016395224517981845 1.028000357736491566 -0.016038170637939549 1.188264658282816466 -0.015745092991780348 1.377564862601591944 -0.015541912030316450 1.531064561720880013 -0.015383132777953501 1.678698876768209836 -0.015245173580734416 1.769862996532148403 -0.015115849992127343 1.888575698955526905 -0.015056531576391478 1.979825848073080152 -0.015075686951836111 2.072036511741878417 -0.015128700745309169 2.138957249871324073 -0.015261809029408265 2.158096097889713683 -0.015433725351068399 2.142768081534042413 -0.015651558857457473 2.098412122536495783 -0.015887807212116925 1.967217078652489182 -0.016125035613763321 1.765546094683267508 -0.016278326281102432 1.457149702635207600 -0.016129693215176204 0.959255513472681898 -0.012546421959156565 0.454433344922864857
19.125000000000000000 -0.020025987201142934 0.405274834923544602 -0.018101077278443973 0.672578635144189252 -0.017241750068748819 0.892293703435863228 -0.016656696695712358 1.057812425777539200 -0.016193557478567759 1.227538739314453453 -0.015808629988316808 1.423978778097527043 -0.015500327463642468 1.584143343085737898 -0.015250511939348958 1.736800624150499628 -0.015027987308839223 1.843043456365350385 -0.014812207733912893 1.970219579237965979 -0.014671395154740212 2.084803531196942394 -0.014611163788125971 2.184418423369853368 -0.014599713165506309 2.262094796999839730 -0.014668671807584691 2.285097475427939617 -0.014767913231593275 2.273464511617483641 -0.014909347082796365 2.227970830924149492 -0.015077586264088845 2.080353728136426827 -0.015243894917931803 1.863116989236725196 -0.015305351660901068 1.535853192137262901 -0.015093033340542811 1.004568164793468998 -0.011378270811849178 0.450195906820321123
19.375000000000000000 -0.020405283540110130 0.409963445110262448 -0.018386509210547648 0.696776757880713693 -0.017459544676771469 0.928139289476684892 -0.016803251955395095 1.105710083054809889 -0.016253680791676835 1.279219867763754070 -0.015781683195301821 1.473586710885760764 -0.015391097133266255 1.638981734566185677 -0.015071353129271355 1.794955419709153510 -0.014764402713337201 1.919803940239238838 -0.014466568951817638 2.050415253387036785 -0.014241173407177546 2.174358722488146878 -0.014103842448928065 2.275729902043428510 -0.014015530960926090 2.370551789928810660 -0.014007823442945171 2.411508780890367465 -0.014051863953160781 2.397433053409985249 -0.014114126325274480 2.338998212478319960 -0.014205150755238902 2.183025844022918882 -0.014272394769406296 1.960188154495166701 -0.014263576289368007 1.628268079936114665 -0.014010622974862755 1.068285414460266702 -0.010100312991674017 0.462551512744558413
19.625000000000000000 -0.020752213657832464 0.419952950730213326 -0.018659265425587851 0.740556970801807157 -0.017678238762245564 0.985257594557726657 -0.016957441652339533 1.178965235856349603 -0.016343498174638590 1.349218019990952033 -0.015801244730447413 1.550698527610309352 -0.015334137574753616 1.725113373841820952 -0.014923091105712842 1.883454719852936554 -0.014531356988774080 2.003411596644186332 -0.014150166270511525 2.132887957678794688 -0.013832374141973986 2.259853272452784889 -0.013607158549233040 2.361174569791453237 -0.013422385344993366 2.465638292282865685 -0.013324863529982382 2.521465733684341348 -0.013290017690298840 2.502198213044076969 -0.013279687274612982 2.443833845667048532 -0.013305853481719448 2.292518903784926732 -0.013314620018837226 2.049481326849467155 -0.013242125260719271 1.706286056186080868 -0.012900372317516789 1.123037935804621190 -0.008764482723959926 0.473068748680816886
19.875000000000000000 -0.020987818543657086 0.429076653204442160 -0.018870188328326265 0.784504396379565927 -0.017838477070574447 1.047185607552795217 -0.017058367019211481 1.251081208284956503 -0.016377709167788929 1.423007017504826166 -0.015750601470156594 1.615528988604490124 -0.015198159904807588 1.785601138316056380 -0.014698994669094183 1.936663597469297393 -0.014222148442264671 2.066799246370242926 -0.013758684201727938 2.191085500549464715 -0.013346299250526692 2.327841282176710269 -0.013035026895978344 2.427118725367979124 -0.012735219488046019 2.538998683220865971 -0.012524066525602923 2.601158023799256203 -0.012376563823878308 2.581699734572476146 -0.012288427589652186 2.528380509732339743 -0.012202548078996050 2.387017412344631051 -0.012134321632603260 2.131249913978863653 -0.011997754783229505 1.783641202408611459 -0.011577893009769333 1.177409183533996817 -0.007472526757556865 0.485213951583671643
20.125000000000000000 -0.021196693558613693 0.437356724634807292 -0.019062980140371742 0.818994155616229680 -0.017998664176106925 1.100687033302315321 -0.017177646376342025 1.304607636469731879 -0.016444698007999553 1.478526171523953270 -0.015747597046940898 1.656078690945263610 -0.015117168046287658 1.811808277487528374 -0.014505949998426993 1.961072976274432778 -0.013940234240194957 2.084277977181646868 -0.013395555811601123 2.208900703911618635 -0.012888476833522514 2.352515572896483942 -0.012481845967375740 2.456792591408461401 -0.012070773274446729 2.567819748406518610 -0.011765919619039273 2.634027288183620197 -0.011506754939570355 2.623576048155075391 -0.011307892863618062 2.569235224495639347 -0.011110060508045612 2.433452453657257486 -0.010945220633316089 2.183936605734244640 -0.010680329474661080 1.822506997967390241 -0.010178609489585004 1.217506960834268570 -0.006178347108599005 0.504199496552214632
20.375000000000000000 -0.021298359409807417 0.426893839681640686 -0.019147815543229418 0.827910332886660272 -0.018065931631180934 1.125707893146736138 -0.017209001239987060 1.332341556537151694 -0.016431962216655088 1.498266581465299563 -0.015679710348255941 1.664382935472437985 -0.014987159990838947 1.811119556342092984 -0.014301333198128277 1.946051182817797542 -0.013662654983615278 2.075160544885518821 -0.013038114197275106 2.207313522010964757 -0.012452181650425146 2.357038533729291174 -0.011957359175553708 2.466826628032118052 -0.011433871955809784 2.580162891656276436 -0.011025998144436486 2.634937670967889112 -0.010644789320088390 2.624390276611947570 -0.010347465155020797 2.578734686067520432 -0.010066219597242671 2.451978944162223062 -0.009794092062930327 2.203719708617331463 -0.009453490843425789 1.844938430231504167 -0.008917575516199308 1.243502124262106712 -0.004921800864116493 0.485979616034912409
20.625000000000000000 -0.021248552872682413 0.424352251513997192 -0.019125750726507178 0.850385479140309597 -0.018033245678659673 1.154766034508978301 -0.017156050992520877 1.366871175716103615 -0.016352531983519148 1.536031512747070060 -0.015553659619733260 1.668792651166559837 -0.014812319479968725 1.805230436866910093 -0.014053715668327076 1.941856738581704489 -0.013346518068130963 2.068660747855985971 -0.012653501874071604 2.188933816103029173 -0.011974586744922364 2.330966464125044268 -0.011370102016163394 2.443126667629655469 -0.010744253276888988 2.566485266567458456 -0.010216269827341657 2.632932379692837443 -0.009738146399504311 2.630787346164615847 -0.009352912581294457 2.594284550233990849 -0.008999632601241217 2.472203310475441729 -0.008652748102009708 2.218038670422683545 -0.008228700236259641 1.871743967892358640 -0.007647444200224757 1.273450744795977752 -0.003787278092969982 0.471208636933573788
20.875000000000000000 -0.021132145652287597 0.422063076198152143 -0.018998745522030302 0.873213411743024248 -0.017910192417672666 1.199902005626297008 -0.017028907479727608 1.416069760032421243 -0.016194191098498529 1.583776435685513295 -0.015362457760768762 1.696640564782442739 -0.014567888419017908 1.824555463612783646 -0.013741679174597355 1.939831488317706798 -0.012960057670441082 2.067894104367971497 -0.012179757854208547 2.175602647821767821 -0.011415848730354406 2.332260194393879882 -0.010711030926123709 2.447244032006566705 -0.009991415005213713 2.565967072051809961 -0.009349923788864669 2.642797365424136125 -0.008766592739260465 2.654287705758444638 -0.008268081048031777 2.634098565764183775 -0.007823315208214636 2.527188605729067561 -0.007399467314951472 2.274999858413886855 -0.006900808913593932 1.914554723958437510 -0.006284763457016448 1.300866248100959410 -0.002617970445395495 0.469131621049970693
21.125000000000000000 -0.021176234925799130 0.417495502554136033 -0.019113458333340799 0.902582412572502601 -0.018040128435676532 1.249069731112283588 -0.017158964487554239 1.475146333782810792 -0.016325138046470258 1.638647081603505251 -0.015461900031976979 1.738689240111309875 -0.014628449503957282 1.844647554744589524 -0.013713475632391055 1.946584701645888371 -0.012880727451999375 2.054168075050540665 -0.012049830696584099 2.170793843605427043 -0.011202650273166675 2.332338334064835816 -0.010425091397733911 2.439067939194664358 -0.009574568187487403 2.547685820085037633 -0.008834344709700799 2.623316208064102817 -0.008159424265457113 2.638711901007026128 -0.007619364426813256 2.630046100028100131 -0.007111036589392825 2.535523194786188483 -0.006642763615655720 2.244272114053046163 -0.006114257073396500 1.875437301165791881 -0.005400656817657495 1.286630612015038588 -0.001942085784548322 0.444800438387506936
21.375000000000000000 -0.020978953704961195 0.405182106132265685 -0.018922314606906573 0.903861765039260412 -0.017852398959282822 1.268789922574633300 -0.016968251119771318 1.488342711753602998 -0.016113203216193805 1.650981793889184424 -0.015216225678672788 1.717069562640619607 -0.014348771145308031 1.810961254671412890 -0.013405689199110494 1.905056826279144522 -0.012517545360871409 2.010396397860206630 -0.011615578493934180 2.112908199479166083 -0.010719172158826824 2.288681695059187060 -0.009848091449526935 2.399846231454147549 -0.008928256455565683 2.494653867194097430 -0.008072601676306409 2.579005481882957085 -0.007265131882381533 2.592714307542111740 -0.006590936446598367 2.602643007257929408 -0.005970381960693469 2.534547491249572460 -0.005406554498021110 2.279642930135213241 -0.004783856951093206 1.906796669612842443 -0.004089782170367077 1.306458088470288326 -0.000905086656246233 0.438892673886289053
21.625000000000000000 -0.021033756529071707 0.395558774654549694 -0.019024348166377714 0.880119519792545879 -0.017983223344559943 1.245627381369671438 -0.017131487446191657 1.452879516559721695 -0.016282175575605871 1.585672229177883530 -0.015381756014464133 1.623648157047574925 -0.014513350310752463 1.702940403460716068 -0.013539813792187083 1.778884965332157231 -0.012600983216125553 1.858784574078484297 -0.011644814381234856 1.960419240104862348 -0.010673905400217731 2.112514904333339327 -0.009694410125627068 2.213421500873679726 -0.008723824258604611 2.333634863377420210 -0.007829239932922770 2.417429900247157093 -0.006945285185780650 2.447857508150530048 -0.006175930605990318 2.468459877523782264 -0.005518916708547565 2.410033548593263131 -0.004878501653293849 2.205489217559353232 -0.004179257226747276 1.857857355063507798 -0.003502749674997862 1.287681186969154901 -0.000575039039357275 0.438018074809201130
21.875000000000000000 -0.020713805368684609 0.408318824979879258 -0.018735946894501088 0.901166196239230111 -0.017747518736602033 1.262215305851233094 -0.016945143812951220 1.486989104976938814 -0.016116377558298211 1.594416289356944016 -0.015246912113147573 1.630721713950475271 -0.014387861695080070 1.697668882260539691 -0.013444640815256929 1.749510576193351152 -0.012492253728576591 1.810732221683285514 -0.011503371917644698 1.885012050279564644 -0.010487933118734130 2.014143312316152290 -0.009434974006975103 2.074880907172332645 -0.008400408357111040 2.185428823597555414 -0.007386803215421932 2.280084773981454482 -0.006440660639466350 2.334842384122568504 -0.005617915610805259 2.367595115065598943 -0.004907623220196384 2.363941611847299562 -0.004207526030204939 2.184948233192880451 -0.003552916243352368 1.875100648127686620 -0.002929630541624157 1.302478978916485675 0.000015065232961309 0.423819202847158849
22.125000000000000000 -0.020853188033013122 0.431702734529965215 -0.018894581364621233 0.959626932539701438 -0.017929822177009998 1.341912552757583477 -0.017171454052562585 1.583554562550587352 -0.016387856829810275 1.703795846674636350 -0.015553047027598233 1.713257804469321854 -0.014712087945110953 1.749767343966071032 -0.013781485467216078 1.796260629912868056 -0.012790374348817857 1.812768250231097777 -0.011788027996004150 1.846740933465994106 -0.010724867560410332 1.942504602743105657 -0.009591668850623106 1.979457150570911983 -0.008510865246446625 2.098650625231947675 -0.007410665675729374 2.211926924482551460 -0.006422928947744634 2.268014264745088937 -0.005554233905461581 2.312440022896607328 -0.004794634653566977 2.324815923951896846 -0.004084538139709214 2.175670101937637657 -0.003404707655700730 1.886384277832636291 -0.002731962860248938 1.298674352782814179 0.000249729240335185 0.446380554698954601
22.375000000000000000 -0.021024384586989190 0.429711162596925433 -0.019070331977218091 0.966107620287058211 -0.018135129670242969 1.375677019554564673 -0.017428343594599858 1.627139880118123827 -0.016689771467878273 1.735241300891232852 -0.015912801923262287 1.770941539149103461 -0.015101165230656166 1.787434853276921087 -0.014180570742254466 1.791941045912441854 -0.013185167053707529 1.803675753066104059 -0.012163217566806560 1.816669422800900824 -0.011067396084863870 1.882302087509812205 -0.009912869937169638 1.913231996472124496 -0.008805718247896999 2.010373831262928679 -0.007685482229151620 2.120877154756435345 -0.006652193518277156 2.160324374179972029 -0.005705910686363427 2.208160004216470629 -0.004892573647616418 2.201099584204821547 -0.004110371706384290 2.083790071886419515 -0.003355695654007015 1.822146867578547269 -0.002627618398533353 1.253864959776781252 0.000235172078338869 0.460221795328622507
22.625000000000000000 -0.020976874773772695 0.441435368585585741 -0.019098779966567697 0.979311324361051616 -0.018202953380320710 1.382404173465205721 -0.017533401842758856 1.623483582557841975 -0.016851826299986324 1.746430797727630102 -0.016139144339997316 1.776026574925523738 -0.015380530484184874 1.785228329864661179 -0.014503920759929484 1.755293040496124668 -0.013539588122532064 1.744609423696074968 -0.012549881237919197 1.737017789810556989 -0.011431541820652197 1.760024629919729744 -0.010253267642642208 1.754698032761826454 -0.009123108404641044 1.880057050327432089 -0.007977342709331495 1.979516393071643066 -0.006913019395562581 2.022943373735755390 -0.005962022870068073 2.073611736405642780 -0.005123588702048764 2.046127936307896356 -0.004300200140067727 1.926155923512471668 -0.003484705973731794 1.703195283188619236 -0.002599673203120469 1.198095314686383084 0.000454988724871525 0.454642457662054134
22.875000000000000000 -0.020836462028550128 0.441181287917697729 -0.018993079941436813 1.006202788752019739 -0.018141381117555075 1.412372640648559718 -0.017496745044940247 1.669915731843438333 -0.016866004793784060 1.813110183826860178 -0.016229044001633140 1.872213526213239776 -0.015535584339503316 1.880358190758290249 -0.014723174985800067 1.842779055258151333 -0.013830443844390175 1.797195057948230756 -0.012868018619790140 1.750920907297658813 -0.011783822064659799 1.748322899376771877 -0.010640668965160426 1.729938267824245202 -0.009493391019512821 1.826064942380514422 -0.008297825553960041 1.916233644509602652 -0.007172810758785137 1.943993809395417660 -0.006166007417068633 1.979495817225512821 -0.005236355207502662 1.953099453203195779 -0.004309648803578012 1.822210720294564545 -0.003418311756799558 1.638381207733745404 -0.002414537027036407 1.170070407111092559 0.000864298487239127 0.447056144643120379
23.125000000000000000 -0.020938203111376664 0.420410861292046079 -0.019156234233982484 0.997930562553791756 -0.018332914156558727 1.422394660171281799 -0.017712703359261527 1.669829703446077174 -0.017124984251409552 1.831739106102151737 -0.016535375293748721 1.908152519512729572 -0.015909410667973023 1.913302031721185514 -0.015171917066644164 1.877294328412067337 -0.014358996620208911 1.823552890088541378 -0.013471037675206491 1.752673991817092380 -0.012433507785225997 1.722743580508560690 -0.011341366496258850 1.704458515539986507 -0.010239714928800395 1.797176961392174643 -0.009031327917697927 1.847833268725149525 -0.007867267616423292 1.863047069377657738 -0.006796652180942843 1.862007796001931892 -0.005809377649387682 1.814106923042794861 -0.004831055724514614 1.699445507446213810 -0.003851434592223904 1.522922131599399709 -0.002664707793927111 1.099493128416779708 0.000750156503665051 0.433925580861322824
23.375000000000000000 -0.020678869423043391 0.415386209819064323 -0.018931516933534082 0.999885289209737071 -0.018144046127664192 1.417977031161219204 -0.017547222986557653 1.659739534484432122 -0.016973980979981335 1.823482082017805705 -0.016417413672007612 1.925390558507134031 -0.015830467505547525 1.943354869214041436 -0.015149404908430966 1.907595215818335355 -0.014423980186857588 1.843634440335152114 -0.013568242148797054 1.768231249225753476 -0.012573402005310192 1.683824480702599713 -0.011523983463181479 1.640896482241107401 -0.010435523638566589 1.695897736709333303 -0.009245528582842598 1.729381547416543707 -0.008032724181432608 1.741264079785509900 -0.006885161930844418 1.696906339658525775 -0.005796219971578207 1.635207342730957913 -0.004677491067809115 1.528832107232247051 -0.003505586414129706 1.384206292074596112 -0.002162500462077130 1.042833413235930706 0.001097926339368691 0.425356664774095894
23.625000000000000000 -0.020326046774672788 0.413527393118652109 -0.018535204364667150 1.008204659312044615 -0.017777792066384288 1.435634136598598509 -0.017194237399308671 1.690313422988124925 -0.016630285369115001 1.846028762731766859 -0.016099585744790274 1.958635069130974626 -0.015539631910165054 1.993478711126214442 -0.014916891937717610 1.946675859730902403 -0.014235798025755371 1.865253008846468052 -0.013435113177880395 1.781817508939002481 -0.012515380593071005 1.681589733690611821 -0.011518508279562547 1.631517079469770870 -0.010457217920090378 1.660079897810199157 -0.009268893634914814 1.673261718337798687 -0.008029735909854837 1.672778676752307625 -0.006852755272562445 1.607036294667361975 -0.005703184715513438 1.553417524497849200 -0.004479541624628504 1.462149780917352482 -0.003213495278484509 1.332884881280395506 -0.001794944169482830 1.037589565794259983 0.001455469497929227 0.434651036026687754
23.875000000000000000 -0.020289166619243730 0.391162727800420440 -0.018448549038764601 0.997763920198171950 -0.017697362822915987 1.447603688731634364 -0.017128059788646909 1.727296162576528626 -0.016581519883188900 1.877737354868911579 -0.016068124183876657 2.003358167950723523 -0.015534411629640209 2.032408149352830318 -0.014955197120455337 1.988743163468051245 -0.014322111945291814 1.900375977288094376 -0.013552545532168711 1.805676374875299528 -0.012689223410731552 1.669460847812200832 -0.011725963820204022 1.637560231120756882 -0.010678948008151388 1.613861260752519566 -0.009501101309161361 1.619464678482138931 -0.008263537994722646 1.592020863644713513 -0.007051821075264512 1.509091570786195380 -0.005813769822019088 1.439777722511046187 -0.004480130189344927 1.370866845234073317 -0.003130080648522400 1.265650533640484410 -0.001731675806232408 1.006030465924263151 0.001711508346920772 0.428001026213610414
