# ['lat', 'u_a', 'u_p', 'v_a', 'v_p', 'geopt_a', 'geopt_p', 'temp_a', 'temp_p', 'dr_rho_a', 'dr_rho_p']
-87.0000 0.4332 5.5886 0.3903 7.7564 16.2896 5.4077 0.0061 0.5197 0.0029 5.3977
-84.0000 1.9294 5.4709 1.8132 7.5268 6.4406 1.2391 0.0536 0.7665 0.0009 1.3877
-81.0000 4.4097 5.4468 4.2101 7.4627 9.6759 1.4432 0.1880 1.0203 0.0008 1.9692
-78.0000 7.6630 5.4127 7.4533 7.4227 26.1178 1.4427 0.3461 1.0131 0.0029 1.7273
-75.0000 11.6685 5.4027 11.3969 7.4027 50.8966 1.4327 0.6367 0.9927 0.0058 1.6895
-72.0000 16.1090 5.4027 15.7876 7.3927 88.2383 1.4368 1.0549 0.9686 0.0103 1.6859
-69.0000 20.7251 5.3927 20.3242 7.3868 137.9594 1.4168 1.5973 0.9304 0.0165 1.6741
-66.0000 25.4561 5.3868 24.7286 7.3809 202.9169 1.4109 2.3269 0.9045 0.0244 1.6682
-63.0000 29.9598 5.3809 28.7200 7.3768 282.1994 1.4068 3.2126 0.8945 0.0342 1.6682
-60.0000 33.8392 5.3809 31.9757 7.3768 372.3042 1.4109 4.2275 0.8845 0.0452 1.6723
-57.0000 36.9610 5.3768 34.1674 7.3709 472.6777 1.4009 5.3618 0.8745 0.0575 1.6623
-54.0000 39.1601 5.3709 35.0371 7.3668 580.1114 1.4009 6.5809 0.8686 0.0706 1.6682
-51.0000 40.1305 5.3709 34.3831 7.3609 685.8569 1.3968 7.7891 0.8586 0.0836 1.6623
-48.0000 39.9294 5.3609 32.0799 7.3450 787.2049 1.3909 8.9380 0.8427 0.0961 1.6623
-45.0000 38.4248 5.3509 28.0812 7.3250 873.2429 1.3850 9.9129 0.8327 0.1068 1.6582
-42.0000 35.7106 5.3450 22.4842 7.2991 937.9413 1.3809 10.6294 0.8167 0.1150 1.6523
-39.0000 31.9022 5.3350 15.5326 7.2491 971.8967 1.3709 10.9865 0.7967 0.1196 1.6523
-36.0000 27.2013 5.3250 7.5907 7.1273 968.3620 1.3609 10.9101 0.7767 0.1196 1.6423
-33.0000 21.8575 5.3150 1.6613 4.4414 921.7047 1.3509 10.3438 0.7567 0.1143 1.6364
-30.0000 16.1552 5.3050 9.6767 3.4768 829.1034 1.3350 9.2655 0.7367 0.1032 1.6264
-27.0000 10.3741 5.2891 17.5146 3.3909 691.4298 1.3250 7.6897 0.7108 0.0865 1.6164
-24.0000 4.7860 5.2591 24.1276 3.3509 512.9347 1.3091 5.6764 0.6849 0.0645 1.6005
-21.0000 0.4356 1.9105 28.9081 3.3250 302.6810 1.2850 3.3234 0.6349 0.0383 1.5805
-18.0000 4.9710 1.3550 31.4519 3.3150 73.2706 1.1232 0.7882 0.3453 0.0097 1.4527
-15.0000 8.8530 1.3350 31.4927 3.3050 162.8105 5.4150 1.8622 4.8627 0.0198 5.6923
-12.0000 11.9901 1.3250 28.9863 3.3050 385.4221 5.3550 4.3211 4.7667 0.0477 5.6364
-9.0000 14.3776 1.3250 24.1238 3.2950 579.6118 5.3450 6.4701 4.7467 0.0721 5.6264
-6.0000 16.0450 1.3250 17.2796 3.2950 730.4033 5.3350 8.1390 4.7367 0.0910 5.6164
-3.0000 17.0248 1.3209 9.0112 3.2950 826.0011 5.3350 9.1976 4.7308 0.1030 5.6164
0.0000 17.3487 1.3209 0.0000 2.5065 858.7873 5.3350 9.5599 4.7308 0.1071 5.6164
3.0000 17.0248 1.3209 9.0112 7.2950 826.0011 5.3350 9.1976 4.7308 0.1030 5.6164
6.0000 16.0450 1.3250 17.2796 7.2950 730.4033 5.3350 8.1390 4.7367 0.0910 5.6164
9.0000 14.3776 1.3250 24.1238 7.2950 579.6118 5.3450 6.4701 4.7467 0.0721 5.6264
12.0000 11.9901 1.3250 28.9863 7.3050 385.4221 5.3550 4.3211 4.7667 0.0477 5.6364
15.0000 8.8530 1.3350 31.4927 7.3050 162.8105 5.4150 1.8622 4.8627 0.0198 5.6923
18.0000 4.9710 1.3550 31.4519 7.3150 73.2706 1.1232 0.7882 0.3453 0.0097 1.4527
21.0000 0.4356 1.9105 28.9081 7.3250 302.6810 1.2850 3.3234 0.6349 0.0383 1.5805
24.0000 4.7860 5.2591 24.1276 7.3509 512.9347 1.3091 5.6764 0.6849 0.0645 1.6005
27.0000 10.3741 5.2891 17.5146 7.3909 691.4298 1.3250 7.6897 0.7108 0.0865 1.6164
30.0000 16.1552 5.3050 9.6767 7.4768 829.1034 1.3350 9.2655 0.7367 0.1032 1.6264
33.0000 21.8575 5.3150 1.6624 0.4414 921.7047 1.3509 10.3438 0.7567 0.1143 1.6364
36.0000 27.2013 5.3250 7.5907 3.1273 968.3620 1.3609 10.9101 0.7767 0.1196 1.6423
39.0000 31.9022 5.3350 15.5326 3.2491 971.8967 1.3709 10.9865 0.7967 0.1196 1.6523
42.0000 35.7106 5.3450 22.4842 3.2991 937.9413 1.3809 10.6294 0.8167 0.1150 1.6523
45.0000 38.4248 5.3509 28.0812 3.3250 873.2429 1.3850 9.9129 0.8327 0.1068 1.6582
48.0000 39.9294 5.3609 32.0799 3.3450 787.2049 1.3909 8.9380 0.8427 0.0961 1.6623
51.0000 40.1305 5.3709 34.3831 3.3609 685.8569 1.3968 7.7891 0.8586 0.0836 1.6623
54.0000 39.1601 5.3709 35.0371 3.3668 580.1114 1.4009 6.5809 0.8686 0.0706 1.6682
57.0000 36.9610 5.3768 34.1674 3.3709 472.6777 1.4009 5.3618 0.8745 0.0575 1.6623
60.0000 33.8392 5.3809 31.9757 3.3768 372.3042 1.4109 4.2275 0.8845 0.0452 1.6723
63.0000 29.9598 5.3809 28.7200 3.3768 282.1994 1.4068 3.2126 0.8945 0.0342 1.6682
66.0000 25.4561 5.3868 24.7286 3.3809 202.9169 1.4109 2.3269 0.9045 0.0244 1.6682
69.0000 20.7251 5.3927 20.3242 3.3868 137.9594 1.4168 1.5973 0.9304 0.0165 1.6741
72.0000 16.1090 5.4027 15.7876 3.3927 88.2383 1.4368 1.0549 0.9686 0.0103 1.6859
75.0000 11.6685 5.4027 11.3969 3.4027 50.8966 1.4327 0.6368 0.9927 0.0058 1.6895
78.0000 7.6630 5.4127 7.4533 3.4227 26.1178 1.4427 0.3461 1.0131 0.0029 1.7273
81.0000 4.4097 5.4468 4.2101 3.4627 9.6759 1.4432 0.1880 1.0203 0.0008 1.9692
84.0000 1.9294 5.4709 1.8132 3.5268 6.4406 1.2391 0.0536 0.7665 0.0009 1.3877
87.0000 0.4332 5.5886 0.3903 3.7564 16.2896 5.4077 0.0061 0.5197 0.0029 5.3977
