4.710000E+00   0.000000E+00  87
88   1.755000E-20  400.0
87   1.835000E-20  395.0
86   2.002000E-20  390.0
85   2.186000E-20  385.0
84   2.389000E-20  380.0
83   2.612000E-20  375.0
82   2.859000E-20  370.0
81   3.131000E-20  365.0
80   3.433000E-20  360.0
79   3.767000E-20  355.0
78   4.137000E-20  350.0
77   4.548000E-20  345.0
76   5.003000E-20  340.0
75   5.510000E-20  335.0
74   6.075000E-20  330.0
73   6.707000E-20  325.0
72   7.411000E-20  320.0
71   8.200000E-20  315.0
70   9.086000E-20  310.0
69   1.008000E-19  305.0
68   1.120000E-19  300.0
67   1.246000E-19  295.0
66   1.389000E-19  290.0
65   1.550000E-19  285.0
64   1.733000E-19  280.0
63   1.942000E-19  275.0
62   2.179000E-19  270.0
61   2.451000E-19  265.0
60   2.763000E-19  260.0
59   3.121000E-19  255.0
58   3.536000E-19  250.0
57   4.016000E-19  245.0
56   4.573000E-19  240.0
55   5.224000E-19  235.0
54   5.987000E-19  230.0
53   6.886000E-19  225.0
52   7.950000E-19  220.0
51   9.218000E-19  215.0
50   1.073000E-18  210.0
49   1.256000E-18  205.0
48   1.478000E-18  200.0
47   1.749000E-18  195.0
46   2.083000E-18  190.0
45   2.500000E-18  185.0
44   3.024000E-18  180.0
43   3.692000E-18  175.0
42   4.553000E-18  170.0
41   5.684000E-18  165.0
40   7.190000E-18  160.0
39   9.248000E-18  155.0
38   1.211000E-17  150.0
37   1.623000E-17  145.0
36   2.232000E-17  140.0
35   3.165000E-17  135.0
34   4.553000E-17  130.0
33   7.074000E-17  125.0
32   1.057000E-16  120.0
31   1.750040E-16  117.0
30   2.698583E-16  114.0
29   4.434409E-16  111.0
28   7.607906E-16  108.0
27   1.290684E-15  105.0
26   2.203789E-15  102.0
25   3.802788E-15   99.0
24   6.644762E-15   96.0
23   1.155757E-14   93.0
22   1.996499E-14   90.0
21   3.438865E-14   87.0
20   5.835665E-14   84.0
19   9.571089E-14   81.0
18   1.546278E-13   78.0
17   2.457972E-13   75.0
16   3.838498E-13   72.0
15   5.809528E-13   69.0
14   8.537337E-13   66.0
13   1.214825E-12   63.0
12   1.679083E-12   60.0
11   2.741941E-12   55.0
10   3.934704E-12   50.0
 9   3.614237E-12   45.0
 8   7.224641E-14   40.0
 7   4.018527E-14   35.0
 6   5.293745E-14   30.0
 5   4.801917E-14   25.0
 4   2.007048E-14   20.0
 3   2.042073E-15   15.0
 2   1.880415E-17   10.0
3.930000E+00   0.000000E+00  87
88   1.742000E-20  400.0
87   1.821000E-20  395.0
86   1.987000E-20  390.0
85   2.170000E-20  385.0
84   2.371000E-20  380.0
83   2.593000E-20  375.0
82   2.838000E-20  370.0
81   3.108000E-20  365.0
80   3.408000E-20  360.0
79   3.739000E-20  355.0
78   4.107000E-20  350.0
77   4.514000E-20  345.0
76   4.966000E-20  340.0
75   5.470000E-20  335.0
74   6.031000E-20  330.0
73   6.658000E-20  325.0
72   7.357000E-20  320.0
71   8.140000E-20  315.0
70   9.020000E-20  310.0
69   1.001000E-19  305.0
68   1.112000E-19  300.0
67   1.237000E-19  295.0
66   1.379000E-19  290.0
65   1.539000E-19  285.0
64   1.721000E-19  280.0
63   1.928000E-19  275.0
62   2.164000E-19  270.0
61   2.433000E-19  265.0
60   2.742000E-19  260.0
59   3.099000E-19  255.0
58   3.510000E-19  250.0
57   3.986000E-19  245.0
56   4.540000E-19  240.0
55   5.186000E-19  235.0
54   5.943000E-19  230.0
53   6.836000E-19  225.0
52   7.892000E-19  220.0
51   9.150000E-19  215.0
50   1.066000E-18  210.0
49   1.247000E-18  205.0
48   1.467000E-18  200.0
47   1.736000E-18  195.0
46   2.068000E-18  190.0
45   2.482000E-18  185.0
44   3.001000E-18  180.0
43   3.665000E-18  175.0
42   4.519000E-18  170.0
41   5.643000E-18  165.0
40   7.138000E-18  160.0
39   9.181000E-18  155.0
38   1.202000E-17  150.0
37   1.611000E-17  145.0
36   2.215000E-17  140.0
35   3.141000E-17  135.0
34   4.520000E-17  130.0
33   7.022000E-17  125.0
32   1.049000E-16  120.0
31   1.744556E-16  117.0
30   2.689574E-16  114.0
29   4.418387E-16  111.0
28   7.584981E-16  108.0
27   1.287205E-15  105.0
26   2.197253E-15  102.0
25   3.791244E-15   99.0
24   6.621838E-15   96.0
23   1.152279E-14   93.0
22   1.991073E-14   90.0
21   3.432545E-14   87.0
20   5.825909E-14   84.0
19   9.554215E-14   81.0
18   1.541272E-13   78.0
17   2.443912E-13   75.0
16   3.798940E-13   72.0
15   5.710009E-13   69.0
14   8.319557E-13   66.0
13   1.175870E-12   63.0
12   1.624617E-12   60.0
11   2.608928E-12   55.0
10   3.491825E-12   50.0
 9   1.752336E-12   45.0
 8   2.094587E-14   40.0
 7   2.723447E-14   35.0
 6   3.529401E-14   30.0
 5   3.081797E-14   25.0
 4   1.169296E-14   20.0
 3   9.609979E-16   15.0
 2   5.764139E-18   10.0
3.300000E+00   0.000000E+00  87
88   1.734000E-20  400.0
87   1.813000E-20  395.0
86   1.978000E-20  390.0
85   2.160000E-20  385.0
84   2.360000E-20  380.0
83   2.581000E-20  375.0
82   2.825000E-20  370.0
81   3.094000E-20  365.0
80   3.392000E-20  360.0
79   3.722000E-20  355.0
78   4.088000E-20  350.0
77   4.494000E-20  345.0
76   4.944000E-20  340.0
75   5.444000E-20  335.0
74   6.003000E-20  330.0
73   6.627000E-20  325.0
72   7.323000E-20  320.0
71   8.103000E-20  315.0
70   8.978000E-20  310.0
69   9.961000E-20  305.0
68   1.107000E-19  300.0
67   1.231000E-19  295.0
66   1.372000E-19  290.0
65   1.532000E-19  285.0
64   1.713000E-19  280.0
63   1.919000E-19  275.0
62   2.154000E-19  270.0
61   2.422000E-19  265.0
60   2.730000E-19  260.0
59   3.084000E-19  255.0
58   3.494000E-19  250.0
57   3.968000E-19  245.0
56   4.519000E-19  240.0
55   5.162000E-19  235.0
54   5.916000E-19  230.0
53   6.804000E-19  225.0
52   7.856000E-19  220.0
51   9.108000E-19  215.0
50   1.061000E-18  210.0
49   1.241000E-18  205.0
48   1.460000E-18  200.0
47   1.728000E-18  195.0
46   2.059000E-18  190.0
45   2.470000E-18  185.0
44   2.988000E-18  180.0
43   3.648000E-18  175.0
42   4.499000E-18  170.0
41   5.617000E-18  165.0
40   7.105000E-18  160.0
39   9.138000E-18  155.0
38   1.197000E-17  150.0
37   1.604000E-17  145.0
36   2.205000E-17  140.0
35   3.127000E-17  135.0
34   4.499000E-17  130.0
33   6.989000E-17  125.0
32   1.044000E-16  120.0
31   1.740072E-16  117.0
30   2.684568E-16  114.0
29   4.407899E-16  111.0
28   7.569647E-16  108.0
27   1.285676E-15  105.0
26   2.195723E-15  102.0
25   3.786654E-15   99.0
24   6.610654E-15   96.0
23   1.149748E-14   93.0
22   1.987067E-14   90.0
21   3.424113E-14   87.0
20   5.810567E-14   84.0
19   9.527189E-14   81.0
18   1.535359E-13   78.0
17   2.429601E-13   75.0
16   3.761725E-13   72.0
15   5.620851E-13   69.0
14   8.134797E-13   66.0
13   1.145853E-12   63.0
12   1.579514E-12   60.0
11   2.455181E-12   55.0
10   3.001992E-12   50.0
 9   5.239099E-13   45.0
 8   1.253600E-14   40.0
 7   1.865035E-14   35.0
 6   2.376467E-14   30.0
 5   1.997577E-14   25.0
 4   6.873797E-15   20.0
 3   4.522458E-16   15.0
 2   1.712454E-18   10.0
2.810000E+00   0.000000E+00  87
88   1.732000E-20  400.0
87   1.810000E-20  395.0
86   1.975000E-20  390.0
85   2.157000E-20  385.0
84   2.357000E-20  380.0
83   2.577000E-20  375.0
82   2.821000E-20  370.0
81   3.090000E-20  365.0
80   3.387000E-20  360.0
79   3.717000E-20  355.0
78   4.082000E-20  350.0
77   4.487000E-20  345.0
76   4.936000E-20  340.0
75   5.436000E-20  335.0
74   5.994000E-20  330.0
73   6.617000E-20  325.0
72   7.313000E-20  320.0
71   8.091000E-20  315.0
70   8.965000E-20  310.0
69   9.947000E-20  305.0
68   1.105000E-19  300.0
67   1.230000E-19  295.0
66   1.370000E-19  290.0
65   1.529000E-19  285.0
64   1.710000E-19  280.0
63   1.916000E-19  275.0
62   2.150000E-19  270.0
61   2.418000E-19  265.0
60   2.726000E-19  260.0
59   3.080000E-19  255.0
58   3.489000E-19  250.0
57   3.962000E-19  245.0
56   4.512000E-19  240.0
55   5.154000E-19  235.0
54   5.907000E-19  230.0
53   6.794000E-19  225.0
52   7.844000E-19  220.0
51   9.095000E-19  215.0
50   1.059000E-18  210.0
49   1.239000E-18  205.0
48   1.458000E-18  200.0
47   1.726000E-18  195.0
46   2.056000E-18  190.0
45   2.467000E-18  185.0
44   2.983000E-18  180.0
43   3.642000E-18  175.0
42   4.492000E-18  170.0
41   5.608000E-18  165.0
40   7.095000E-18  160.0
39   9.125000E-18  155.0
38   1.195000E-17  150.0
37   1.601000E-17  145.0
36   2.202000E-17  140.0
35   3.122000E-17  135.0
34   4.492000E-17  130.0
33   6.979000E-17  125.0
32   1.043000E-16  120.0
31   1.738071E-16  117.0
30   2.684568E-16  114.0
29   4.405369E-16  111.0
28   7.565641E-16  108.0
27   1.285202E-15  105.0
26   2.197253E-15  102.0
25   3.790131E-15   99.0
24   6.618441E-15   96.0
23   1.151222E-14   93.0
22   1.987486E-14   90.0
21   3.423424E-14   87.0
20   5.805832E-14   84.0
19   9.504351E-14   81.0
18   1.528352E-13   78.0
17   2.410626E-13   75.0
16   3.714412E-13   72.0
15   5.517193E-13   69.0
14   7.951832E-13   66.0
13   1.119937E-12   63.0
12   1.535054E-12   60.0
11   2.301874E-12   55.0
10   2.420541E-12   50.0
 9   1.032030E-13   45.0
 8   8.871097E-15   40.0
 7   1.311875E-14   35.0
 6   1.646494E-14   30.0
 5   1.334764E-14   25.0
 4   4.183657E-15   20.0
 3   2.212790E-16   15.0
 2   5.255568E-19   10.0
2.320000E+00   0.000000E+00  87
88   1.735000E-20  400.0
87   1.814000E-20  395.0
86   1.979000E-20  390.0
85   2.161000E-20  385.0
84   2.362000E-20  380.0
83   2.583000E-20  375.0
82   2.827000E-20  370.0
81   3.096000E-20  365.0
80   3.394000E-20  360.0
79   3.724000E-20  355.0
78   4.090000E-20  350.0
77   4.496000E-20  345.0
76   4.947000E-20  340.0
75   5.448000E-20  335.0
74   6.007000E-20  330.0
73   6.631000E-20  325.0
72   7.328000E-20  320.0
71   8.108000E-20  315.0
70   8.983000E-20  310.0
69   9.967000E-20  305.0
68   1.107000E-19  300.0
67   1.232000E-19  295.0
66   1.373000E-19  290.0
65   1.533000E-19  285.0
64   1.714000E-19  280.0
63   1.920000E-19  275.0
62   2.155000E-19  270.0
61   2.423000E-19  265.0
60   2.731000E-19  260.0
59   3.086000E-19  255.0
58   3.496000E-19  250.0
57   3.970000E-19  245.0
56   4.522000E-19  240.0
55   5.165000E-19  235.0
54   5.919000E-19  230.0
53   6.808000E-19  225.0
52   7.861000E-19  220.0
51   9.113000E-19  215.0
50   1.061000E-18  210.0
49   1.242000E-18  205.0
48   1.461000E-18  200.0
47   1.729000E-18  195.0
46   2.060000E-18  190.0
45   2.472000E-18  185.0
44   2.989000E-18  180.0
43   3.650000E-18  175.0
42   4.501000E-18  170.0
41   5.620000E-18  165.0
40   7.109000E-18  160.0
39   9.144000E-18  155.0
38   1.197000E-17  150.0
37   1.604000E-17  145.0
36   2.207000E-17  140.0
35   3.129000E-17  135.0
34   4.502000E-17  130.0
33   6.993000E-17  125.0
32   1.045000E-16  120.0
31   1.739552E-16  117.0
30   2.690097E-16  114.0
29   4.414276E-16  111.0
28   7.575074E-16  108.0
27   1.287732E-15  105.0
26   2.201840E-15  102.0
25   3.801732E-15   99.0
24   6.642119E-15   96.0
23   1.155757E-14   93.0
22   1.995498E-14   90.0
21   3.437390E-14   87.0
20   5.825807E-14   84.0
19   9.524705E-14   81.0
18   1.527304E-13   78.0
17   2.398092E-13   75.0
16   3.670813E-13   72.0
15   5.416046E-13   69.0
14   7.776407E-13   66.0
13   1.090890E-12   63.0
12   1.472583E-12   60.0
11   2.091770E-12   55.0
10   1.357792E-12   50.0
 9   1.032265E-14   45.0
 8   5.897320E-15   40.0
 7   8.604737E-15   35.0
 6   1.060000E-14   30.0
 5   8.216917E-15   25.0
 4   2.298083E-15   20.0
 3   9.222278E-17   15.0
 2   1.186514E-19   10.0
1.930000E+00   0.000000E+00  87
88   1.744000E-20  400.0
87   1.823000E-20  395.0
86   1.989000E-20  390.0
85   2.172000E-20  385.0
84   2.374000E-20  380.0
83   2.596000E-20  375.0
82   2.841000E-20  370.0
81   3.112000E-20  365.0
80   3.411000E-20  360.0
79   3.743000E-20  355.0
78   4.111000E-20  350.0
77   4.519000E-20  345.0
76   4.972000E-20  340.0
75   5.475000E-20  335.0
74   6.037000E-20  330.0
73   6.664000E-20  325.0
72   7.365000E-20  320.0
71   8.149000E-20  315.0
70   9.029000E-20  310.0
69   1.002000E-19  305.0
68   1.113000E-19  300.0
67   1.238000E-19  295.0
66   1.380000E-19  290.0
65   1.540000E-19  285.0
64   1.723000E-19  280.0
63   1.930000E-19  275.0
62   2.166000E-19  270.0
61   2.436000E-19  265.0
60   2.745000E-19  260.0
59   3.102000E-19  255.0
58   3.514000E-19  250.0
57   3.990000E-19  245.0
56   4.544000E-19  240.0
55   5.191000E-19  235.0
54   5.949000E-19  230.0
53   6.843000E-19  225.0
52   7.900000E-19  220.0
51   9.160000E-19  215.0
50   1.067000E-18  210.0
49   1.248000E-18  205.0
48   1.469000E-18  200.0
47   1.738000E-18  195.0
46   2.070000E-18  190.0
45   2.484000E-18  185.0
44   3.005000E-18  180.0
43   3.668000E-18  175.0
42   4.524000E-18  170.0
41   5.648000E-18  165.0
40   7.145000E-18  160.0
39   9.190000E-18  155.0
38   1.203000E-17  150.0
37   1.613000E-17  145.0
36   2.218000E-17  140.0
35   3.145000E-17  135.0
34   4.524000E-17  130.0
33   7.029000E-17  125.0
32   1.050000E-16  120.0
31   1.746557E-16  117.0
30   2.702110E-16  114.0
29   4.437202E-16  111.0
28   7.610383E-16  108.0
27   1.293213E-15  105.0
26   2.210853E-15  102.0
25   3.817811E-15   99.0
24   6.671386E-15   96.0
23   1.160819E-14   93.0
22   2.005094E-14   90.0
21   3.451152E-14   87.0
20   5.843234E-14   84.0
19   9.536099E-14   81.0
18   1.524484E-13   78.0
17   2.381860E-13   75.0
16   3.627261E-13   72.0
15   5.331580E-13   69.0
14   7.647683E-13   66.0
13   1.066035E-12   63.0
12   1.412197E-12   60.0
11   1.821996E-12   55.0
10   4.331663E-13   50.0
 9   2.818520E-15   45.0
 8   3.980541E-15   40.0
 7   5.730739E-15   35.0
 6   6.926974E-15   30.0
 5   5.141229E-15   25.0
 4   1.285060E-15   20.0
 3   3.894920E-17   15.0
 2   2.610129E-20   10.0
1.640000E+00   0.000000E+00  87
88   1.752000E-20  400.0
87   1.832000E-20  395.0
86   1.999000E-20  390.0
85   2.182000E-20  385.0
84   2.385000E-20  380.0
83   2.608000E-20  375.0
82   2.854000E-20  370.0
81   3.126000E-20  365.0
80   3.427000E-20  360.0
79   3.761000E-20  355.0
78   4.130000E-20  350.0
77   4.540000E-20  345.0
76   4.995000E-20  340.0
75   5.501000E-20  335.0
74   6.065000E-20  330.0
73   6.696000E-20  325.0
72   7.399000E-20  320.0
71   8.187000E-20  315.0
70   9.071000E-20  310.0
69   1.006000E-19  305.0
68   1.118000E-19  300.0
67   1.244000E-19  295.0
66   1.386000E-19  290.0
65   1.548000E-19  285.0
64   1.731000E-19  280.0
63   1.939000E-19  275.0
62   2.176000E-19  270.0
61   2.447000E-19  265.0
60   2.758000E-19  260.0
59   3.116000E-19  255.0
58   3.530000E-19  250.0
57   4.009000E-19  245.0
56   4.566000E-19  240.0
55   5.215000E-19  235.0
54   5.977000E-19  230.0
53   6.875000E-19  225.0
52   7.937000E-19  220.0
51   9.203000E-19  215.0
50   1.072000E-18  210.0
49   1.254000E-18  205.0
48   1.475000E-18  200.0
47   1.746000E-18  195.0
46   2.080000E-18  190.0
45   2.496000E-18  185.0
44   3.019000E-18  180.0
43   3.686000E-18  175.0
42   4.545000E-18  170.0
41   5.675000E-18  165.0
40   7.179000E-18  160.0
39   9.233000E-18  155.0
38   1.209000E-17  150.0
37   1.620000E-17  145.0
36   2.228000E-17  140.0
35   3.159000E-17  135.0
34   4.546000E-17  130.0
33   7.062000E-17  125.0
32   1.055000E-16  120.0
31   1.758006E-16  117.0
30   2.720129E-16  114.0
29   4.471197E-16  111.0
28   7.668143E-16  108.0
27   1.302173E-15  105.0
26   2.225768E-15  102.0
25   3.842629E-15   99.0
24   6.713591E-15   96.0
23   1.168248E-14   93.0
22   2.016529E-14   90.0
21   3.469911E-14   87.0
20   5.869338E-14   84.0
19   9.557889E-14   81.0
18   1.522869E-13   78.0
17   2.369240E-13   75.0
16   3.591513E-13   72.0
15   5.265722E-13   69.0
14   7.527855E-13   66.0
13   1.035536E-12   63.0
12   1.340638E-12   60.0
11   1.520856E-12   55.0
10   8.398222E-14   50.0
 9   1.881179E-15   45.0
 8   2.811559E-15   40.0
 7   3.997595E-15   35.0
 6   4.749432E-15   30.0
 5   3.388953E-15   25.0
 4   7.660302E-16   20.0
 3   1.792059E-17   15.0
 2   6.364597E-21   10.0
1.400000E+00   0.000000E+00  87
88   1.770000E-20  400.0
87   1.850000E-20  395.0
86   2.019000E-20  390.0
85   2.205000E-20  385.0
84   2.409000E-20  380.0
83   2.634000E-20  375.0
82   2.883000E-20  370.0
81   3.158000E-20  365.0
80   3.462000E-20  360.0
79   3.799000E-20  355.0
78   4.172000E-20  350.0
77   4.586000E-20  345.0
76   5.046000E-20  340.0
75   5.557000E-20  335.0
74   6.127000E-20  330.0
73   6.764000E-20  325.0
72   7.475000E-20  320.0
71   8.270000E-20  315.0
70   9.164000E-20  310.0
69   1.017000E-19  305.0
68   1.130000E-19  300.0
67   1.257000E-19  295.0
66   1.401000E-19  290.0
65   1.563000E-19  285.0
64   1.748000E-19  280.0
63   1.959000E-19  275.0
62   2.198000E-19  270.0
61   2.472000E-19  265.0
60   2.786000E-19  260.0
59   3.148000E-19  255.0
58   3.566000E-19  250.0
57   4.050000E-19  245.0
56   4.612000E-19  240.0
55   5.269000E-19  235.0
54   6.038000E-19  230.0
53   6.945000E-19  225.0
52   8.018000E-19  220.0
51   9.296000E-19  215.0
50   1.083000E-18  210.0
49   1.267000E-18  205.0
48   1.491000E-18  200.0
47   1.764000E-18  195.0
46   2.101000E-18  190.0
45   2.521000E-18  185.0
44   3.049000E-18  180.0
43   3.723000E-18  175.0
42   4.592000E-18  170.0
41   5.733000E-18  165.0
40   7.252000E-18  160.0
39   9.327000E-18  155.0
38   1.221000E-17  150.0
37   1.637000E-17  145.0
36   2.251000E-17  140.0
35   3.192000E-17  135.0
34   4.592000E-17  130.0
33   7.134000E-17  125.0
32   1.066000E-16  120.0
31   1.775980E-16  117.0
30   2.744109E-16  114.0
29   4.516260E-16  111.0
28   7.751521E-16  108.0
27   1.316614E-15  105.0
26   2.249640E-15  102.0
25   3.883887E-15   99.0
24   6.787089E-15   96.0
23   1.181157E-14   93.0
22   2.039344E-14   90.0
21   3.509224E-14   87.0
20   5.930688E-14   84.0
19   9.639030E-14   81.0
18   1.530923E-13   78.0
17   2.371851E-13   75.0
16   3.585189E-13   72.0
15   5.250045E-13   69.0
14   7.462980E-13   66.0
13   1.012819E-12   63.0
12   1.275156E-12   60.0
11   1.028853E-12   55.0
10   9.301965E-15   50.0
 9   1.358562E-15   45.0
 8   2.007709E-15   40.0
 7   2.817593E-15   35.0
 6   3.289897E-15   30.0
 5   2.258260E-15   25.0
 4   4.625561E-16   20.0
 3   8.344127E-18   15.0
 2   1.511465E-21   10.0
1.200000E+00   0.000000E+00  87
88   1.800000E-20  400.0
87   1.882000E-20  395.0
86   2.053000E-20  390.0
85   2.242000E-20  385.0
84   2.450000E-20  380.0
83   2.679000E-20  375.0
82   2.932000E-20  370.0
81   3.211000E-20  365.0
80   3.521000E-20  360.0
79   3.863000E-20  355.0
78   4.243000E-20  350.0
77   4.664000E-20  345.0
76   5.131000E-20  340.0
75   5.651000E-20  335.0
74   6.231000E-20  330.0
73   6.878000E-20  325.0
72   7.601000E-20  320.0
71   8.410000E-20  315.0
70   9.318000E-20  310.0
69   1.034000E-19  305.0
68   1.149000E-19  300.0
67   1.278000E-19  295.0
66   1.424000E-19  290.0
65   1.590000E-19  285.0
64   1.778000E-19  280.0
63   1.992000E-19  275.0
62   2.235000E-19  270.0
61   2.514000E-19  265.0
60   2.833000E-19  260.0
59   3.201000E-19  255.0
58   3.626000E-19  250.0
57   4.118000E-19  245.0
56   4.690000E-19  240.0
55   5.357000E-19  235.0
54   6.140000E-19  230.0
53   7.062000E-19  225.0
52   8.153000E-19  220.0
51   9.453000E-19  215.0
50   1.101000E-18  210.0
49   1.288000E-18  205.0
48   1.516000E-18  200.0
47   1.794000E-18  195.0
46   2.137000E-18  190.0
45   2.564000E-18  185.0
44   3.101000E-18  180.0
43   3.786000E-18  175.0
42   4.669000E-18  170.0
41   5.829000E-18  165.0
40   7.374000E-18  160.0
39   9.484000E-18  155.0
38   1.242000E-17  150.0
37   1.664000E-17  145.0
36   2.289000E-17  140.0
35   3.245000E-17  135.0
34   4.669000E-17  130.0
33   7.254000E-17  125.0
32   1.084000E-16  120.0
31   1.800960E-16  117.0
30   2.779008E-16  114.0
29   4.574761E-16  111.0
28   7.859625E-16  108.0
27   1.335588E-15  105.0
26   2.283581E-15  102.0
25   3.943340E-15   99.0
24   6.892031E-15   96.0
23   1.199185E-14   93.0
22   2.069972E-14   90.0
21   3.556034E-14   87.0
20   5.994319E-14   84.0
19   9.707943E-14   81.0
18   1.534581E-13   78.0
17   2.366492E-13   75.0
16   3.567332E-13   72.0
15   5.208268E-13   69.0
14   7.323514E-13   66.0
13   9.742379E-13   63.0
12   1.172620E-12   60.0
11   4.601688E-13   55.0
10   1.190335E-15   50.0
 9   9.926064E-16   45.0
 8   1.448137E-15   40.0
 7   2.006426E-15   35.0
 6   2.300875E-15   30.0
 5   1.520458E-15   25.0
 4   2.827998E-16   20.0
 3   3.936957E-18   15.0
 2   3.488627E-22   10.0
1.005000E+00   0.000000E+00  87
88   1.854000E-20  400.0
87   1.938000E-20  395.0
86   2.114000E-20  390.0
85   2.309000E-20  385.0
84   2.523000E-20  380.0
83   2.759000E-20  375.0
82   3.019000E-20  370.0
81   3.307000E-20  365.0
80   3.626000E-20  360.0
79   3.978000E-20  355.0
78   4.369000E-20  350.0
77   4.803000E-20  345.0
76   5.284000E-20  340.0
75   5.819000E-20  335.0
74   6.416000E-20  330.0
73   7.083000E-20  325.0
72   7.827000E-20  320.0
71   8.660000E-20  315.0
70   9.596000E-20  310.0
69   1.065000E-19  305.0
68   1.183000E-19  300.0
67   1.316000E-19  295.0
66   1.467000E-19  290.0
65   1.637000E-19  285.0
64   1.831000E-19  280.0
63   2.051000E-19  275.0
62   2.302000E-19  270.0
61   2.589000E-19  265.0
60   2.918000E-19  260.0
59   3.297000E-19  255.0
58   3.734000E-19  250.0
57   4.241000E-19  245.0
56   4.830000E-19  240.0
55   5.517000E-19  235.0
54   6.323000E-19  230.0
53   7.272000E-19  225.0
52   8.396000E-19  220.0
51   9.735000E-19  215.0
50   1.134000E-18  210.0
49   1.327000E-18  205.0
48   1.561000E-18  200.0
47   1.847000E-18  195.0
46   2.200000E-18  190.0
45   2.640000E-18  185.0
44   3.193000E-18  180.0
43   3.899000E-18  175.0
42   4.808000E-18  170.0
41   6.003000E-18  165.0
40   7.594000E-18  160.0
39   9.767000E-18  155.0
38   1.279000E-17  150.0
37   1.714000E-17  145.0
36   2.357000E-17  140.0
35   3.342000E-17  135.0
34   4.808000E-17  130.0
33   7.470000E-17  125.0
32   1.116000E-16  120.0
31   1.838909E-16  117.0
30   2.833881E-16  114.0
29   4.663094E-16  111.0
28   8.015635E-16  108.0
27   1.362625E-15  105.0
26   2.331178E-15  102.0
25   4.024992E-15   99.0
24   7.031941E-15   96.0
23   1.222219E-14   93.0
22   2.107025E-14   90.0
21   3.613376E-14   87.0
20   6.081681E-14   84.0
19   9.828245E-14   81.0
18   1.549374E-13   78.0
17   2.385734E-13   75.0
16   3.594556E-13   72.0
15   5.222617E-13   69.0
14   7.245053E-13   66.0
13   9.362156E-13   63.0
12   1.018409E-12   60.0
11   8.791160E-14   55.0
10   5.057598E-16   50.0
 9   6.946890E-16   45.0
 8   9.971770E-16   40.0
 7   1.359669E-15   35.0
 6   1.526362E-15   30.0
 5   9.644361E-16   25.0
 4   1.605942E-16   20.0
 3   1.649494E-18   15.0
 2   5.923340E-23   10.0
8.100001E-01   0.000000E+00  87
88   1.965000E-20  400.0
87   2.054000E-20  395.0
86   2.241000E-20  390.0
85   2.447000E-20  385.0
84   2.674000E-20  380.0
83   2.924000E-20  375.0
82   3.200000E-20  370.0
81   3.505000E-20  365.0
80   3.843000E-20  360.0
79   4.216000E-20  355.0
78   4.631000E-20  350.0
77   5.090000E-20  345.0
76   5.600000E-20  340.0
75   6.167000E-20  335.0
74   6.800000E-20  330.0
73   7.507000E-20  325.0
72   8.296000E-20  320.0
71   9.179000E-20  315.0
70   1.017000E-19  310.0
69   1.128000E-19  305.0
68   1.254000E-19  300.0
67   1.395000E-19  295.0
66   1.554000E-19  290.0
65   1.735000E-19  285.0
64   1.940000E-19  280.0
63   2.174000E-19  275.0
62   2.440000E-19  270.0
61   2.743000E-19  265.0
60   3.092000E-19  260.0
59   3.494000E-19  255.0
58   3.958000E-19  250.0
57   4.495000E-19  245.0
56   5.119000E-19  240.0
55   5.847000E-19  235.0
54   6.701000E-19  230.0
53   7.708000E-19  225.0
52   8.899000E-19  220.0
51   1.032000E-18  215.0
50   1.201000E-18  210.0
49   1.406000E-18  205.0
48   1.654000E-18  200.0
47   1.958000E-18  195.0
46   2.332000E-18  190.0
45   2.798000E-18  185.0
44   3.384000E-18  180.0
43   4.132000E-18  175.0
42   5.096000E-18  170.0
41   6.362000E-18  165.0
40   8.048000E-18  160.0
39   1.035000E-17  155.0
38   1.355000E-17  150.0
37   1.816000E-17  145.0
36   2.498000E-17  140.0
35   3.542000E-17  135.0
34   5.096000E-17  130.0
33   7.917000E-17  125.0
32   1.183000E-16  120.0
31   1.901442E-16  117.0
30   2.932231E-16  114.0
29   4.815727E-16  111.0
28   8.275097E-16  108.0
27   1.407055E-15  105.0
26   2.406545E-15  102.0
25   4.154165E-15   99.0
24   7.258542E-15   96.0
23   1.263006E-14   93.0
22   2.178642E-14   90.0
21   3.737072E-14   87.0
20   6.269537E-14   84.0
19   1.007152E-13   81.0
18   1.577099E-13   78.0
17   2.416493E-13   75.0
16   3.621333E-13   72.0
15   5.185048E-13   69.0
14   6.987551E-13   66.0
13   8.353844E-13   63.0
12   6.452138E-13   60.0
11   3.279640E-15   55.0
10   3.326990E-16   50.0
 9   4.528647E-16   45.0
 8   6.366045E-16   40.0
 7   8.499850E-16   35.0
 6   9.279621E-16   30.0
 5   5.549138E-16   25.0
 4   8.069522E-17   20.0
 3   5.694428E-19   15.0
 2   5.882410E-24   10.0
6.600000E-01   0.000000E+00  87
88   2.080000E-20  400.0
87   2.174000E-20  395.0
86   2.373000E-20  390.0
85   2.591000E-20  385.0
84   2.831000E-20  380.0
83   3.096000E-20  375.0
82   3.388000E-20  370.0
81   3.711000E-20  365.0
80   4.068000E-20  360.0
79   4.464000E-20  355.0
78   4.903000E-20  350.0
77   5.389000E-20  345.0
76   5.929000E-20  340.0
75   6.530000E-20  335.0
74   7.200000E-20  330.0
73   7.948000E-20  325.0
72   8.783000E-20  320.0
71   9.718000E-20  315.0
70   1.077000E-19  310.0
69   1.195000E-19  305.0
68   1.327000E-19  300.0
67   1.477000E-19  295.0
66   1.646000E-19  290.0
65   1.837000E-19  285.0
64   2.054000E-19  280.0
63   2.301000E-19  275.0
62   2.583000E-19  270.0
61   2.905000E-19  265.0
60   3.274000E-19  260.0
59   3.699000E-19  255.0
58   4.190000E-19  250.0
57   4.759000E-19  245.0
56   5.420000E-19  240.0
55   6.191000E-19  235.0
54   7.095000E-19  230.0
53   8.161000E-19  225.0
52   9.422000E-19  220.0
51   1.092000E-18  215.0
50   1.272000E-18  210.0
49   1.489000E-18  205.0
48   1.751000E-18  200.0
47   2.073000E-18  195.0
46   2.469000E-18  190.0
45   2.963000E-18  185.0
44   3.583000E-18  180.0
43   4.375000E-18  175.0
42   5.395000E-18  170.0
41   6.736000E-18  165.0
40   8.521000E-18  160.0
39   1.096000E-17  155.0
38   1.435000E-17  150.0
37   1.923000E-17  145.0
36   2.645000E-17  140.0
35   3.750000E-17  135.0
34   5.396000E-17  130.0
33   8.382000E-17  125.0
32   1.252000E-16  120.0
31   1.978423E-16  117.0
30   3.059613E-16  114.0
29   5.023276E-16  111.0
28   8.626624E-16  108.0
27   1.466400E-15  105.0
26   2.509208E-15  102.0
25   4.336084E-15   99.0
24   7.583403E-15   96.0
23   1.318563E-14   93.0
22   2.266879E-14   90.0
21   3.867781E-14   87.0
20   6.461932E-14   84.0
19   1.035842E-13   81.0
18   1.622836E-13   78.0
17   2.487348E-13   75.0
16   3.702612E-13   72.0
15   5.205495E-13   69.0
14   6.719343E-13   66.0
13   6.896758E-13   63.0
12   1.660493E-13   60.0
11   2.143995E-16   55.0
10   2.274894E-16   50.0
 9   3.037667E-16   45.0
 8   4.178306E-16   40.0
 7   5.461683E-16   35.0
 6   5.796737E-16   30.0
 5   3.282234E-16   25.0
 4   4.199329E-17   20.0
 3   2.064456E-19   15.0
 2   5.275467E-25   10.0
5.650000E-01   0.000000E+00  87
88   2.161000E-20  400.0
87   2.259000E-20  395.0
86   2.465000E-20  390.0
85   2.692000E-20  385.0
84   2.941000E-20  380.0
83   3.216000E-20  375.0
82   3.520000E-20  370.0
81   3.856000E-20  365.0
80   4.227000E-20  360.0
79   4.638000E-20  355.0
78   5.094000E-20  350.0
77   5.599000E-20  345.0
76   6.160000E-20  340.0
75   6.784000E-20  335.0
74   7.481000E-20  330.0
73   8.258000E-20  325.0
72   9.126000E-20  320.0
71   1.010000E-19  315.0
70   1.119000E-19  310.0
69   1.241000E-19  305.0
68   1.379000E-19  300.0
67   1.535000E-19  295.0
66   1.710000E-19  290.0
65   1.909000E-19  285.0
64   2.134000E-19  280.0
63   2.391000E-19  275.0
62   2.684000E-19  270.0
61   3.018000E-19  265.0
60   3.402000E-19  260.0
59   3.844000E-19  255.0
58   4.354000E-19  250.0
57   4.945000E-19  245.0
56   5.631000E-19  240.0
55   6.432000E-19  235.0
54   7.372000E-19  230.0
53   8.479000E-19  225.0
52   9.789000E-19  220.0
51   1.135000E-18  215.0
50   1.322000E-18  210.0
49   1.547000E-18  205.0
48   1.820000E-18  200.0
47   2.154000E-18  195.0
46   2.565000E-18  190.0
45   3.078000E-18  185.0
44   3.723000E-18  180.0
43   4.545000E-18  175.0
42   5.606000E-18  170.0
41   6.999000E-18  165.0
40   8.853000E-18  160.0
39   1.139000E-17  155.0
38   1.491000E-17  150.0
37   1.998000E-17  145.0
36   2.748000E-17  140.0
35   3.896000E-17  135.0
34   5.606000E-17  130.0
33   8.709000E-17  125.0
32   1.301000E-16  120.0
31   2.050361E-16  117.0
30   3.176601E-16  114.0
29   5.222553E-16  111.0
28   8.970099E-16  108.0
27   1.525270E-15  105.0
26   2.610614E-15  102.0
25   4.510660E-15   99.0
24   7.873795E-15   96.0
23   1.365523E-14   93.0
22   2.346511E-14   90.0
21   4.009551E-14   87.0
20   6.692919E-14   84.0
19   1.067488E-13   81.0
18   1.663570E-13   78.0
17   2.534468E-13   75.0
16   3.730003E-13   72.0
15   5.123290E-13   69.0
14   6.121827E-13   66.0
13   4.113142E-13   63.0
12   2.475574E-14   60.0
11   1.426899E-16   55.0
10   1.713601E-16   50.0
 9   2.253119E-16   45.0
 8   3.046437E-16   40.0
 7   3.913540E-16   35.0
 6   4.058817E-16   30.0
 5   2.201769E-16   25.0
 4   2.553712E-17   20.0
 3   9.519198E-20   15.0
 2   2.231000E-25   10.0
4.750000E-01   0.000000E+00  86
88   2.261000E-20  400.0
87   2.364000E-20  395.0
86   2.579000E-20  390.0
85   2.816000E-20  385.0
84   3.077000E-20  380.0
83   3.365000E-20  375.0
82   3.683000E-20  370.0
81   4.034000E-20  365.0
80   4.423000E-20  360.0
79   4.853000E-20  355.0
78   5.329000E-20  350.0
77   5.858000E-20  345.0
76   6.445000E-20  340.0
75   7.098000E-20  335.0
74   7.827000E-20  330.0
73   8.640000E-20  325.0
72   9.548000E-20  320.0
71   1.056000E-19  315.0
70   1.171000E-19  310.0
69   1.299000E-19  305.0
68   1.443000E-19  300.0
67   1.606000E-19  295.0
66   1.789000E-19  290.0
65   1.997000E-19  285.0
64   2.233000E-19  280.0
63   2.502000E-19  275.0
62   2.808000E-19  270.0
61   3.158000E-19  265.0
60   3.559000E-19  260.0
59   4.021000E-19  255.0
58   4.555000E-19  250.0
57   5.173000E-19  245.0
56   5.891000E-19  240.0
55   6.730000E-19  235.0
54   7.713000E-19  230.0
53   8.871000E-19  225.0
52   1.024000E-18  220.0
51   1.187000E-18  215.0
50   1.383000E-18  210.0
49   1.618000E-18  205.0
48   1.904000E-18  200.0
47   2.253000E-18  195.0
46   2.684000E-18  190.0
45   3.221000E-18  185.0
44   3.895000E-18  180.0
43   4.756000E-18  175.0
42   5.865000E-18  170.0
41   7.322000E-18  165.0
40   9.263000E-18  160.0
39   1.191000E-17  155.0
38   1.560000E-17  150.0
37   2.091000E-17  145.0
36   2.875000E-17  140.0
35   4.077000E-17  135.0
34   5.865000E-17  130.0
33   9.112000E-17  125.0
32   1.361000E-16  120.0
31   2.152202E-16  117.0
30   3.334537E-16  114.0
29   5.489977E-16  111.0
28   9.432912E-16  108.0
27   1.603802E-15  105.0
26   2.743117E-15  102.0
25   4.731972E-15   99.0
24   8.259978E-15   96.0
23   1.435244E-14   93.0
22   2.468420E-14   90.0
21   4.195647E-14   87.0
20   6.952077E-14   84.0
19   1.106779E-13   81.0
18   1.729720E-13   78.0
17   2.629384E-13   75.0
16   3.811143E-13   72.0
15   5.019932E-13   69.0
14   5.122661E-13   66.0
13   1.017116E-13   63.0
12   1.087145E-15   60.0
11   1.055920E-16   55.0
10   1.256751E-16   50.0
 9   1.620969E-16   45.0
 8   2.147858E-16   40.0
 7   2.701773E-16   35.0
 6   2.724940E-16   30.0
 5   1.407195E-16   25.0
 4   1.459683E-17   20.0
 3   3.982106E-20   15.0
3.850000E-01   0.000000E+00  86
88   2.413000E-20  400.0
87   2.523000E-20  395.0
86   2.752000E-20  390.0
85   3.005000E-20  385.0
84   3.284000E-20  380.0
83   3.591000E-20  375.0
82   3.931000E-20  370.0
81   4.305000E-20  365.0
80   4.720000E-20  360.0
79   5.179000E-20  355.0
78   5.688000E-20  350.0
77   6.253000E-20  345.0
76   6.879000E-20  340.0
75   7.576000E-20  335.0
74   8.353000E-20  330.0
73   9.221000E-20  325.0
72   1.019000E-19  320.0
71   1.127000E-19  315.0
70   1.249000E-19  310.0
69   1.386000E-19  305.0
68   1.540000E-19  300.0
67   1.714000E-19  295.0
66   1.909000E-19  290.0
65   2.131000E-19  285.0
64   2.383000E-19  280.0
63   2.670000E-19  275.0
62   2.997000E-19  270.0
61   3.370000E-19  265.0
60   3.799000E-19  260.0
59   4.292000E-19  255.0
58   4.861000E-19  250.0
57   5.521000E-19  245.0
56   6.288000E-19  240.0
55   7.183000E-19  235.0
54   8.232000E-19  230.0
53   9.468000E-19  225.0
52   1.093000E-18  220.0
51   1.267000E-18  215.0
50   1.476000E-18  210.0
49   1.727000E-18  205.0
48   2.032000E-18  200.0
47   2.405000E-18  195.0
46   2.864000E-18  190.0
45   3.437000E-18  185.0
44   4.157000E-18  180.0
43   5.076000E-18  175.0
42   6.259000E-18  170.0
41   7.815000E-18  165.0
40   9.886000E-18  160.0
39   1.272000E-17  155.0
38   1.665000E-17  150.0
37   2.231000E-17  145.0
36   3.068000E-17  140.0
35   4.351000E-17  135.0
34   6.259000E-17  130.0
33   9.724000E-17  125.0
32   1.453000E-16  120.0
31   2.312967E-16  117.0
30   3.575672E-16  114.0
29   5.887001E-16  111.0
28   1.011771E-15  108.0
27   1.720121E-15  105.0
26   2.942599E-15  102.0
25   5.086854E-15   99.0
24   8.890647E-15   96.0
23   1.539344E-14   93.0
22   2.631752E-14   90.0
21   4.468560E-14   87.0
20   7.407546E-14   84.0
19   1.174937E-13   81.0
18   1.818892E-13   78.0
17   2.721298E-13   75.0
16   3.815018E-13   72.0
15   4.442453E-13   69.0
14   1.877198E-13   66.0
13   4.110350E-15   63.0
12   7.148337E-17   60.0
11   7.417513E-17   55.0
10   8.683126E-17   50.0
 9   1.094203E-16   45.0
 8   1.411660E-16   40.0
 7   1.727421E-16   35.0
 6   1.678616E-16   30.0
 5   8.131806E-17   25.0
 4   7.344132E-18   20.0
 3   1.364823E-20   15.0
3.200000E-01   0.000000E+00  86
88   2.605000E-20  400.0
87   2.723000E-20  395.0
86   2.971000E-20  390.0
85   3.244000E-20  385.0
84   3.545000E-20  380.0
83   3.877000E-20  375.0
82   4.243000E-20  370.0
81   4.647000E-20  365.0
80   5.095000E-20  360.0
79   5.591000E-20  355.0
78   6.140000E-20  350.0
77   6.749000E-20  345.0
76   7.425000E-20  340.0
75   8.177000E-20  335.0
74   9.017000E-20  330.0
73   9.953000E-20  325.0
72   1.100000E-19  320.0
71   1.217000E-19  315.0
70   1.348000E-19  310.0
69   1.496000E-19  305.0
68   1.662000E-19  300.0
67   1.850000E-19  295.0
66   2.061000E-19  290.0
65   2.301000E-19  285.0
64   2.573000E-19  280.0
63   2.882000E-19  275.0
62   3.235000E-19  270.0
61   3.638000E-19  265.0
60   4.100000E-19  260.0
59   4.633000E-19  255.0
58   5.248000E-19  250.0
57   5.960000E-19  245.0
56   6.787000E-19  240.0
55   7.753000E-19  235.0
54   8.885000E-19  230.0
53   1.022000E-18  225.0
52   1.180000E-18  220.0
51   1.368000E-18  215.0
50   1.593000E-18  210.0
49   1.864000E-18  205.0
48   2.193000E-18  200.0
47   2.596000E-18  195.0
46   3.092000E-18  190.0
45   3.710000E-18  185.0
44   4.487000E-18  180.0
43   5.479000E-18  175.0
42   6.757000E-18  170.0
41   8.436000E-18  165.0
40   1.067000E-17  160.0
39   1.372000E-17  155.0
38   1.797000E-17  150.0
37   2.408000E-17  145.0
36   3.312000E-17  140.0
35   4.696000E-17  135.0
34   6.756000E-17  130.0
33   1.050000E-16  125.0
32   1.568000E-16  120.0
31   2.494312E-16  117.0
30   3.848175E-16  114.0
29   6.330036E-16  111.0
28   1.088402E-15  108.0
27   1.852303E-15  105.0
26   3.172705E-15  102.0
25   5.478374E-15   99.0
24   9.535304E-15   96.0
23   1.650438E-14   93.0
22   2.825021E-14   90.0
21   4.764109E-14   87.0
20   7.851993E-14   84.0
19   1.249655E-13   81.0
18   1.926021E-13   78.0
17   2.809229E-13   75.0
16   3.656851E-13   72.0
15   3.013417E-13   69.0
14   2.081656E-14   66.0
13   9.548027E-17   63.0
12   5.000749E-17   60.0
11   5.472703E-17   55.0
10   6.304223E-17   50.0
 9   7.765821E-17   45.0
 8   9.779722E-17   40.0
 7   1.164973E-16   35.0
 6   1.091230E-16   30.0
 5   4.974523E-17   25.0
 4   3.952278E-18   20.0
 3   5.195298E-21   15.0
2.905000E-01   0.000000E+00  86
88   2.722000E-20  400.0
87   2.846000E-20  395.0
86   3.105000E-20  390.0
85   3.390000E-20  385.0
84   3.705000E-20  380.0
83   4.051000E-20  375.0
82   4.434000E-20  370.0
81   4.857000E-20  365.0
80   5.325000E-20  360.0
79   5.843000E-20  355.0
78   6.417000E-20  350.0
77   7.053000E-20  345.0
76   7.760000E-20  340.0
75   8.546000E-20  335.0
74   9.423000E-20  330.0
73   1.040000E-19  325.0
72   1.150000E-19  320.0
71   1.272000E-19  315.0
70   1.409000E-19  310.0
69   1.564000E-19  305.0
68   1.737000E-19  300.0
67   1.933000E-19  295.0
66   2.154000E-19  290.0
65   2.404000E-19  285.0
64   2.689000E-19  280.0
63   3.012000E-19  275.0
62   3.380000E-19  270.0
61   3.802000E-19  265.0
60   4.285000E-19  260.0
59   4.841000E-19  255.0
58   5.484000E-19  250.0
57   6.228000E-19  245.0
56   7.093000E-19  240.0
55   8.102000E-19  235.0
54   9.286000E-19  230.0
53   1.068000E-18  225.0
52   1.233000E-18  220.0
51   1.430000E-18  215.0
50   1.665000E-18  210.0
49   1.948000E-18  205.0
48   2.292000E-18  200.0
47   2.713000E-18  195.0
46   3.231000E-18  190.0
45   3.877000E-18  185.0
44   4.690000E-18  180.0
43   5.726000E-18  175.0
42   7.061000E-18  170.0
41   8.816000E-18  165.0
40   1.115000E-17  160.0
39   1.434000E-17  155.0
38   1.878000E-17  150.0
37   2.517000E-17  145.0
36   3.461000E-17  140.0
35   4.908000E-17  135.0
34   7.061000E-17  130.0
33   1.097000E-16  125.0
32   1.638000E-16  120.0
31   2.603761E-16  117.0
30   4.017939E-16  114.0
29   6.606943E-16  111.0
28   1.136310E-15  108.0
27   1.934206E-15  105.0
26   3.310745E-15  102.0
25   5.705639E-15   99.0
24   9.941599E-15   96.0
23   1.721435E-14   93.0
22   2.933167E-14   90.0
21   4.937738E-14   87.0
20   8.168064E-14   84.0
19   1.292873E-13   81.0
18   1.969053E-13   78.0
17   2.826404E-13   75.0
16   3.456861E-13   72.0
15   1.678454E-13   69.0
14   3.574919E-15   66.0
13   4.416281E-17   63.0
12   4.280625E-17   60.0
11   4.676784E-17   55.0
10   5.337937E-17   50.0
 9   6.497759E-17   45.0
 8   8.073207E-17   40.0
 7   9.467883E-17   35.0
 6   8.687032E-17   30.0
 5   3.826631E-17   25.0
 4   2.834998E-18   20.0
 3   3.095242E-21   15.0
2.555000E-01   0.000000E+00  86
88   2.898000E-20  400.0
87   3.029000E-20  395.0
86   3.305000E-20  390.0
85   3.609000E-20  385.0
84   3.944000E-20  380.0
83   4.313000E-20  375.0
82   4.720000E-20  370.0
81   5.170000E-20  365.0
80   5.668000E-20  360.0
79   6.219000E-20  355.0
78   6.830000E-20  350.0
77   7.508000E-20  345.0
76   8.260000E-20  340.0
75   9.097000E-20  335.0
74   1.003000E-19  330.0
73   1.107000E-19  325.0
72   1.224000E-19  320.0
71   1.354000E-19  315.0
70   1.500000E-19  310.0
69   1.664000E-19  305.0
68   1.849000E-19  300.0
67   2.058000E-19  295.0
66   2.293000E-19  290.0
65   2.559000E-19  285.0
64   2.862000E-19  280.0
63   3.206000E-19  275.0
62   3.598000E-19  270.0
61   4.047000E-19  265.0
60   4.561000E-19  260.0
59   5.154000E-19  255.0
58   5.838000E-19  250.0
57   6.630000E-19  245.0
56   7.551000E-19  240.0
55   8.625000E-19  235.0
54   9.885000E-19  230.0
53   1.137000E-18  225.0
52   1.313000E-18  220.0
51   1.522000E-18  215.0
50   1.772000E-18  210.0
49   2.074000E-18  205.0
48   2.440000E-18  200.0
47   2.888000E-18  195.0
46   3.440000E-18  190.0
45   4.128000E-18  185.0
44   4.992000E-18  180.0
43   6.095000E-18  175.0
42   7.517000E-18  170.0
41   9.385000E-18  165.0
40   1.187000E-17  160.0
39   1.527000E-17  155.0
38   1.999000E-17  150.0
37   2.679000E-17  145.0
36   3.684000E-17  140.0
35   5.224000E-17  135.0
34   7.516000E-17  130.0
33   1.168000E-16  125.0
32   1.744000E-16  120.0
31   2.762251E-16  117.0
30   4.267746E-16  114.0
29   7.017407E-16  111.0
28   1.206724E-15  108.0
27   2.052687E-15  105.0
26   3.507545E-15  102.0
25   6.049036E-15   99.0
24   1.055458E-14   96.0
23   1.820523E-14   93.0
22   3.093549E-14   90.0
21   5.221550E-14   87.0
20   8.582530E-14   84.0
19   1.352102E-13   81.0
18   2.050801E-13   78.0
17   2.853213E-13   75.0
16   2.984068E-13   72.0
15   4.314013E-14   69.0
14   1.945122E-16   66.0
13   3.418999E-17   63.0
12   3.498375E-17   60.0
11   3.804857E-17   55.0
10   4.289634E-17   50.0
 9   5.136703E-17   45.0
 8   6.261233E-17   40.0
 7   7.186980E-17   35.0
 6   6.401357E-17   30.0
 5   2.685901E-17   25.0
 4   1.805738E-18   20.0
 3   1.531820E-21   15.0
2.235000E-01   0.000000E+00  86
88   3.107000E-20  400.0
87   3.248000E-20  395.0
86   3.544000E-20  390.0
85   3.869000E-20  385.0
84   4.228000E-20  380.0
83   4.624000E-20  375.0
82   5.061000E-20  370.0
81   5.543000E-20  365.0
80   6.077000E-20  360.0
79   6.668000E-20  355.0
78   7.323000E-20  350.0
77   8.050000E-20  345.0
76   8.856000E-20  340.0
75   9.753000E-20  335.0
74   1.075000E-19  330.0
73   1.187000E-19  325.0
72   1.312000E-19  320.0
71   1.452000E-19  315.0
70   1.608000E-19  310.0
69   1.785000E-19  305.0
68   1.983000E-19  300.0
67   2.206000E-19  295.0
66   2.458000E-19  290.0
65   2.744000E-19  285.0
64   3.068000E-19  280.0
63   3.438000E-19  275.0
62   3.858000E-19  270.0
61   4.339000E-19  265.0
60   4.890000E-19  260.0
59   5.525000E-19  255.0
58   6.259000E-19  250.0
57   7.108000E-19  245.0
56   8.095000E-19  240.0
55   9.247000E-19  235.0
54   1.060000E-18  230.0
53   1.219000E-18  225.0
52   1.407000E-18  220.0
51   1.632000E-18  215.0
50   1.900000E-18  210.0
49   2.224000E-18  205.0
48   2.616000E-18  200.0
47   3.096000E-18  195.0
46   3.688000E-18  190.0
45   4.425000E-18  185.0
44   5.352000E-18  180.0
43   6.534000E-18  175.0
42   8.059000E-18  170.0
41   1.006000E-17  165.0
40   1.273000E-17  160.0
39   1.637000E-17  155.0
38   2.143000E-17  150.0
37   2.872000E-17  145.0
36   3.950000E-17  140.0
35   5.601000E-17  135.0
34   8.058000E-17  130.0
33   1.252000E-16  125.0
32   1.870000E-16  120.0
31   2.948680E-16  117.0
30   4.564649E-16  114.0
29   7.508090E-16  111.0
28   1.290156E-15  108.0
27   2.192512E-15  105.0
26   3.748398E-15  102.0
25   6.475473E-15   99.0
24   1.125876E-14   96.0
23   1.938103E-14   93.0
22   3.296516E-14   90.0
21   5.525586E-14   87.0
20   9.100733E-14   84.0
19   1.428302E-13   81.0
18   2.104966E-13   78.0
17   2.697389E-13   75.0
16   1.695247E-13   72.0
15   4.522194E-15   69.0
14   3.016704E-17   66.0
13   2.766997E-17   63.0
12   2.842000E-17   60.0
11   3.070914E-17   55.0
10   3.414777E-17   50.0
 9   4.016014E-17   45.0
 8   4.797586E-17   40.0
 7   5.372499E-17   35.0
 6   4.625103E-17   30.0
 5   1.836604E-17   25.0
 4   1.109132E-18   20.0
 3   7.159857E-22   15.0
1.945000E-01   0.000000E+00  86
88   3.354000E-20  400.0
87   3.506000E-20  395.0
86   3.826000E-20  390.0
85   4.177000E-20  385.0
84   4.564000E-20  380.0
83   4.992000E-20  375.0
82   5.463000E-20  370.0
81   5.984000E-20  365.0
80   6.560000E-20  360.0
79   7.198000E-20  355.0
78   7.905000E-20  350.0
77   8.690000E-20  345.0
76   9.561000E-20  340.0
75   1.053000E-19  335.0
74   1.161000E-19  330.0
73   1.282000E-19  325.0
72   1.416000E-19  320.0
71   1.567000E-19  315.0
70   1.736000E-19  310.0
69   1.926000E-19  305.0
68   2.140000E-19  300.0
67   2.382000E-19  295.0
66   2.654000E-19  290.0
65   2.962000E-19  285.0
64   3.312000E-19  280.0
63   3.711000E-19  275.0
62   4.165000E-19  270.0
61   4.684000E-19  265.0
60   5.279000E-19  260.0
59   5.965000E-19  255.0
58   6.757000E-19  250.0
57   7.674000E-19  245.0
56   8.739000E-19  240.0
55   9.983000E-19  235.0
54   1.144000E-18  230.0
53   1.316000E-18  225.0
52   1.519000E-18  220.0
51   1.761000E-18  215.0
50   2.051000E-18  210.0
49   2.400000E-18  205.0
48   2.824000E-18  200.0
47   3.342000E-18  195.0
46   3.981000E-18  190.0
45   4.777000E-18  185.0
44   5.778000E-18  180.0
43   7.054000E-18  175.0
42   8.699000E-18  170.0
41   1.086000E-17  165.0
40   1.374000E-17  160.0
39   1.767000E-17  155.0
38   2.314000E-17  150.0
37   3.101000E-17  145.0
36   4.264000E-17  140.0
35   6.046000E-17  135.0
34   8.698000E-17  130.0
33   1.351000E-16  125.0
32   2.018000E-16  120.0
31   3.170457E-16  117.0
30   4.911895E-16  114.0
29   8.083570E-16  111.0
28   1.389030E-15  108.0
27   2.362589E-15  105.0
26   4.044967E-15  102.0
25   6.967863E-15   99.0
24   1.209618E-14   96.0
23   2.082571E-14   93.0
22   3.518296E-14   90.0
21   5.916358E-14   87.0
20   9.696292E-14   84.0
19   1.495674E-13   81.0
18   2.148376E-13   78.0
17   2.399559E-13   75.0
16   4.350316E-14   72.0
15   1.698665E-16   69.0
14   2.212998E-17   66.0
13   2.232996E-17   63.0
12   2.295250E-17   60.0
11   2.459954E-17   55.0
10   2.694884E-17   50.0
 9   3.110716E-17   45.0
 8   3.632296E-17   40.0
 7   3.955470E-17   35.0
 6   3.273432E-17   30.0
 5   1.220623E-17   25.0
 4   6.544826E-19   20.0
 3   3.133984E-22   15.0
1.680000E-01   0.000000E+00  86
88   3.649000E-20  400.0
87   3.814000E-20  395.0
86   4.162000E-20  390.0
85   4.544000E-20  385.0
84   4.966000E-20  380.0
83   5.430000E-20  375.0
82   5.943000E-20  370.0
81   6.510000E-20  365.0
80   7.137000E-20  360.0
79   7.831000E-20  355.0
78   8.601000E-20  350.0
77   9.454000E-20  345.0
76   1.040000E-19  340.0
75   1.145000E-19  335.0
74   1.263000E-19  330.0
73   1.394000E-19  325.0
72   1.541000E-19  320.0
71   1.705000E-19  315.0
70   1.889000E-19  310.0
69   2.096000E-19  305.0
68   2.329000E-19  300.0
67   2.591000E-19  295.0
66   2.887000E-19  290.0
65   3.223000E-19  285.0
64   3.604000E-19  280.0
63   4.037000E-19  275.0
62   4.531000E-19  270.0
61   5.096000E-19  265.0
60   5.743000E-19  260.0
59   6.489000E-19  255.0
58   7.351000E-19  250.0
57   8.348000E-19  245.0
56   9.507000E-19  240.0
55   1.086000E-18  235.0
54   1.245000E-18  230.0
53   1.432000E-18  225.0
52   1.653000E-18  220.0
51   1.916000E-18  215.0
50   2.232000E-18  210.0
49   2.611000E-18  205.0
48   3.072000E-18  200.0
47   3.636000E-18  195.0
46   4.331000E-18  190.0
45   5.197000E-18  185.0
44   6.286000E-18  180.0
43   7.674000E-18  175.0
42   9.464000E-18  170.0
41   1.182000E-17  165.0
40   1.495000E-17  160.0
39   1.922000E-17  155.0
38   2.517000E-17  150.0
37   3.373000E-17  145.0
36   4.639000E-17  140.0
35   6.577000E-17  135.0
34   9.462000E-17  130.0
33   1.470000E-16  125.0
32   2.195000E-16  120.0
31   3.445033E-16  117.0
30   5.331759E-16  114.0
29   8.779220E-16  111.0
28   1.510248E-15  108.0
27   2.571827E-15  105.0
26   4.393826E-15  102.0
25   7.557811E-15   99.0
24   1.312554E-14   96.0
23   2.245850E-14   93.0
22   3.802744E-14   90.0
21   6.361681E-14   87.0
20   1.037320E-13   84.0
19   1.575075E-13   81.0
18   2.076922E-13   78.0
17   1.412328E-13   75.0
16   3.540134E-15   72.0
15   1.901476E-17   69.0
14   1.760000E-17   66.0
13   1.787996E-17   63.0
12   1.835874E-17   60.0
11   1.947477E-17   55.0
10   2.098435E-17   50.0
 9   2.372858E-17   45.0
 8   2.701422E-17   40.0
 7   2.847411E-17   35.0
 6   2.249601E-17   30.0
 5   7.789645E-18   25.0
 4   3.638415E-19   20.0
 3   1.247027E-22   15.0
1.445000E-01   0.000000E+00  86
88   3.997000E-20  400.0
87   4.178000E-20  395.0
86   4.559000E-20  390.0
85   4.978000E-20  385.0
84   5.440000E-20  380.0
83   5.949000E-20  375.0
82   6.510000E-20  370.0
81   7.131000E-20  365.0
80   7.818000E-20  360.0
79   8.579000E-20  355.0
78   9.421000E-20  350.0
77   1.036000E-19  345.0
76   1.139000E-19  340.0
75   1.255000E-19  335.0
74   1.384000E-19  330.0
73   1.527000E-19  325.0
72   1.688000E-19  320.0
71   1.867000E-19  315.0
70   2.069000E-19  310.0
69   2.296000E-19  305.0
68   2.551000E-19  300.0
67   2.838000E-19  295.0
66   3.163000E-19  290.0
65   3.530000E-19  285.0
64   3.948000E-19  280.0
63   4.423000E-19  275.0
62   4.963000E-19  270.0
61   5.582000E-19  265.0
60   6.292000E-19  260.0
59   7.109000E-19  255.0
58   8.052000E-19  250.0
57   9.145000E-19  245.0
56   1.041000E-18  240.0
55   1.190000E-18  235.0
54   1.363000E-18  230.0
53   1.568000E-18  225.0
52   1.811000E-18  220.0
51   2.099000E-18  215.0
50   2.444000E-18  210.0
49   2.861000E-18  205.0
48   3.366000E-18  200.0
47   3.983000E-18  195.0
46   4.744000E-18  190.0
45   5.693000E-18  185.0
44   6.885000E-18  180.0
43   8.406000E-18  175.0
42   1.037000E-17  170.0
41   1.294000E-17  165.0
40   1.637000E-17  160.0
39   2.106000E-17  155.0
38   2.757000E-17  150.0
37   3.695000E-17  145.0
36   5.081000E-17  140.0
35   7.204000E-17  135.0
34   1.036000E-16  130.0
33   1.610000E-16  125.0
32   2.404000E-16  120.0
31   3.780616E-16  117.0
30   5.845393E-16  114.0
29   9.627020E-16  111.0
28   1.656557E-15  108.0
27   2.815165E-15  105.0
26   4.805390E-15  102.0
25   8.272188E-15   99.0
24   1.428873E-14   96.0
23   2.446549E-14   93.0
22   4.120550E-14   90.0
21   6.901504E-14   87.0
20   1.108046E-13   84.0
19   1.617065E-13   81.0
18   1.834738E-13   78.0
17   3.142668E-14   75.0
16   8.085496E-17   72.0
15   1.401496E-17   69.0
14   1.399500E-17   66.0
13   1.425498E-17   63.0
12   1.459499E-17   60.0
11   1.529992E-17   55.0
10   1.620975E-17   50.0
 9   1.790937E-17   45.0
 8   1.982482E-17   40.0
 7   2.012845E-17   35.0
 6   1.506751E-17   30.0
 5   4.783550E-18   25.0
 4   1.909653E-19   20.0
 3   4.496495E-23   15.0
1.240000E-01   0.000000E+00  86
88   4.403000E-20  400.0
87   4.603000E-20  395.0
86   5.023000E-20  390.0
85   5.484000E-20  385.0
84   5.993000E-20  380.0
83   6.554000E-20  375.0
82   7.173000E-20  370.0
81   7.856000E-20  365.0
80   8.613000E-20  360.0
79   9.451000E-20  355.0
78   1.038000E-19  350.0
77   1.141000E-19  345.0
76   1.255000E-19  340.0
75   1.382000E-19  335.0
74   1.524000E-19  330.0
73   1.683000E-19  325.0
72   1.859000E-19  320.0
71   2.057000E-19  315.0
70   2.280000E-19  310.0
69   2.529000E-19  305.0
68   2.810000E-19  300.0
67   3.127000E-19  295.0
66   3.484000E-19  290.0
65   3.889000E-19  285.0
64   4.349000E-19  280.0
63   4.872000E-19  275.0
62   5.468000E-19  270.0
61   6.149000E-19  265.0
60   6.931000E-19  260.0
59   7.832000E-19  255.0
58   8.871000E-19  250.0
57   1.008000E-18  245.0
56   1.147000E-18  240.0
55   1.311000E-18  235.0
54   1.502000E-18  230.0
53   1.728000E-18  225.0
52   1.995000E-18  220.0
51   2.313000E-18  215.0
50   2.693000E-18  210.0
49   3.152000E-18  205.0
48   3.708000E-18  200.0
47   4.388000E-18  195.0
46   5.227000E-18  190.0
45   6.272000E-18  185.0
44   7.586000E-18  180.0
43   9.261000E-18  175.0
42   1.142000E-17  170.0
41   1.426000E-17  165.0
40   1.804000E-17  160.0
39   2.320000E-17  155.0
38   3.038000E-17  150.0
37   4.071000E-17  145.0
36   5.597000E-17  140.0
35   7.936000E-17  135.0
34   1.142000E-16  130.0
33   1.773000E-16  125.0
32   2.648000E-16  120.0
31   4.177461E-16  117.0
30   6.456800E-16  114.0
29   1.063000E-15  111.0
28   1.825899E-15  108.0
27   3.101614E-15  105.0
26   5.297339E-15  102.0
25   9.079206E-15   99.0
24   1.568171E-14   96.0
23   2.671334E-14   93.0
22   4.507508E-14   90.0
21   7.468513E-14   87.0
20   1.179544E-13   84.0
19   1.584938E-13   81.0
18   1.040207E-13   78.0
17   1.827972E-15   75.0
16   1.152260E-17   72.0
15   1.106000E-17   69.0
14   1.113000E-17   66.0
13   1.132998E-17   63.0
12   1.155122E-17   60.0
11   1.194998E-17   55.0
10   1.242492E-17   50.0
 9   1.340479E-17   45.0
 8   1.438000E-17   40.0
 7   1.399286E-17   35.0
 6   9.826681E-18   30.0
 5   2.820122E-18   25.0
 4   9.406247E-20   20.0
 3   1.449247E-23   15.0
1.065000E-01   0.000000E+00  86
88   4.868000E-20  400.0
87   5.089000E-20  395.0
86   5.553000E-20  390.0
85   6.063000E-20  385.0
84   6.625000E-20  380.0
83   7.245000E-20  375.0
82   7.930000E-20  370.0
81   8.686000E-20  365.0
80   9.522000E-20  360.0
79   1.045000E-19  355.0
78   1.147000E-19  350.0
77   1.261000E-19  345.0
76   1.388000E-19  340.0
75   1.528000E-19  335.0
74   1.685000E-19  330.0
73   1.860000E-19  325.0
72   2.056000E-19  320.0
71   2.275000E-19  315.0
70   2.520000E-19  310.0
69   2.796000E-19  305.0
68   3.107000E-19  300.0
67   3.457000E-19  295.0
66   3.852000E-19  290.0
65   4.300000E-19  285.0
64   4.808000E-19  280.0
63   5.386000E-19  275.0
62   6.045000E-19  270.0
61   6.798000E-19  265.0
60   7.663000E-19  260.0
59   8.658000E-19  255.0
58   9.807000E-19  250.0
57   1.114000E-18  245.0
56   1.268000E-18  240.0
55   1.449000E-18  235.0
54   1.661000E-18  230.0
53   1.910000E-18  225.0
52   2.205000E-18  220.0
51   2.557000E-18  215.0
50   2.977000E-18  210.0
49   3.484000E-18  205.0
48   4.099000E-18  200.0
47   4.851000E-18  195.0
46   5.778000E-18  190.0
45   6.934000E-18  185.0
44   8.386000E-18  180.0
43   1.024000E-17  175.0
42   1.263000E-17  170.0
41   1.576000E-17  165.0
40   1.994000E-17  160.0
39   2.565000E-17  155.0
38   3.358000E-17  150.0
37   4.500000E-17  145.0
36   6.188000E-17  140.0
35   8.773000E-17  135.0
34   1.262000E-16  130.0
33   1.960000E-16  125.0
32   2.927000E-16  120.0
31   4.618336E-16  117.0
30   7.144475E-16  114.0
29   1.174891E-15  111.0
28   2.018532E-15  108.0
27   3.433179E-15  105.0
26   5.845259E-15  102.0
25   1.001544E-14   99.0
24   1.721016E-14   96.0
23   2.934488E-14   93.0
22   4.923401E-14   90.0
21   8.090112E-14   87.0
20   1.220795E-13   84.0
19   1.384227E-13   81.0
18   2.012658E-14   78.0
17   3.092659E-17   75.0
16   8.855973E-18   72.0
15   8.788999E-18   69.0
14   8.869496E-18   66.0
13   9.013992E-18   63.0
12   9.138194E-18   60.0
11   9.313500E-18   55.0
10   9.493495E-18   50.0
 9   9.983465E-18   45.0
 8   1.034494E-17   40.0
 7   9.598757E-18   35.0
 6   6.264832E-18   30.0
 5   1.599775E-18   25.0
 4   4.340932E-20   20.0
 3   4.131610E-24   15.0
9.200001E-02   0.000000E+00  86
88   5.381000E-20  400.0
87   5.625000E-20  395.0
86   6.138000E-20  390.0
85   6.702000E-20  385.0
84   7.324000E-20  380.0
83   8.009000E-20  375.0
82   8.765000E-20  370.0
81   9.601000E-20  365.0
80   1.053000E-19  360.0
79   1.155000E-19  355.0
78   1.268000E-19  350.0
77   1.394000E-19  345.0
76   1.534000E-19  340.0
75   1.689000E-19  335.0
74   1.863000E-19  330.0
73   2.056000E-19  325.0
72   2.272000E-19  320.0
71   2.514000E-19  315.0
70   2.786000E-19  310.0
69   3.091000E-19  305.0
68   3.434000E-19  300.0
67   3.821000E-19  295.0
66   4.258000E-19  290.0
65   4.753000E-19  285.0
64   5.315000E-19  280.0
63   5.954000E-19  275.0
62   6.682000E-19  270.0
61   7.515000E-19  265.0
60   8.471000E-19  260.0
59   9.571000E-19  255.0
58   1.084000E-18  250.0
57   1.231000E-18  245.0
56   1.402000E-18  240.0
55   1.602000E-18  235.0
54   1.836000E-18  230.0
53   2.111000E-18  225.0
52   2.438000E-18  220.0
51   2.826000E-18  215.0
50   3.291000E-18  210.0
49   3.851000E-18  205.0
48   4.531000E-18  200.0
47   5.363000E-18  195.0
46   6.387000E-18  190.0
45   7.664000E-18  185.0
44   9.270000E-18  180.0
43   1.132000E-17  175.0
42   1.396000E-17  170.0
41   1.742000E-17  165.0
40   2.204000E-17  160.0
39   2.835000E-17  155.0
38   3.712000E-17  150.0
37   4.974000E-17  145.0
36   6.839000E-17  140.0
35   9.696000E-17  135.0
34   1.395000E-16  130.0
33   2.166000E-16  125.0
32   3.234000E-16  120.0
31   5.101322E-16  117.0
30   7.896045E-16  114.0
29   1.299169E-15  111.0
28   2.235200E-15  108.0
27   3.791886E-15  105.0
26   6.454626E-15  102.0
25   1.101421E-14   99.0
24   1.891779E-14   96.0
23   3.213032E-14   93.0
22   5.373617E-14   90.0
21   8.626666E-14   87.0
20   1.210894E-13   84.0
19   7.988706E-14   81.0
18   1.043278E-15   78.0
17   7.244632E-18   75.0
16   7.062995E-18   72.0
15   7.061000E-18   69.0
14   7.127499E-18   66.0
13   7.215998E-18   63.0
12   7.266802E-18   60.0
11   7.295987E-18   55.0
10   7.283492E-18   50.0
 9   7.452497E-18   45.0
 8   7.448758E-18   40.0
 7   6.555919E-18   35.0
 6   3.941860E-18   30.0
 5   8.813291E-19   25.0
 4   1.898836E-20   20.0
 3   1.050076E-24   15.0
8.050001E-02   0.000000E+00  86
88   5.913000E-20  400.0
87   6.182000E-20  395.0
86   6.745000E-20  390.0
85   7.365000E-20  385.0
84   8.048000E-20  380.0
83   8.801000E-20  375.0
82   9.632000E-20  370.0
81   1.055000E-19  365.0
80   1.157000E-19  360.0
79   1.269000E-19  355.0
78   1.394000E-19  350.0
77   1.532000E-19  345.0
76   1.686000E-19  340.0
75   1.856000E-19  335.0
74   2.047000E-19  330.0
73   2.260000E-19  325.0
72   2.497000E-19  320.0
71   2.763000E-19  315.0
70   3.061000E-19  310.0
69   3.397000E-19  305.0
68   3.774000E-19  300.0
67   4.199000E-19  295.0
66   4.679000E-19  290.0
65   5.223000E-19  285.0
64   5.840000E-19  280.0
63   6.543000E-19  275.0
62   7.343000E-19  270.0
61   8.258000E-19  265.0
60   9.308000E-19  260.0
59   1.052000E-18  255.0
58   1.191000E-18  250.0
57   1.353000E-18  245.0
56   1.541000E-18  240.0
55   1.760000E-18  235.0
54   2.017000E-18  230.0
53   2.320000E-18  225.0
52   2.679000E-18  220.0
51   3.105000E-18  215.0
50   3.616000E-18  210.0
49   4.232000E-18  205.0
48   4.979000E-18  200.0
47   5.893000E-18  195.0
46   7.019000E-18  190.0
45   8.422000E-18  185.0
44   1.019000E-17  180.0
43   1.244000E-17  175.0
42   1.534000E-17  170.0
41   1.915000E-17  165.0
40   2.422000E-17  160.0
39   3.115000E-17  155.0
38   4.078000E-17  150.0
37   5.465000E-17  145.0
36   7.514000E-17  140.0
35   1.065000E-16  135.0
34   1.532000E-16  130.0
33   2.379000E-16  125.0
32   3.552000E-16  120.0
31   5.614563E-16  117.0
30   8.691906E-16  114.0
29   1.431457E-15  111.0
28   2.458512E-15  108.0
27   4.164720E-15  105.0
26   7.075227E-15  102.0
25   1.204721E-14   99.0
24   2.064071E-14   96.0
23   3.504431E-14   93.0
22   5.790843E-14   90.0
21   8.999489E-14   87.0
20   1.083439E-13   84.0
19   1.944078E-14   81.0
18   2.258591E-17   78.0
17   5.804477E-18   75.0
16   5.768999E-18   72.0
15   5.785500E-18   69.0
14   5.829500E-18   66.0
13   5.874000E-18   63.0
12   5.875652E-18   60.0
11   5.804958E-18   55.0
10   5.676455E-18   50.0
 9   5.653953E-18   45.0
 8   5.446057E-18   40.0
 7   4.534258E-18   35.0
 6   2.496844E-18   30.0
 5   4.841988E-19   25.0
 4   8.141862E-21   20.0
 3   4.659500E-25   15.0
6.900001E-02   0.000000E+00  86
88   6.612000E-20  400.0
87   6.912000E-20  395.0
86   7.542000E-20  390.0
85   8.236000E-20  385.0
84   8.999000E-20  380.0
83   9.841000E-20  375.0
82   1.077000E-19  370.0
81   1.180000E-19  365.0
80   1.293000E-19  360.0
79   1.419000E-19  355.0
78   1.559000E-19  350.0
77   1.713000E-19  345.0
76   1.885000E-19  340.0
75   2.076000E-19  335.0
74   2.289000E-19  330.0
73   2.527000E-19  325.0
72   2.792000E-19  320.0
71   3.090000E-19  315.0
70   3.423000E-19  310.0
69   3.798000E-19  305.0
68   4.220000E-19  300.0
67   4.695000E-19  295.0
66   5.232000E-19  290.0
65   5.840000E-19  285.0
64   6.531000E-19  280.0
63   7.316000E-19  275.0
62   8.211000E-19  270.0
61   9.234000E-19  265.0
60   1.041000E-18  260.0
59   1.176000E-18  255.0
58   1.332000E-18  250.0
57   1.513000E-18  245.0
56   1.723000E-18  240.0
55   1.968000E-18  235.0
54   2.256000E-18  230.0
53   2.594000E-18  225.0
52   2.995000E-18  220.0
51   3.473000E-18  215.0
50   4.044000E-18  210.0
49   4.732000E-18  205.0
48   5.567000E-18  200.0
47   6.589000E-18  195.0
46   7.848000E-18  190.0
45   9.417000E-18  185.0
44   1.139000E-17  180.0
43   1.391000E-17  175.0
42   1.715000E-17  170.0
41   2.141000E-17  165.0
40   2.708000E-17  160.0
39   3.483000E-17  155.0
38   4.560000E-17  150.0
37   6.110000E-17  145.0
36   8.401000E-17  140.0
35   1.191000E-16  135.0
34   1.713000E-16  130.0
33   2.659000E-16  125.0
32   3.969000E-16  120.0
31   6.303036E-16  117.0
30   9.744383E-16  114.0
29   1.602800E-15  111.0
28   2.748491E-15  108.0
27   4.651235E-15  105.0
26   7.873279E-15  102.0
25   1.337116E-14   99.0
24   2.289278E-14   96.0
23   3.861401E-14   93.0
22   6.252086E-14   90.0
21   9.043767E-14   87.0
20   6.697163E-14   84.0
19   8.329667E-16   81.0
18   4.696838E-18   78.0
17   4.565495E-18   75.0
16   4.574500E-18   72.0
15   4.589500E-18   69.0
14   4.604500E-18   66.0
13   4.607499E-18   63.0
12   4.564759E-18   60.0
11   4.419414E-18   55.0
10   4.207397E-18   50.0
 9   4.048857E-18   45.0
 8   3.714340E-18   40.0
 7   2.871782E-18   35.0
 6   1.401850E-18   30.0
 5   2.229887E-19   25.0
 4   2.655507E-21   20.0
 3   7.055000E-26   15.0
5.750000E-02   0.000000E+00  85
88   7.574000E-20  400.0
87   7.917000E-20  395.0
86   8.639000E-20  390.0
85   9.433000E-20  385.0
84   1.031000E-19  380.0
83   1.127000E-19  375.0
82   1.234000E-19  370.0
81   1.351000E-19  365.0
80   1.481000E-19  360.0
79   1.625000E-19  355.0
78   1.785000E-19  350.0
77   1.962000E-19  345.0
76   2.159000E-19  340.0
75   2.378000E-19  335.0
74   2.622000E-19  330.0
73   2.894000E-19  325.0
72   3.198000E-19  320.0
71   3.539000E-19  315.0
70   3.921000E-19  310.0
69   4.350000E-19  305.0
68   4.833000E-19  300.0
67   5.378000E-19  295.0
66   5.993000E-19  290.0
65   6.689000E-19  285.0
64   7.480000E-19  280.0
63   8.380000E-19  275.0
62   9.405000E-19  270.0
61   1.058000E-18  265.0
60   1.192000E-18  260.0
59   1.347000E-18  255.0
58   1.526000E-18  250.0
57   1.733000E-18  245.0
56   1.973000E-18  240.0
55   2.254000E-18  235.0
54   2.583000E-18  230.0
53   2.971000E-18  225.0
52   3.430000E-18  220.0
51   3.977000E-18  215.0
50   4.631000E-18  210.0
49   5.420000E-18  205.0
48   6.376000E-18  200.0
47   7.547000E-18  195.0
46   8.988000E-18  190.0
45   1.079000E-17  185.0
44   1.304000E-17  180.0
43   1.592000E-17  175.0
42   1.964000E-17  170.0
41   2.452000E-17  165.0
40   3.101000E-17  160.0
39   3.988000E-17  155.0
38   5.222000E-17  150.0
37   6.996000E-17  145.0
36   9.618000E-17  140.0
35   1.363000E-16  135.0
34   1.960000E-16  130.0
33   3.043000E-16  125.0
32   4.541000E-16  120.0
31   7.228705E-16  117.0
30   1.117314E-15  114.0
29   1.835913E-15  111.0
28   3.146044E-15  108.0
27   5.306249E-15  105.0
26   8.955253E-15  102.0
25   1.518368E-14   99.0
24   2.588324E-14   96.0
23   4.304405E-14   93.0
22   6.645573E-14   90.0
21   7.640736E-14   87.0
20   8.146577E-15   84.0
19   5.201913E-18   81.0
18   3.486986E-18   78.0
17   3.456999E-18   75.0
16   3.475000E-18   72.0
15   3.473499E-18   69.0
14   3.458998E-18   66.0
13   3.425993E-18   63.0
12   3.347856E-18   60.0
11   3.150362E-18   55.0
10   2.892306E-18   50.0
 9   2.651235E-18   45.0
 8   2.270640E-18   40.0
 7   1.576488E-18   35.0
 6   6.439474E-19   30.0
 5   7.611897E-20   25.0
 4   5.361836E-22   20.0
4.900000E-02   0.000000E+00  85
88   8.553000E-20  400.0
87   8.941000E-20  395.0
86   9.756000E-20  390.0
85   1.065000E-19  385.0
84   1.164000E-19  380.0
83   1.273000E-19  375.0
82   1.393000E-19  370.0
81   1.526000E-19  365.0
80   1.673000E-19  360.0
79   1.836000E-19  355.0
78   2.016000E-19  350.0
77   2.216000E-19  345.0
76   2.438000E-19  340.0
75   2.685000E-19  335.0
74   2.961000E-19  330.0
73   3.268000E-19  325.0
72   3.612000E-19  320.0
71   3.996000E-19  315.0
70   4.428000E-19  310.0
69   4.913000E-19  305.0
68   5.459000E-19  300.0
67   6.074000E-19  295.0
66   6.768000E-19  290.0
65   7.554000E-19  285.0
64   8.448000E-19  280.0
63   9.464000E-19  275.0
62   1.062000E-18  270.0
61   1.194000E-18  265.0
60   1.346000E-18  260.0
59   1.521000E-18  255.0
58   1.723000E-18  250.0
57   1.957000E-18  245.0
56   2.229000E-18  240.0
55   2.546000E-18  235.0
54   2.917000E-18  230.0
53   3.356000E-18  225.0
52   3.874000E-18  220.0
51   4.492000E-18  215.0
50   5.230000E-18  210.0
49   6.121000E-18  205.0
48   7.201000E-18  200.0
47   8.522000E-18  195.0
46   1.015000E-17  190.0
45   1.218000E-17  185.0
44   1.473000E-17  180.0
43   1.798000E-17  175.0
42   2.218000E-17  170.0
41   2.768000E-17  165.0
40   3.502000E-17  160.0
39   4.503000E-17  155.0
38   5.895000E-17  150.0
37   7.898000E-17  145.0
36   1.086000E-16  140.0
35   1.539000E-16  135.0
34   2.213000E-16  130.0
33   3.434000E-16  125.0
32   5.122000E-16  120.0
31   8.165528E-16  117.0
30   1.263099E-15  114.0
29   2.074665E-15  111.0
28   3.544438E-15  108.0
27   5.964682E-15  105.0
26   1.004023E-14  102.0
25   1.698090E-14   99.0
24   2.875193E-14   96.0
23   4.664193E-14   93.0
22   6.553206E-14   90.0
21   3.852233E-14   87.0
20   1.509035E-16   84.0
19   2.789451E-18   81.0
18   2.716496E-18   78.0
17   2.710000E-18   75.0
16   2.719999E-18   72.0
15   2.702496E-18   69.0
14   2.667993E-18   66.0
13   2.609988E-18   63.0
12   2.515332E-18   60.0
11   2.296804E-18   55.0
10   2.028748E-18   50.0
 9   1.766633E-18   45.0
 8   1.405520E-18   40.0
 7   8.660584E-19   35.0
 6   2.894653E-19   30.0
 5   2.433625E-20   25.0
 4   9.253297E-23   20.0
4.300000E-02   0.000000E+00  85
88   9.457000E-20  400.0
87   9.886000E-20  395.0
86   1.079000E-19  390.0
85   1.178000E-19  385.0
84   1.287000E-19  380.0
83   1.407000E-19  375.0
82   1.540000E-19  370.0
81   1.687000E-19  365.0
80   1.850000E-19  360.0
79   2.030000E-19  355.0
78   2.229000E-19  350.0
77   2.450000E-19  345.0
76   2.696000E-19  340.0
75   2.969000E-19  335.0
74   3.273000E-19  330.0
73   3.614000E-19  325.0
72   3.993000E-19  320.0
71   4.418000E-19  315.0
70   4.896000E-19  310.0
69   5.432000E-19  305.0
68   6.035000E-19  300.0
67   6.715000E-19  295.0
66   7.483000E-19  290.0
65   8.352000E-19  285.0
64   9.340000E-19  280.0
63   1.046000E-18  275.0
62   1.174000E-18  270.0
61   1.321000E-18  265.0
60   1.489000E-18  260.0
59   1.682000E-18  255.0
58   1.905000E-18  250.0
57   2.164000E-18  245.0
56   2.464000E-18  240.0
55   2.814000E-18  235.0
54   3.226000E-18  230.0
53   3.710000E-18  225.0
52   4.283000E-18  220.0
51   4.966000E-18  215.0
50   5.783000E-18  210.0
49   6.767000E-18  205.0
48   7.961000E-18  200.0
47   9.422000E-18  195.0
46   1.122000E-17  190.0
45   1.346000E-17  185.0
44   1.628000E-17  180.0
43   1.988000E-17  175.0
42   2.452000E-17  170.0
41   3.060000E-17  165.0
40   3.871000E-17  160.0
39   4.978000E-17  155.0
38   6.516000E-17  150.0
37   8.730000E-17  145.0
36   1.200000E-16  140.0
35   1.700000E-16  135.0
34   2.444000E-16  130.0
33   3.792000E-16  125.0
32   5.655000E-16  120.0
31   9.055593E-16  117.0
30   1.398013E-15  114.0
29   2.291861E-15  111.0
28   3.910525E-15  108.0
27   6.564252E-15  105.0
26   1.103002E-14  102.0
25   1.862476E-14   99.0
24   3.118298E-14   96.0
23   4.872676E-14   93.0
22   5.727658E-14   90.0
21   7.568107E-15   87.0
20   3.324291E-18   84.0
19   2.254480E-18   81.0
18   2.219998E-18   78.0
17   2.217000E-18   75.0
16   2.216499E-18   72.0
15   2.187493E-18   69.0
14   2.138989E-18   66.0
13   2.068980E-18   63.0
12   1.964812E-18   60.0
11   1.742267E-18   55.0
10   1.482697E-18   50.0
 9   1.228070E-18   45.0
 8   9.072097E-19   40.0
 7   4.952311E-19   35.0
 6   1.344734E-19   30.0
 5   7.897665E-21   25.0
 4   1.538550E-23   20.0
3.700000E-02   0.000000E+00  85
88   1.063000E-19  400.0
87   1.111000E-19  395.0
86   1.213000E-19  390.0
85   1.324000E-19  385.0
84   1.447000E-19  380.0
83   1.582000E-19  375.0
82   1.732000E-19  370.0
81   1.897000E-19  365.0
80   2.080000E-19  360.0
79   2.282000E-19  355.0
78   2.506000E-19  350.0
77   2.755000E-19  345.0
76   3.031000E-19  340.0
75   3.338000E-19  335.0
74   3.680000E-19  330.0
73   4.063000E-19  325.0
72   4.489000E-19  320.0
71   4.967000E-19  315.0
70   5.504000E-19  310.0
69   6.107000E-19  305.0
68   6.785000E-19  300.0
67   7.549000E-19  295.0
66   8.412000E-19  290.0
65   9.390000E-19  285.0
64   1.050000E-18  280.0
63   1.176000E-18  275.0
62   1.320000E-18  270.0
61   1.485000E-18  265.0
60   1.673000E-18  260.0
59   1.891000E-18  255.0
58   2.142000E-18  250.0
57   2.432000E-18  245.0
56   2.770000E-18  240.0
55   3.164000E-18  235.0
54   3.626000E-18  230.0
53   4.171000E-18  225.0
52   4.815000E-18  220.0
51   5.583000E-18  215.0
50   6.501000E-18  210.0
49   7.608000E-18  205.0
48   8.950000E-18  200.0
47   1.059000E-17  195.0
46   1.262000E-17  190.0
45   1.514000E-17  185.0
44   1.831000E-17  180.0
43   2.235000E-17  175.0
42   2.756000E-17  170.0
41   3.440000E-17  165.0
40   4.351000E-17  160.0
39   5.594000E-17  155.0
38   7.323000E-17  150.0
37   9.809000E-17  145.0
36   1.348000E-16  140.0
35   1.910000E-16  135.0
34   2.745000E-16  130.0
33   4.257000E-16  125.0
32   6.344000E-16  120.0
31   1.019864E-15  117.0
30   1.571829E-15  114.0
29   2.572987E-15  111.0
28   4.378964E-15  108.0
27   7.335421E-15  105.0
26   1.229862E-14  102.0
25   2.062804E-14   99.0
24   3.376490E-14   96.0
23   4.848479E-14   93.0
22   3.356692E-14   90.0
21   1.886344E-16   87.0
20   1.838464E-18   84.0
19   1.776491E-18   81.0
18   1.758498E-18   78.0
17   1.751499E-18   75.0
16   1.739496E-18   72.0
15   1.698989E-18   69.0
14   1.638980E-18   66.0
13   1.559471E-18   63.0
12   1.452664E-18   60.0
11   1.236216E-18   55.0
10   9.984563E-19   50.0
 9   7.706684E-19   45.0
 8   5.123099E-19   40.0
 7   2.339896E-19   35.0
 6   4.666494E-20   30.0
 5   1.589080E-21   25.0
 4   1.073834E-24   20.0
3.150000E-02   0.000000E+00  84
88   1.207000E-19  400.0
87   1.262000E-19  395.0
86   1.377000E-19  390.0
85   1.504000E-19  385.0
84   1.643000E-19  380.0
83   1.797000E-19  375.0
82   1.967000E-19  370.0
81   2.154000E-19  365.0
80   2.362000E-19  360.0
79   2.591000E-19  355.0
78   2.846000E-19  350.0
77   3.128000E-19  345.0
76   3.442000E-19  340.0
75   3.790000E-19  335.0
74   4.179000E-19  330.0
73   4.614000E-19  325.0
72   5.098000E-19  320.0
71   5.641000E-19  315.0
70   6.250000E-19  310.0
69   6.935000E-19  305.0
68   7.705000E-19  300.0
67   8.573000E-19  295.0
66   9.553000E-19  290.0
65   1.066000E-18  285.0
64   1.192000E-18  280.0
63   1.336000E-18  275.0
62   1.499000E-18  270.0
61   1.686000E-18  265.0
60   1.900000E-18  260.0
59   2.147000E-18  255.0
58   2.432000E-18  250.0
57   2.762000E-18  245.0
56   3.145000E-18  240.0
55   3.593000E-18  235.0
54   4.118000E-18  230.0
53   4.736000E-18  225.0
52   5.468000E-18  220.0
51   6.339000E-18  215.0
50   7.382000E-18  210.0
49   8.638000E-18  205.0
48   1.016000E-17  200.0
47   1.203000E-17  195.0
46   1.432000E-17  190.0
45   1.719000E-17  185.0
44   2.078000E-17  180.0
43   2.537000E-17  175.0
42   3.128000E-17  170.0
41   3.905000E-17  165.0
40   4.939000E-17  160.0
39   6.350000E-17  155.0
38   8.311000E-17  150.0
37   1.113000E-16  145.0
36   1.529000E-16  140.0
35   2.166000E-16  135.0
34   3.112000E-16  130.0
33   4.823000E-16  125.0
32   7.182000E-16  120.0
31   1.157046E-15  117.0
30   1.783593E-15  114.0
29   2.911086E-15  111.0
28   4.942218E-15  108.0
27   8.259277E-15  105.0
26   1.380175E-14  102.0
25   2.281777E-14   99.0
24   3.562555E-14   96.0
23   4.122854E-14   93.0
22   4.834640E-15   90.0
21   1.684696E-18   87.0
20   1.408991E-18   84.0
19   1.378496E-18   81.0
18   1.364498E-18   78.0
17   1.350498E-18   75.0
16   1.325991E-18   72.0
15   1.276981E-18   69.0
14   1.209974E-18   66.0
13   1.125956E-18   63.0
12   1.021238E-18   60.0
11   8.230439E-19   55.0
10   6.193269E-19   50.0
 9   4.340591E-19   45.0
 8   2.483500E-19   40.0
 7   8.766812E-20   35.0
 6   1.111333E-20   30.0
 5   1.663362E-22   25.0
2.949106E-02   0.000000E+00  84
88   1.273000E-19  400.0
87   1.330000E-19  395.0
86   1.451000E-19  390.0
85   1.585000E-19  385.0
84   1.732000E-19  380.0
83   1.894000E-19  375.0
82   2.073000E-19  370.0
81   2.270000E-19  365.0
80   2.489000E-19  360.0
79   2.731000E-19  355.0
78   2.999000E-19  350.0
77   3.297000E-19  345.0
76   3.627000E-19  340.0
75   3.995000E-19  335.0
74   4.405000E-19  330.0
73   4.862000E-19  325.0
72   5.373000E-19  320.0
71   5.945000E-19  315.0
70   6.588000E-19  310.0
69   7.309000E-19  305.0
68   8.121000E-19  300.0
67   9.036000E-19  295.0
66   1.007000E-18  290.0
65   1.124000E-18  285.0
64   1.257000E-18  280.0
63   1.408000E-18  275.0
62   1.580000E-18  270.0
61   1.777000E-18  265.0
60   2.003000E-18  260.0
59   2.263000E-18  255.0
58   2.563000E-18  250.0
57   2.911000E-18  245.0
56   3.315000E-18  240.0
55   3.787000E-18  235.0
54   4.340000E-18  230.0
53   4.991000E-18  225.0
52   5.763000E-18  220.0
51   6.681000E-18  215.0
50   7.780000E-18  210.0
49   9.104000E-18  205.0
48   1.071000E-17  200.0
47   1.267000E-17  195.0
46   1.510000E-17  190.0
45   1.811000E-17  185.0
44   2.190000E-17  180.0
43   2.674000E-17  175.0
42   3.297000E-17  170.0
41   4.115000E-17  165.0
40   5.204000E-17  160.0
39   6.691000E-17  155.0
38   8.757000E-17  150.0
37   1.173000E-16  145.0
36   1.611000E-16  140.0
35   2.282000E-16  135.0
34   3.277000E-16  130.0
33   5.077000E-16  125.0
32   7.557000E-16  120.0
31   1.219976E-15  117.0
30   1.877031E-15  114.0
29   3.060873E-15  111.0
28   5.190931E-15  108.0
27   8.670317E-15  105.0
26   1.445683E-14  102.0
25   2.367399E-14   99.0
24   3.582372E-14   96.0
23   3.487889E-14   93.0
22   1.140635E-15   90.0
21   1.305962E-18   87.0
20   1.266495E-18   84.0
19   1.241996E-18   81.0
18   1.227497E-18   78.0
17   1.209996E-18   75.0
16   1.181989E-18   72.0
15   1.129481E-18   69.0
14   1.060970E-18   66.0
13   9.768033E-19   63.0
12   8.745752E-19   60.0
11   6.862333E-19   55.0
10   4.989230E-19   50.0
 9   3.331248E-19   45.0
 8   1.765766E-19   40.0
 7   5.452511E-20   35.0
 6   5.452084E-21   30.0
 5   5.248818E-23   25.0
2.050085E-02   0.000000E+00  83
88   1.701000E-19  400.0
87   1.779000E-19  395.0
86   1.941000E-19  390.0
85   2.119000E-19  385.0
84   2.316000E-19  380.0
83   2.532000E-19  375.0
82   2.771000E-19  370.0
81   3.036000E-19  365.0
80   3.328000E-19  360.0
79   3.652000E-19  355.0
78   4.010000E-19  350.0
77   4.408000E-19  345.0
76   4.850000E-19  340.0
75   5.341000E-19  335.0
74   5.889000E-19  330.0
73   6.501000E-19  325.0
72   7.184000E-19  320.0
71   7.949000E-19  315.0
70   8.808000E-19  310.0
69   9.772000E-19  305.0
68   1.086000E-18  300.0
67   1.208000E-18  295.0
66   1.346000E-18  290.0
65   1.503000E-18  285.0
64   1.680000E-18  280.0
63   1.882000E-18  275.0
62   2.112000E-18  270.0
61   2.376000E-18  265.0
60   2.678000E-18  260.0
59   3.025000E-18  255.0
58   3.427000E-18  250.0
57   3.892000E-18  245.0
56   4.432000E-18  240.0
55   5.062000E-18  235.0
54   5.801000E-18  230.0
53   6.672000E-18  225.0
52   7.703000E-18  220.0
51   8.930000E-18  215.0
50   1.040000E-17  210.0
49   1.217000E-17  205.0
48   1.431000E-17  200.0
47   1.694000E-17  195.0
46   2.017000E-17  190.0
45   2.420000E-17  185.0
44   2.926000E-17  180.0
43   3.571000E-17  175.0
42   4.403000E-17  170.0
41   5.494000E-17  165.0
40   6.946000E-17  160.0
39   8.928000E-17  155.0
38   1.168000E-16  150.0
37   1.563000E-16  145.0
36   2.146000E-16  140.0
35   3.035000E-16  135.0
34   4.351000E-16  130.0
33   6.725000E-16  125.0
32   9.975000E-16  120.0
31   1.624180E-15  117.0
30   2.485956E-15  114.0
29   4.034693E-15  111.0
28   6.808381E-15  108.0
27   1.123179E-14  105.0
26   1.795306E-14  102.0
25   2.552000E-14   99.0
24   1.893666E-14   96.0
23   1.207725E-16   93.0
22   7.171899E-19   90.0
21   7.054491E-19   87.0
20   7.008977E-19   84.0
19   6.824943E-19   81.0
18   6.593917E-19   78.0
17   6.277866E-19   75.0
16   5.856246E-19   72.0
15   5.280575E-19   69.0
14   4.619423E-19   66.0
13   3.906771E-19   63.0
12   3.154110E-19   60.0
11   1.996973E-19   55.0
10   1.092074E-19   50.0
 9   4.775325E-20   45.0
 8   1.234160E-20   40.0
 7   1.071881E-21   35.0
 6   1.017299E-23   30.0
1.422824E-02   0.000000E+00  82
88   2.278000E-19  400.0
87   2.382000E-19  395.0
86   2.599000E-19  390.0
85   2.838000E-19  385.0
84   3.101000E-19  380.0
83   3.391000E-19  375.0
82   3.711000E-19  370.0
81   4.065000E-19  365.0
80   4.456000E-19  360.0
79   4.890000E-19  355.0
78   5.370000E-19  350.0
77   5.903000E-19  345.0
76   6.494000E-19  340.0
75   7.152000E-19  335.0
74   7.886000E-19  330.0
73   8.705000E-19  325.0
72   9.620000E-19  320.0
71   1.064000E-18  315.0
70   1.179000E-18  310.0
69   1.308000E-18  305.0
68   1.454000E-18  300.0
67   1.617000E-18  295.0
66   1.802000E-18  290.0
65   2.012000E-18  285.0
64   2.250000E-18  280.0
63   2.520000E-18  275.0
62   2.828000E-18  270.0
61   3.180000E-18  265.0
60   3.585000E-18  260.0
59   4.050000E-18  255.0
58   4.587000E-18  250.0
57   5.210000E-18  245.0
56   5.932000E-18  240.0
55   6.776000E-18  235.0
54   7.765000E-18  230.0
53   8.930000E-18  225.0
52   1.031000E-17  220.0
51   1.195000E-17  215.0
50   1.391000E-17  210.0
49   1.628000E-17  205.0
48   1.915000E-17  200.0
47   2.266000E-17  195.0
46   2.698000E-17  190.0
45   3.236000E-17  185.0
44   3.912000E-17  180.0
43   4.773000E-17  175.0
42   5.882000E-17  170.0
41   7.337000E-17  165.0
40   9.270000E-17  160.0
39   1.191000E-16  155.0
38   1.556000E-16  150.0
37   2.080000E-16  145.0
36   2.851000E-16  140.0
35   4.023000E-16  135.0
34   5.749000E-16  130.0
33   8.840000E-16  125.0
32   1.303000E-15  120.0
31   2.150321E-15  117.0
30   3.276704E-15  114.0
29   5.281831E-15  111.0
28   8.732858E-15  108.0
27   1.353521E-14  105.0
26   1.744498E-14  102.0
25   7.884690E-15   99.0
24   4.506726E-18   96.0
23   3.862981E-19   93.0
22   3.812491E-19   90.0
21   3.779488E-19   87.0
20   3.681940E-19   84.0
19   3.451365E-19   81.0
18   3.156795E-19   78.0
17   2.799700E-19   75.0
16   2.386557E-19   72.0
15   1.925402E-19   69.0
14   1.471312E-19   66.0
13   1.057281E-19   63.0
12   7.013179E-20   60.0
11   2.880258E-20   55.0
10   8.151559E-21   50.0
 9   1.205370E-21   45.0
 8   4.788241E-23   40.0
 7   1.338000E-25   35.0
9.888401E-03   0.000000E+00  80
88   3.054000E-19  400.0
87   3.193000E-19  395.0
86   3.484000E-19  390.0
85   3.804000E-19  385.0
84   4.157000E-19  380.0
83   4.546000E-19  375.0
82   4.975000E-19  370.0
81   5.449000E-19  365.0
80   5.974000E-19  360.0
79   6.555000E-19  355.0
78   7.199000E-19  350.0
77   7.913000E-19  345.0
76   8.706000E-19  340.0
75   9.588000E-19  335.0
74   1.057000E-18  330.0
73   1.167000E-18  325.0
72   1.290000E-18  320.0
71   1.427000E-18  315.0
70   1.581000E-18  310.0
69   1.754000E-18  305.0
68   1.949000E-18  300.0
67   2.168000E-18  295.0
66   2.416000E-18  290.0
65   2.696000E-18  285.0
64   3.015000E-18  280.0
63   3.378000E-18  275.0
62   3.791000E-18  270.0
61   4.262000E-18  265.0
60   4.804000E-18  260.0
59   5.427000E-18  255.0
58   6.147000E-18  250.0
57   6.980000E-18  245.0
56   7.948000E-18  240.0
55   9.078000E-18  235.0
54   1.040000E-17  230.0
53   1.196000E-17  225.0
52   1.381000E-17  220.0
51   1.600000E-17  215.0
50   1.863000E-17  210.0
49   2.179000E-17  205.0
48   2.563000E-17  200.0
47   3.031000E-17  195.0
46   3.608000E-17  190.0
45   4.326000E-17  185.0
44   5.227000E-17  180.0
43   6.375000E-17  175.0
42   7.850000E-17  170.0
41   9.784000E-17  165.0
40   1.235000E-16  160.0
39   1.584000E-16  155.0
38   2.066000E-16  150.0
37   2.756000E-16  145.0
36   3.765000E-16  140.0
35   5.289000E-16  135.0
34   7.511000E-16  130.0
33   1.146000E-15  125.0
32   1.674000E-15  120.0
31   2.816372E-15  117.0
30   4.238094E-15  114.0
29   6.601935E-15  111.0
28   9.914123E-15  108.0
27   1.087499E-14  105.0
26   2.058914E-15  102.0
25   1.821017E-19   99.0
24   1.979497E-19   96.0
23   1.993495E-19   93.0
22   1.945974E-19   90.0
21   1.856451E-19   87.0
20   1.698351E-19   84.0
19   1.461241E-19   81.0
18   1.195160E-19   78.0
17   9.203650E-20   75.0
16   6.579983E-20   72.0
15   4.279375E-20   69.0
14   2.506395E-20   66.0
13   1.281258E-20   63.0
12   5.369521E-21   60.0
11   7.048676E-22   55.0
10   3.220803E-23   50.0
 9   2.157729E-25   45.0
6.870144E-03   0.000000E+00  78
88   4.106000E-19  400.0
87   4.292000E-19  395.0
86   4.683000E-19  390.0
85   5.113000E-19  385.0
84   5.587000E-19  380.0
83   6.110000E-19  375.0
82   6.687000E-19  370.0
81   7.325000E-19  365.0
80   8.030000E-19  360.0
79   8.811000E-19  355.0
78   9.676000E-19  350.0
77   1.064000E-18  345.0
76   1.170000E-18  340.0
75   1.289000E-18  335.0
74   1.421000E-18  330.0
73   1.568000E-18  325.0
72   1.733000E-18  320.0
71   1.917000E-18  315.0
70   2.124000E-18  310.0
69   2.357000E-18  305.0
68   2.619000E-18  300.0
67   2.913000E-18  295.0
66   3.246000E-18  290.0
65   3.623000E-18  285.0
64   4.051000E-18  280.0
63   4.538000E-18  275.0
62   5.092000E-18  270.0
61   5.726000E-18  265.0
60   6.452000E-18  260.0
59   7.289000E-18  255.0
58   8.255000E-18  250.0
57   9.373000E-18  245.0
56   1.067000E-17  240.0
55   1.219000E-17  235.0
54   1.396000E-17  230.0
53   1.605000E-17  225.0
52   1.852000E-17  220.0
51   2.146000E-17  215.0
50   2.497000E-17  210.0
49   2.920000E-17  205.0
48   3.433000E-17  200.0
47   4.058000E-17  195.0
46   4.828000E-17  190.0
45   5.784000E-17  185.0
44   6.983000E-17  180.0
43   8.506000E-17  175.0
42   1.046000E-16  170.0
41   1.302000E-16  165.0
40   1.640000E-16  160.0
39   2.097000E-16  155.0
38   2.726000E-16  150.0
37   3.620000E-16  145.0
36   4.917000E-16  140.0
35   6.861000E-16  135.0
34   9.665000E-16  130.0
33   1.465000E-15  125.0
32   2.145000E-15  120.0
31   3.543348E-15  117.0
30   5.015737E-15  114.0
29   6.629168E-15  111.0
28   5.423178E-15  108.0
27   2.008159E-16  105.0
26   8.303867E-20  102.0
25   9.168259E-20   99.0
24   9.593000E-20   96.0
23   9.316218E-20   93.0
22   8.499756E-20   90.0
21   7.333076E-20   87.0
20   5.848530E-20   84.0
19   4.207766E-20   81.0
18   2.750164E-20   78.0
17   1.595338E-20   75.0
16   7.878396E-21   72.0
15   3.082743E-21   69.0
14   8.891192E-22   66.0
13   1.715296E-22   63.0
12   1.892507E-23   60.0
11   7.565000E-26   55.0
4.772710E-03   0.000000E+00  75
88   5.532000E-19  400.0
87   5.783000E-19  395.0
86   6.310000E-19  390.0
85   6.890000E-19  385.0
84   7.528000E-19  380.0
83   8.233000E-19  375.0
82   9.010000E-19  370.0
81   9.868000E-19  365.0
80   1.082000E-18  360.0
79   1.187000E-18  355.0
78   1.304000E-18  350.0
77   1.433000E-18  345.0
76   1.576000E-18  340.0
75   1.736000E-18  335.0
74   1.914000E-18  330.0
73   2.113000E-18  325.0
72   2.334000E-18  320.0
71   2.583000E-18  315.0
70   2.861000E-18  310.0
69   3.174000E-18  305.0
68   3.526000E-18  300.0
67   3.923000E-18  295.0
66   4.371000E-18  290.0
65   4.877000E-18  285.0
64   5.453000E-18  280.0
63   6.108000E-18  275.0
62   6.853000E-18  270.0
61   7.704000E-18  265.0
60   8.681000E-18  260.0
59   9.805000E-18  255.0
58   1.110000E-17  250.0
57   1.260000E-17  245.0
56   1.434000E-17  240.0
55   1.637000E-17  235.0
54   1.875000E-17  230.0
53   2.155000E-17  225.0
52   2.486000E-17  220.0
51   2.879000E-17  215.0
50   3.348000E-17  210.0
49   3.912000E-17  205.0
48   4.594000E-17  200.0
47   5.426000E-17  195.0
46   6.447000E-17  190.0
45   7.713000E-17  185.0
44   9.295000E-17  180.0
43   1.130000E-16  175.0
42   1.386000E-16  170.0
41   1.719000E-16  165.0
40   2.157000E-16  160.0
39   2.746000E-16  155.0
38   3.551000E-16  150.0
37   4.685000E-16  145.0
36   6.321000E-16  140.0
35   8.784000E-16  135.0
34   1.243000E-15  130.0
33   1.898000E-15  125.0
32   2.774000E-15  120.0
31   3.690560E-15  117.0
30   3.723814E-15  114.0
29   1.432710E-15  111.0
28   1.294789E-18  108.0
27   3.083926E-20  105.0
26   3.604767E-20  102.0
25   3.879990E-20   99.0
24   3.796343E-20   96.0
23   3.298214E-20   93.0
22   2.556620E-20   90.0
21   1.771194E-20   87.0
20   1.060054E-20   84.0
19   5.211167E-21   81.0
18   2.000160E-21   78.0
17   5.358174E-22   75.0
16   8.685203E-23   72.0
15   6.966171E-24   69.0
14   2.109413E-25   66.0
3.309282E-03   0.000000E+00  58
88   7.483000E-19  400.0
87   7.823000E-19  395.0
86   8.535000E-19  390.0
85   9.319000E-19  385.0
84   1.018000E-18  380.0
83   1.113000E-18  375.0
82   1.219000E-18  370.0
81   1.335000E-18  365.0
80   1.463000E-18  360.0
79   1.605000E-18  355.0
78   1.763000E-18  350.0
77   1.937000E-18  345.0
76   2.131000E-18  340.0
75   2.347000E-18  335.0
74   2.587000E-18  330.0
73   2.856000E-18  325.0
72   3.155000E-18  320.0
71   3.490000E-18  315.0
70   3.867000E-18  310.0
69   4.289000E-18  305.0
68   4.764000E-18  300.0
67   5.299000E-18  295.0
66   5.903000E-18  290.0
65   6.586000E-18  285.0
64   7.362000E-18  280.0
63   8.244000E-18  275.0
62   9.248000E-18  270.0
61   1.039000E-17  265.0
60   1.171000E-17  260.0
59   1.322000E-17  255.0
58   1.496000E-17  250.0
57   1.697000E-17  245.0
56   1.931000E-17  240.0
55   2.203000E-17  235.0
54   2.521000E-17  230.0
53   2.895000E-17  225.0
52   3.336000E-17  220.0
51   3.860000E-17  215.0
50   4.483000E-17  210.0
49   5.232000E-17  205.0
48   6.134000E-17  200.0
47   7.230000E-17  195.0
46   8.569000E-17  190.0
45   1.022000E-16  185.0
44   1.228000E-16  180.0
43   1.487000E-16  175.0
42   1.817000E-16  170.0
41   2.242000E-16  165.0
40   2.798000E-16  160.0
39   3.544000E-16  155.0
38   4.567000E-16  150.0
37   6.030000E-16  145.0
36   8.197000E-16  140.0
35   1.146000E-15  135.0
34   1.609000E-15  130.0
33   2.183000E-15  125.0
32   1.905000E-15  120.0
31   3.353000E-16  117.0
2.303769e-03  0.000000e+00  56
88   1.011120e-18
87   1.056903e-18
86   1.153116e-18
85   1.258968e-18
84   1.375555e-18
83   1.504084e-18
82   1.645905e-18
81   1.802569e-18
80   1.975859e-18
79   2.167674e-18
78   2.380161e-18
77   2.615848e-18
76   2.877171e-18
75   3.167796e-18
74   3.491941e-18
73   3.853537e-18
72   4.256975e-18
71   4.708358e-18
70   5.214738e-18
69   5.783166e-18
68   6.422069e-18
67   7.141565e-18
66   7.952839e-18
65   8.870391e-18
64   9.911479e-18
63   1.109395e-17
62   1.243811e-17
61   1.397209e-17
60   1.572869e-17
59   1.774569e-17
58   2.006830e-17
57   2.275036e-17
56   2.585438e-17
55   2.946305e-17
54   3.367436e-17
53   3.860986e-17
52   4.441482e-17
51   5.127740e-17
50   5.942283e-17
49   6.915141e-17
48   8.082850e-17
47   9.495902e-17
46   1.121535e-16
45   1.332775e-16
44   1.594011e-16
43   1.922017e-16
42   2.339719e-16
41   2.884628e-16
40   3.609989e-16
39   4.603208e-16
38   5.961080e-16
37   7.885334e-16
36   1.042422e-15
35   1.245321e-15
34   9.557339e-16
33   6.653920e-17
1.591481e-03  0.000000e+00  54
88   1.377642e-18
87   1.439898e-18
86   1.570833e-18
85   1.714861e-18
84   1.873464e-18
83   2.048275e-18
82   2.241118e-18
81   2.454090e-18
80   2.689598e-18
79   2.950201e-18
78   3.238792e-18
77   3.558772e-18
76   3.913413e-18
75   4.307643e-18
74   4.747128e-18
73   5.237125e-18
72   5.783493e-18
71   6.394391e-18
70   7.079227e-18
69   7.847357e-18
68   8.709955e-18
67   9.680401e-18
66   1.077343e-17
65   1.200815e-17
64   1.340721e-17
63   1.499387e-17
62   1.679440e-17
61   1.884533e-17
60   2.118894e-17
59   2.387335e-17
58   2.695540e-17
57   3.050350e-17
56   3.459585e-17
55   3.933587e-17
54   4.484527e-17
53   5.127608e-17
52   5.881367e-17
51   6.768818e-17
50   7.817716e-17
49   9.064902e-17
48   1.055736e-16
47   1.236346e-16
46   1.457158e-16
45   1.731555e-16
44   2.077377e-16
43   2.520029e-16
42   3.082159e-16
41   3.816716e-16
40   4.763486e-16
39   5.893299e-16
38   6.795570e-16
37   6.434829e-16
36   2.519474e-16
35   1.896969e-19
1.115977e-03  0.000000e+00  51
88   1.856335e-18
87   1.939919e-18
86   2.115969e-18
85   2.309556e-18
84   2.522657e-18
83   2.757443e-18
82   3.016333e-18
81   3.302111e-18
80   3.617964e-18
79   3.967276e-18
78   4.353860e-18
77   4.782200e-18
76   5.256577e-18
75   5.783477e-18
74   6.370333e-18
73   7.023989e-18
72   7.752043e-18
71   8.565101e-18
70   9.475360e-18
69   1.049483e-17
68   1.163781e-17
67   1.292138e-17
66   1.436419e-17
65   1.599007e-17
64   1.782761e-17
63   1.990579e-17
62   2.225698e-17
61   2.492646e-17
60   2.796639e-17
59   3.143629e-17
58   3.540843e-17
57   3.996570e-17
56   4.520384e-17
55   5.125085e-17
54   5.825892e-17
53   6.642889e-17
52   7.601960e-17
51   8.737339e-17
50   1.009381e-16
49   1.173400e-16
48   1.373077e-16
47   1.616311e-16
46   1.913634e-16
45   2.281365e-16
44   2.730401e-16
43   3.251947e-16
42   3.749540e-16
41   3.973950e-16
40   3.490771e-16
39   1.414506e-16
38   1.027531e-18
7.783891e-04  0.000000e+00  47
88   2.494701e-18
87   2.606234e-18
86   2.841829e-18
85   3.100726e-18
84   3.385518e-18
83   3.699047e-18
82   4.044475e-18
81   4.425427e-18
80   4.846050e-18
79   5.310717e-18
78   5.824346e-18
77   6.392701e-18
76   7.021225e-18
75   7.718234e-18
74   8.493218e-18
73   9.354768e-18
72   1.031215e-17
71   1.137871e-17
70   1.256973e-17
69   1.389994e-17
68   1.538687e-17
67   1.705137e-17
66   1.891613e-17
65   2.101115e-17
64   2.337207e-17
63   2.603344e-17
62   2.903483e-17
61   3.243230e-17
60   3.629158e-17
59   4.069195e-17
58   4.573482e-17
57   5.154469e-17
56   5.827657e-17
55   6.614587e-17
54   7.541843e-17
53   8.635549e-17
52   9.924740e-17
51   1.145066e-16
50   1.326486e-16
49   1.541000e-16
48   1.787646e-16
47   2.049028e-16
46   2.266734e-16
45   2.337172e-16
44   2.111703e-16
43   1.246912e-16
42   1.270829e-17
5.401877e-04  0.000000e+00  43
88   3.345317e-18
87   3.492808e-18
86   3.806136e-18
85   4.150019e-18
84   4.527777e-18
83   4.943031e-18
82   5.399785e-18
81   5.902614e-18
80   6.456686e-18
79   7.067322e-18
78   7.740695e-18
77   8.483914e-18
76   9.303543e-18
75   1.020983e-17
74   1.121444e-17
73   1.232770e-17
72   1.356122e-17
71   1.493161e-17
70   1.645718e-17
69   1.815588e-17
68   2.004922e-17
67   2.216296e-17
66   2.452713e-17
65   2.718291e-17
64   3.018287e-17
63   3.358115e-17
62   3.744667e-17
61   4.187571e-17
60   4.698480e-17
59   5.287233e-17
58   5.964839e-17
57   6.745458e-17
56   7.647879e-17
55   8.690495e-17
54   9.881232e-17
53   1.119668e-16
52   1.253034e-16
51   1.362318e-16
50   1.405661e-16
49   1.335571e-16
48   1.046741e-16
47   4.252762e-17
46   1.396932e-18
3.755423e-04  0.000000e+00  38
88   4.451986e-18
87   4.642916e-18
86   5.053194e-18
85   5.502396e-18
84   5.994578e-18
83   6.534131e-18
82   7.125894e-18
81   7.775391e-18
80   8.488943e-18
79   9.273403e-18
78   1.013599e-17
77   1.108525e-17
76   1.212912e-17
75   1.328028e-17
74   1.455330e-17
73   1.596213e-17
72   1.752307e-17
71   1.926114e-17
70   2.120457e-17
69   2.338494e-17
68   2.584081e-17
67   2.862180e-17
66   3.177187e-17
65   3.533413e-17
64   3.936391e-17
63   4.392591e-17
62   4.909819e-17
61   5.494685e-17
60   6.149599e-17
59   6.861880e-17
58   7.589516e-17
57   8.231690e-17
56   8.619366e-17
55   8.572447e-17
54   7.841916e-17
53   5.858034e-17
52   2.327706e-17
51   1.013111e-18
2.604210e-04  0.000000e+00  32
88   5.866557e-18
87   6.106205e-18
86   6.632612e-18
85   7.207315e-18
84   7.835278e-18
83   8.521909e-18
82   9.273089e-18
81   1.009617e-17
80   1.099991e-17
79   1.199449e-17
78   1.309162e-17
77   1.430538e-17
76   1.565142e-17
75   1.715213e-17
74   1.883536e-17
73   2.071924e-17
72   2.281896e-17
71   2.515990e-17
70   2.777610e-17
69   3.070397e-17
68   3.397137e-17
67   3.758714e-17
66   4.150894e-17
65   4.561717e-17
64   4.956399e-17
63   5.274960e-17
62   5.429482e-17
61   5.342530e-17
60   4.895279e-17
59   3.824939e-17
58   1.929627e-17
57   2.432151e-18
1.809807e-04  0.000000e+00  26
88   7.592980e-18
87   7.888459e-18
86   8.556048e-18
85   9.288270e-18
84   1.009439e-17
83   1.098453e-17
82   1.197111e-17
81   1.306632e-17
80   1.427829e-17
79   1.561692e-17
78   1.709318e-17
77   1.872481e-17
76   2.052782e-17
75   2.251381e-17
74   2.468767e-17
73   2.701513e-17
72   2.942411e-17
71   3.172840e-17
70   3.364023e-17
69   3.471978e-17
68   3.457720e-17
67   3.276150e-17
66   2.829395e-17
65   1.968015e-17
64   7.587204e-18
63   4.703211e-19
1.240852e-04  0.000000e+00  19
88   9.950559e-18
87   1.036907e-17
86   1.127725e-17
85   1.227290e-17
84   1.336598e-17
83   1.456041e-17
82   1.585559e-17
81   1.723654e-17
80   1.866989e-17
79   2.006860e-17
78   2.129157e-17
77   2.212961e-17
76   2.235521e-17
75   2.178828e-17
74   2.012187e-17
73   1.670131e-17
72   1.085034e-17
71   3.681783e-18
70   1.749193e-19
8.367354e-05  0.000000e+00  11
88   1.309575e-17
87   1.334854e-17
86   1.399277e-17
85   1.435186e-17
84   1.431876e-17
83   1.378977e-17
82   1.256669e-17
81   1.026867e-17
80   6.583733e-18
79   2.271788e-18
78   1.289643e-19
6.065927e-05  0.000000e+00  4
88   7.779861e-18
87   4.953944e-18
86   1.970153e-18
85   1.838706e-19
4.217321e-05  0.000000e+00  1
88    0.000000e+00
2.933367e-05  0.000000e+00  1
88    0.000000e+00
2.036759e-05  0.000000e+00  1
88    0.000000e+00
1.419057e-05  0.000000e+00  1
88    0.000000e+00
9.924416e-06  0.000000e+00  1
88    0.000000e+00
6.861515e-06  0.000000e+00  1
88    0.000000e+00
4.769657e-06  0.000000e+00  1
88    0.000000e+00
3.318614e-06  0.000000e+00  1
88    0.000000e+00
2.321832e-06  0.000000e+00  1
88    0.000000e+00
1.581567e-06  0.000000e+00  1
88    0.000000e+00
1.113845e-06  0.000000e+00  1
88    0.000000e+00
7.051706e-07  0.000000e+00  1
88    0.000000e+00
5.413280e-07  0.000000e+00  1
88    0.000000e+00
