 505.00  1.209e+10  3.099e+07  6.510e+04
 515.00  1.041e+10  2.858e+07  6.043e+04
 525.00  8.872e+09  2.576e+07  5.569e+04
 535.00  7.486e+09  2.270e+07  5.095e+04
 545.00  6.257e+09  1.956e+07  4.629e+04
 555.00  5.181e+09  1.648e+07  4.175e+04
 565.00  4.250e+09  1.357e+07  3.739e+04
 575.00  3.456e+09  1.093e+07  3.325e+04
 585.00  2.785e+09  8.600e+06  2.935e+04
 595.00  2.225e+09  6.607e+06  2.571e+04
 605.00  1.762e+09  4.954e+06  2.235e+04
 615.00  1.384e+09  3.623e+06  1.927e+04
 625.00  1.078e+09  2.582e+06  1.648e+04
 635.00  8.323e+08  1.792e+06  1.398e+04
 645.00  6.375e+08  1.210e+06  1.176e+04
 655.00  4.843e+08  7.949e+05  9.797e+03
 665.00  3.649e+08  5.070e+05  8.089e+03
 675.00  2.727e+08  3.137e+05  6.616e+03
 685.00  2.021e+08  1.882e+05  5.357e+03
 695.00  1.486e+08  1.092e+05  4.293e+03
 705.00  1.083e+08  6.132e+04  3.404e+03
 715.00  7.833e+07  3.323e+04  2.669e+03
 725.00  5.616e+07  1.736e+04  2.069e+03
 735.00  3.992e+07  8.732e+03  1.584e+03
 745.00  2.814e+07  4.220e+03  1.198e+03
 755.00  1.966e+07  1.957e+03  8.936e+02
 765.00  1.361e+07  8.689e+02  6.577e+02
 775.00  9.343e+06  3.687e+02  4.772e+02
 785.00  6.353e+06  1.492e+02  3.410e+02
 795.00  4.280e+06  5.749e+01  2.399e+02
 805.00  2.855e+06  2.103e+01  1.660e+02
 815.00  1.887e+06  7.285e+00  1.129e+02
 825.00  1.235e+06  2.384e+00  7.545e+01
 835.00  8.015e+05  7.353e-01  4.946e+01
 845.00  5.154e+05  2.131e-01  3.179e+01
 855.00  3.286e+05  5.783e-02  2.001e+01
 865.00  2.077e+05  1.466e-02  1.233e+01
 875.00  1.303e+05  3.456e-03  7.421e+00
 885.00  8.102e+04  7.559e-04  4.362e+00
 895.00  5.000e+04  1.527e-04  2.500e+00
 905.00  3.062e+04  4.540e-05  1.396e+00
 915.00  1.860e+04  4.540e-05  7.579e-01
 925.00  1.122e+04  4.540e-05  3.998e-01
 935.00  6.715e+03  4.540e-05  2.045e-01
 945.00  3.990e+03  4.540e-05  1.013e-01
 955.00  2.354e+03  4.540e-05  4.855e-02
 965.00  1.378e+03  4.540e-05  2.245e-02
 975.00  8.011e+02  4.540e-05  1.000e-02
 985.00  4.624e+02  4.540e-05  4.287e-03
 995.00  2.649e+02  4.540e-05  1.764e-03
1005.00  1.507e+02  4.540e-05  6.949e-04
1015.00  8.511e+01  4.540e-05  2.617e-04
1025.00  4.771e+01  4.540e-05  9.399e-05
1035.00  2.655e+01  4.540e-05  4.540e-05
1045.00  1.467e+01  4.540e-05  4.540e-05
1055.00  8.042e+00  4.540e-05  4.540e-05
1065.00  4.376e+00  4.540e-05  4.540e-05
1075.00  2.363e+00  4.540e-05  4.540e-05
1085.00  1.266e+00  4.540e-05  4.540e-05
1095.00  6.726e-01  4.540e-05  4.540e-05
1105.00  3.545e-01  4.540e-05  4.540e-05
1115.00  1.853e-01  4.540e-05  4.540e-05
1125.00  9.606e-02  4.540e-05  4.540e-05
1135.00  4.936e-02  4.540e-05  4.540e-05
1145.00  2.513e-02  4.540e-05  4.540e-05
1155.00  1.268e-02  4.540e-05  4.540e-05
1165.00  6.338e-03  4.540e-05  4.540e-05
1175.00  3.137e-03  4.540e-05  4.540e-05
1185.00  1.537e-03  4.540e-05  4.540e-05
1195.00  7.455e-04  4.540e-05  4.540e-05
1205.00  3.577e-04  4.540e-05  4.540e-05
1215.00  1.697e-04  4.540e-05  4.540e-05
1225.00  7.963e-05  4.540e-05  4.540e-05
1235.00  4.540e-05  4.540e-05  4.540e-05
1245.00  4.540e-05  4.540e-05  4.540e-05
1255.00  4.540e-05  4.540e-05  4.540e-05
1265.00  4.540e-05  4.540e-05  4.540e-05
1275.00  4.540e-05  4.540e-05  4.540e-05
1285.00  4.540e-05  4.540e-05  4.540e-05
1295.00  4.540e-05  4.540e-05  4.540e-05
1305.00  4.540e-05  4.540e-05  4.540e-05
1315.00  4.540e-05  4.540e-05  4.540e-05
1325.00  4.540e-05  4.540e-05  4.540e-05
1335.00  4.540e-05  4.540e-05  4.540e-05
1345.00  4.540e-05  4.540e-05  4.540e-05
1355.00  4.540e-05  4.540e-05  4.540e-05
1365.00  4.540e-05  4.540e-05  4.540e-05
1375.00  4.540e-05  4.540e-05  4.540e-05
1385.00  4.540e-05  4.540e-05  4.540e-05
1395.00  4.540e-05  4.540e-05  4.540e-05
1405.00  4.540e-05  4.540e-05  4.540e-05
1415.00  4.540e-05  4.540e-05  4.540e-05
1425.00  4.540e-05  4.540e-05  4.540e-05
1435.00  4.540e-05  4.540e-05  4.540e-05
1445.00  4.540e-05  4.540e-05  4.540e-05
1455.00  4.540e-05  4.540e-05  4.540e-05
1465.00  4.540e-05  4.540e-05  4.540e-05
1475.00  4.540e-05  4.540e-05  4.540e-05
1485.00  4.540e-05  4.540e-05  4.540e-05
1495.00  4.540e-05  4.540e-05  4.540e-05
