     0.316211     0.291937     0.261266     0.248538     0.234186     0.224534
     0.214515     0.203356     0.200967     0.201548     0.197261     0.204464
     0.228504     0.249918     0.257956     0.254648     0.244197     0.233634
     0.232022     0.241816     0.251941     0.266303     0.313264     0.367842
     0.312683     0.287305     0.260351     0.249577     0.235268     0.225254
     0.216495     0.205848     0.203646     0.207805     0.210474     0.224406
     0.249910     0.268127     0.274009     0.269779     0.258955     0.251705
     0.251276     0.254721     0.259388     0.273162     0.319911     0.370925
     0.307943     0.282207     0.261152     0.253549     0.241177     0.230506
     0.219290     0.204812     0.198739     0.204256     0.216991     0.240782
     0.265741     0.277738     0.280016     0.275381     0.264448     0.255908
     0.253783     0.256453     0.260720     0.273111     0.319163     0.370707
     0.303379     0.278307     0.264047     0.260579     0.251969     0.240829
     0.224863     0.203146     0.189479     0.193909     0.214274     0.243491
     0.266780     0.276349     0.277387     0.272934     0.263770     0.255141
     0.250834     0.252209     0.256656     0.269263     0.315855     0.369383
     0.299217     0.274917     0.266930     0.267273     0.263589     0.255598
     0.238910     0.210907     0.186983     0.184666     0.202548     0.228166
     0.249353     0.260965     0.265029     0.264815     0.261492     0.255672
     0.247991     0.244279     0.249597     0.267360     0.316962     0.370231
     0.295802     0.271840     0.268777     0.271681     0.271694     0.269641
     0.258476     0.228700     0.194236     0.178437     0.182205     0.194196
     0.207748     0.220505     0.233950     0.248080     0.256516     0.254500
     0.243227     0.235029     0.242848     0.268049     0.321755     0.372822
     0.292868     0.267662     0.266921     0.271829     0.274180     0.275044
     0.267709     0.239010     0.199350     0.172916     0.164240     0.163599
     0.166272     0.176481     0.200126     0.230807     0.250570     0.249629
     0.233033     0.222484     0.235685     0.267946     0.323827     0.373621
     0.289364     0.260580     0.259087     0.265451     0.270546     0.269630
     0.258577     0.230401     0.193728     0.167828     0.159789     0.161534
     0.164711     0.174890     0.200109     0.231371     0.249122     0.241970
     0.217254     0.206889     0.229283     0.267278     0.321469     0.371464
     0.286494     0.253938     0.250070     0.256411     0.263348     0.258650
     0.240817     0.212783     0.182861     0.164698     0.166567     0.182067
     0.197048     0.210452     0.228414     0.246110     0.252461     0.237319
     0.206938     0.198570     0.228183     0.267558     0.316817     0.367708
     0.285385     0.251375     0.246374     0.251842     0.258893     0.252896
     0.232338     0.203957     0.177488     0.165722     0.175774     0.200726
     0.223693     0.237358     0.246868     0.254501     0.256531     0.242303
     0.212891     0.204980     0.234634     0.269310     0.310823     0.362968
     0.284516     0.250400     0.246488     0.251492     0.258747     0.256227
     0.237925     0.207408     0.179452     0.170084     0.182981     0.209316
     0.232580     0.243089     0.247260     0.253176     0.259078     0.251782
     0.227038     0.218650     0.245000     0.273359     0.306240     0.358571
     0.282794     0.248034     0.245865     0.250209     0.257088     0.258615
     0.242983     0.210435     0.181040     0.172590     0.187505     0.215703
     0.238800     0.246512     0.246881     0.251130     0.258920     0.256580
     0.237241     0.229939     0.253678     0.278362     0.304618     0.355552
     0.280692     0.245265     0.244712     0.247080     0.251320     0.253686
     0.239179     0.206855     0.178997     0.172639     0.190810     0.222559
     0.247129     0.255852     0.255976     0.256469     0.260516     0.259406
     0.245213     0.239156     0.259089     0.280362     0.301836     0.352386
     0.278600     0.243278     0.244867     0.244903     0.245071     0.245847
     0.232259     0.201468     0.176707     0.176012     0.199414     0.231678
     0.253370     0.262898     0.267633     0.268812     0.268918     0.265317
     0.252425     0.246390     0.262022     0.278522     0.296275     0.348686
     0.277265     0.242602     0.246220     0.244320     0.240103     0.237348
     0.223381     0.195453     0.176973     0.185717     0.216095     0.246228
     0.258509     0.261298     0.268312     0.275019     0.276531     0.270069
     0.254044     0.247404     0.262382     0.276375     0.291715     0.345944
     0.277187     0.243455     0.247165     0.242497     0.234676     0.227635
     0.211704     0.190171     0.182924     0.199963     0.233428     0.260507
     0.264331     0.257786     0.261297     0.270822     0.275096     0.268766
     0.251514     0.244305     0.260178     0.274977     0.289053     0.343915
     0.277258     0.243914     0.246239     0.238766     0.229677     0.220681
     0.204376     0.191183     0.195323     0.216416     0.247009     0.269514
     0.270960     0.262762     0.262765     0.267734     0.267600     0.261728
     0.248878     0.241739     0.255055     0.270279     0.284530     0.341202
     0.276674     0.243048     0.245333     0.237257     0.227589     0.217682
     0.202493     0.195078     0.206342     0.230193     0.257213     0.274702
     0.277048     0.273341     0.272629     0.270302     0.262297     0.255927
     0.248025     0.239666     0.246236     0.259247     0.276710     0.338396
     0.276296     0.242691     0.246182     0.238741     0.227690     0.215743
     0.200028     0.194197     0.209501     0.237221     0.263250     0.277785
     0.281160     0.280337     0.278795     0.273068     0.263435     0.258319
     0.252449     0.240862     0.237988     0.245706     0.268359     0.336711
     0.276634     0.242570     0.245242     0.238254     0.227925     0.216037
     0.199019     0.192103     0.210600     0.243055     0.268804     0.280644
     0.283739     0.283246     0.280398     0.274202     0.266465     0.263504
     0.259622     0.246781     0.235992     0.236759     0.262258     0.335790
     0.277372     0.242003     0.241644     0.234645     0.226706     0.217460
     0.201448     0.194643     0.216279     0.252287     0.276217     0.283836
     0.285338     0.285096     0.282285     0.276529     0.269799     0.267259
     0.264267     0.252254     0.239331     0.236162     0.260712     0.335472
     0.279123     0.243429     0.239449     0.230827     0.223124     0.215107
     0.201203     0.196769     0.220870     0.258124     0.280607     0.285740
     0.285927     0.285963     0.284513     0.280968     0.276306     0.273303
     0.268560     0.256977     0.246010     0.242917     0.264659     0.336476
     0.282184     0.246918     0.238399     0.226977     0.217803     0.209143
     0.196038     0.192594     0.216508     0.254140     0.278464     0.285372
     0.286078     0.286210     0.285910     0.284844     0.283044     0.280763
     0.275047     0.264343     0.255303     0.252574     0.272432     0.339581
     0.285823     0.251016     0.237855     0.223844     0.212153     0.202141
     0.189782     0.185108     0.205084     0.242183     0.271376     0.284210
     0.287981     0.288361     0.287672     0.287134     0.287648     0.287466
     0.281998     0.271979     0.263268     0.260394     0.281402     0.344455
     0.290786     0.257693     0.240471     0.224009     0.208741     0.197512
     0.187553     0.182241     0.195799     0.229390     0.264377     0.286200
     0.293975     0.293352     0.290154     0.288010     0.289595     0.291415
     0.285694     0.274608     0.265241     0.263308     0.287632     0.348527
     0.297809     0.267298     0.244952     0.226999     0.210325     0.199443
     0.192869     0.188860     0.195046     0.219748     0.256897     0.288459
     0.301573     0.299272     0.292057     0.286954     0.287577     0.289869
     0.283663     0.270873     0.260406     0.259068     0.285952     0.348531
     0.305341     0.277702     0.250350     0.232328     0.215350     0.203749
     0.198637     0.195084     0.194009     0.207727     0.241729     0.280803
     0.302813     0.302710     0.293415     0.286303     0.285077     0.285874
     0.278744     0.264736     0.251692     0.247227     0.274810     0.343971
     0.312322     0.289151     0.259305     0.240575     0.220316     0.204641
     0.197382     0.191467     0.186243     0.194804     0.224869     0.265075
     0.292039     0.295764     0.289211     0.284752     0.284020     0.283021
     0.273964     0.258043     0.240736     0.231521     0.261153     0.338993
     0.318578     0.300476     0.268753     0.248278     0.225683     0.207153
     0.195920     0.186824     0.181087     0.188525     0.214631     0.249227
     0.271333     0.274287     0.271111     0.271701     0.275833     0.277034
     0.265696     0.244329     0.222275     0.213652     0.251070     0.336733
     0.322853     0.307559     0.273161     0.252477     0.232731     0.214542
     0.198515     0.185615     0.178772     0.182361     0.201802     0.230260
     0.248851     0.251626     0.247556     0.246509     0.253548     0.258419
     0.244493     0.216996     0.193555     0.192172     0.241137     0.334684
     0.324843     0.309788     0.273277     0.254612     0.239763     0.222151
     0.200270     0.181933     0.172861     0.172787     0.186081     0.211829
     0.234414     0.242200     0.235360     0.224349     0.222345     0.221170
     0.204711     0.181369     0.166556     0.174564     0.232486     0.332465
     0.326050     0.310029     0.271526     0.254397     0.242791     0.226170
     0.200439     0.177956     0.168290     0.168306     0.179141     0.203206
     0.228948     0.240254     0.230155     0.207798     0.189636     0.175615
     0.160551     0.152326     0.152300     0.168664     0.232715     0.334067
     0.326595     0.309155     0.268370     0.250626     0.239854     0.225457
     0.200933     0.179235     0.170744     0.170508     0.178300     0.198180
     0.222606     0.234460     0.222248     0.193943     0.166443     0.145959
     0.136179     0.140983     0.150779     0.173031     0.241792     0.339551
     0.325173     0.305713     0.264348     0.246082     0.235514     0.224044
     0.203615     0.185290     0.178137     0.175633     0.178617     0.193477
     0.214700     0.227240     0.219352     0.195722     0.169225     0.147057
     0.138719     0.149459     0.165319     0.190345     0.257534     0.346439
     0.321950     0.300092     0.261379     0.244755     0.234197     0.225122
     0.208554     0.192578     0.186400     0.182627     0.181910     0.193613
     0.212999     0.226731     0.226791     0.214777     0.195364     0.172267
     0.161581     0.175997     0.197171     0.220547     0.278771     0.354206
     0.318754     0.295374     0.261117     0.246780     0.234441     0.225610
     0.212467     0.198723     0.194204     0.191476     0.187274     0.195530
     0.216662     0.234448     0.240244     0.235912     0.223277     0.204745
     0.197053     0.212468     0.231482     0.249414     0.299139     0.361884
