      24      25
    2.00   15.00
X Coefficient
  0.0000  0.0000  0.0000  0.0000  0.0000  0.0000  0.0000  0.0000  0.0000  0.0000  0.0000  0.0000  0.0000  0.0000  0.0000  0.0000  0.0000  0.0000  0.0000  0.0000  0.0000  0.0000  0.0000  0.0000  0.0000
  0.0000  0.0000  0.0000  0.0000  0.0000  0.0000  0.0000  0.0000  0.0000  0.0000  0.0000  0.0000  0.0000  0.0000  0.0000  0.0000  0.0000  0.0000  0.0000  0.0000  0.0000  0.0000  0.0000  0.0000  0.0000
  0.0000  0.0000  0.0000  0.0000  0.0000  0.0000  0.0000  0.0000  0.0000  0.0000  0.0000  0.0000  0.0000  0.0000  0.0000  0.0000  0.0000  0.0000  0.0000  0.0000  0.0000  0.0000  0.0000  0.0000  0.0000
  0.0000  0.0000  0.0000  0.0000  0.0000  0.0000  0.0000  0.0000  0.0000  0.0000  0.0000  0.0000  0.0000  0.0000  0.0000  0.0000  0.0000  0.0000  0.0000  0.0000  0.0000  0.0000  0.0000  0.0000  0.0000
  0.0000  0.0000  0.0000  0.0000  0.0000  0.0000  0.0000  0.0000  0.0000  0.0000  0.0000  0.0000  0.0000  0.0000  0.0000  0.0000  0.0000  0.0000  0.0000  0.0000  0.0000  0.0000  0.0000  0.0000  0.0000
  0.0000  0.0000  0.0000  0.0000  0.0000  0.0000  0.0000  0.0000  0.0000  0.0000  0.0000  0.0000  0.0000  0.0000  0.0000  0.0000  0.0000  0.0000  0.0000  0.0000  0.0000  0.0000  0.0000  0.0000  0.0000
  0.0000  0.0000  0.0000  0.0000  0.0000  0.0000  0.0000  0.0000  0.0000  0.0000  0.0000  0.0000  0.0000  0.0000  0.0000  0.0000  0.0000  0.0000  0.0000  0.0000  0.0000  0.0000  0.0000  0.0000  0.0000
  0.0000  0.0000  0.0000  0.0000  0.0000  0.0000  0.0000  0.0000  0.0000  0.0000  0.0000  0.0000  0.0000  0.0000  0.0000  0.0000  0.0000  0.0000  0.0000  0.0000  0.0000  0.0000  0.0000  0.0000  0.0000
  0.0000  0.0000  0.0000  0.0000  0.0000  0.0000  0.0000  0.0000  0.0000  0.0000  0.0000  0.0000  0.0000  0.0000  0.0000  0.0000  0.0000  0.0000  0.0000  0.0000  0.0000  0.0000  0.0000  0.0000  0.0000
  0.0000  0.0000  0.0000  0.0000  0.0000  0.0000  0.0000  0.0000  0.0000  0.0000  0.0000  0.0000  0.0000  0.0000  0.0000  0.0000  0.0000  0.0000  0.0000  0.0000  0.0000  0.0000  0.0000  0.0000  0.0000
  0.0000  0.0000  0.0000  0.0000  0.0000  0.0000  0.0000  0.0000  0.0000  0.0000  0.0000  0.0000  0.0000  0.0000  0.0000  0.0000  0.0000  0.0000  0.0000  0.0000  0.0000  0.0000  0.0000  0.0000  0.0000
  0.0000  0.0000  0.0000  0.0000  0.0000  0.0000  0.0000  0.0000  0.0000  0.0000  0.0000  0.0000  0.0000  0.0000  0.0000  0.0000  0.0000  0.0000  0.0000  0.0000  0.0000  0.0000  0.0000  0.0000  0.0000
  0.0000  0.0000  0.0000  0.0000  0.0000  0.0000  0.0000  0.0000  0.0000  0.0000  0.0000  0.0000  0.0000  0.0000  0.0000  0.0000  0.0000  0.0000  0.0000  0.0000  0.0000  0.0000  0.0000  0.0000  0.0000
  0.0000  0.0000  0.0000  0.0000  0.0000  0.0000  0.0000  0.0000  0.0000  0.0000  0.0000  0.0000  0.0000  0.0000  0.0000  0.0000  0.0000  0.0000  0.0000  0.0000  0.0000  0.0000  0.0000  0.0000  0.0000
  0.0000  0.0000  0.0000  0.0000  0.0000  0.0000  0.0000  0.0000  0.0000  0.0000  0.0000  0.0000  0.0000  0.0000  0.0000  0.0000  0.0000  0.0000  0.0000  0.0000  0.0000  0.0000  0.0000  0.0000  0.0000
  0.0000  0.0000  0.0000  0.0000  0.0000  0.0000  0.0000  0.0000  0.0000  0.0000  0.0000  0.0000  0.0000  0.0000  0.0000  0.0000  0.0000  0.0000  0.0000  0.0000  0.0000  0.0000  0.0000  0.0000  0.0000
  0.0000  0.0000  0.0000  0.0000  0.0000  0.0000  0.0000  0.0000  0.0000  0.0000  0.0000  0.0000  0.0000  0.0000  0.0000  0.0000  0.0000  0.0000  0.0000  0.0000  0.0000  0.0000  0.0000  0.0000  0.0000
  0.0000  0.0000  0.0000  0.0000  0.0000  0.0000  0.0000  0.0000  0.0000  0.0000  0.0000  0.0000  0.0000  0.0000  0.0000  0.0000  0.0000  0.0000  0.0000  0.0000  0.0000  0.0000  0.0000  0.0000  0.0000
  0.0000  0.0000  0.0000  0.0000  0.0000  0.0000  0.0000  0.0000  0.0000  0.0000  0.0000  0.0000  0.0000  0.0000  0.0000  0.0000  0.0000  0.0000  0.0000  0.0000  0.0000  0.0000  0.0000  0.0000  0.0000
  0.0000  0.0000  0.0000  0.0000  0.0000  0.0000  0.0000  0.0000  0.0000  0.0000  0.0000  0.0000  0.0000  0.0000  0.0000  0.0000  0.0000  0.0000  0.0000  0.0000  0.0000  0.0000  0.0000  0.0000  0.0000
  0.0000  0.0000  0.0000  0.0000  0.0000  0.0000  0.0000  0.0000  0.0000  0.0000  0.0000  0.0000  0.0000  0.0000  0.0000  0.0000  0.0000  0.0000  0.0000  0.0000  0.0000  0.0000  0.0000  0.0000  0.0000
  0.0000  0.0000  0.0000  0.0000  0.0000  0.0000  0.0000  0.0000  0.0000  0.0000  0.0000  0.0000  0.0000  0.0000  0.0000  0.0000  0.0000  0.0000  0.0000  0.0000  0.0000  0.0000  0.0000  0.0000  0.0000
  0.0000  0.0000  0.0000  0.0000  0.0000  0.0000  0.0000  0.0000  0.0000  0.0000  0.0000  0.0000  0.0000  0.0000  0.0000  0.0000  0.0000  0.0000  0.0000  0.0000  0.0000  0.0000  0.0000  0.0000  0.0000
  0.0000  0.0000  0.0000  0.0000  0.0000  0.0000  0.0000  0.0000  0.0000  0.0000  0.0000  0.0000  0.0000  0.0000  0.0000  0.0000  0.0000  0.0000  0.0000  0.0000  0.0000  0.0000  0.0000  0.0000  0.0000
X Background
  0.0000  0.0000  0.0000  0.0000  0.0000  0.0000  0.0000  0.0000  0.0000  0.0000  0.0000  0.0000  0.0000  0.0000  0.0000  0.0000  0.0000  0.0000  0.0000  0.0000  0.0000  0.0000  0.0000  0.0000  0.0000
  0.0000  0.0000  0.0000  0.0000  0.0000  0.0000  0.0000  0.0000  0.0000  0.0000  0.0000  0.0000  0.0000  0.0000  0.0000  0.0000  0.0000  0.0000  0.0000  0.0000  0.0000  0.0000  0.0000  0.0000  0.0000
  0.0000  0.0000  0.0000  0.0000  0.0000  0.0000  0.0000  0.0000  0.0000  0.0000  0.0000  0.0000  0.0000  0.0000  0.0000  0.0000  0.0000  0.0000  0.0000  0.0000  0.0000  0.0000  0.0000  0.0000  0.0000
  0.0000  0.0000  0.0000  0.0000  0.0000  0.0000  0.0000  0.0000  0.0000  0.0000  0.0000  0.0000  0.0000  0.0000  0.0000  0.0000  0.0000  0.0000  0.0000  0.0000  0.0000  0.0000  0.0000  0.0000  0.0000
  0.0000  0.0000  0.0000  0.0000  0.0000  0.0000  0.0000  0.0000  0.0000  0.0000  0.0000  0.0000  0.0000  0.0000  0.0000  0.0000  0.0000  0.0000  0.0000  0.0000  0.0000  0.0000  0.0000  0.0000  0.0000
  0.0000  0.0000  0.0000  0.0000  0.0000  0.0000  0.0000  0.0000  0.0000  0.0000  0.0000  0.0000  0.0000  0.0000  0.0000  0.0000  0.0000  0.0000  0.0000  0.0000  0.0000  0.0000  0.0000  0.0000  0.0000
  0.0000  0.0000  0.0000  0.0000  0.0000  0.0000  0.0000  0.0000  0.0000  0.0000  0.0000  0.0000  0.0000  0.0000  0.0000  0.0000  0.0000  0.0000  0.0000  0.0000  0.0000  0.0000  0.0000  0.0000  0.0000
  0.0000  0.0000  0.0000  0.0000  0.0000  0.0000  0.0000  0.0000  0.0000  0.0000  0.0000  0.0000  0.0000  0.0000  0.0000  0.0000  0.0000  0.0000  0.0000  0.0000  0.0000  0.0000  0.0000  0.0000  0.0000
  0.0000  0.0000  0.0000  0.0000  0.0000  0.0000  0.0000  0.0000  0.0000  0.0000  0.0000  0.0000  0.0000  0.0000  0.0000  0.0000  0.0000  0.0000  0.0000  0.0000  0.0000  0.0000  0.0000  0.0000  0.0000
  0.0000  0.0000  0.0000  0.0000  0.0000  0.0000  0.0000  0.0000  0.0000  0.0000  0.0000  0.0000  0.0000  0.0000  0.0000  0.0000  0.0000  0.0000  0.0000  0.0000  0.0000  0.0000  0.0000  0.0000  0.0000
  0.0000  0.0000  0.0000  0.0000  0.0000  0.0000  0.0000  0.0000  0.0000  0.0000  0.0000  0.0000  0.0000  0.0000  0.0000  0.0000  0.0000  0.0000  0.0000  0.0000  0.0000  0.0000  0.0000  0.0000  0.0000
  0.0000  0.0000  0.0000  0.0000  0.0000  0.0000  0.0000  0.0000  0.0000  0.0000  0.0000  0.0000  0.0000  0.0000  0.0000  0.0000  0.0000  0.0000  0.0000  0.0000  0.0000  0.0000  0.0000  0.0000  0.0000
  0.0000  0.0000  0.0000  0.0000  0.0000  0.0000  0.0000  0.0000  0.0000  0.0000  0.0000  0.0000  0.0000  0.0000  0.0000  0.0000  0.0000  0.0000  0.0000  0.0000  0.0000  0.0000  0.0000  0.0000  0.0000
  0.0000  0.0000  0.0000  0.0000  0.0000  0.0000  0.0000  0.0000  0.0000  0.0000  0.0000  0.0000  0.0000  0.0000  0.0000  0.0000  0.0000  0.0000  0.0000  0.0000  0.0000  0.0000  0.0000  0.0000  0.0000
  0.0000  0.0000  0.0000  0.0000  0.0000  0.0000  0.0000  0.0000  0.0000  0.0000  0.0000  0.0000  0.0000  0.0000  0.0000  0.0000  0.0000  0.0000  0.0000  0.0000  0.0000  0.0000  0.0000  0.0000  0.0000
  0.0000  0.0000  0.0000  0.0000  0.0000  0.0000  0.0000  0.0000  0.0000  0.0000  0.0000  0.0000  0.0000  0.0000  0.0000  0.0000  0.0000  0.0000  0.0000  0.0000  0.0000  0.0000  0.0000  0.0000  0.0000
  0.0000  0.0000  0.0000  0.0000  0.0000  0.0000  0.0000  0.0000  0.0000  0.0000  0.0000  0.0000  0.0000  0.0000  0.0000  0.0000  0.0000  0.0000  0.0000  0.0000  0.0000  0.0000  0.0000  0.0000  0.0000
  0.0000  0.0000  0.0000  0.0000  0.0000  0.0000  0.0000  0.0000  0.0000  0.0000  0.0000  0.0000  0.0000  0.0000  0.0000  0.0000  0.0000  0.0000  0.0000  0.0000  0.0000  0.0000  0.0000  0.0000  0.0000
  0.0000  0.0000  0.0000  0.0000  0.0000  0.0000  0.0000  0.0000  0.0000  0.0000  0.0000  0.0000  0.0000  0.0000  0.0000  0.0000  0.0000  0.0000  0.0000  0.0000  0.0000  0.0000  0.0000  0.0000  0.0000
  0.0000  0.0000  0.0000  0.0000  0.0000  0.0000  0.0000  0.0000  0.0000  0.0000  0.0000  0.0000  0.0000  0.0000  0.0000  0.0000  0.0000  0.0000  0.0000  0.0000  0.0000  0.0000  0.0000  0.0000  0.0000
  0.0000  0.0000  0.0000  0.0000  0.0000  0.0000  0.0000  0.0000  0.0000  0.0000  0.0000  0.0000  0.0000  0.0000  0.0000  0.0000  0.0000  0.0000  0.0000  0.0000  0.0000  0.0000  0.0000  0.0000  0.0000
  0.0000  0.0000  0.0000  0.0000  0.0000  0.0000  0.0000  0.0000  0.0000  0.0000  0.0000  0.0000  0.0000  0.0000  0.0000  0.0000  0.0000  0.0000  0.0000  0.0000  0.0000  0.0000  0.0000  0.0000  0.0000
  0.0000  0.0000  0.0000  0.0000  0.0000  0.0000  0.0000  0.0000  0.0000  0.0000  0.0000  0.0000  0.0000  0.0000  0.0000  0.0000  0.0000  0.0000  0.0000  0.0000  0.0000  0.0000  0.0000  0.0000  0.0000
  0.0000  0.0000  0.0000  0.0000  0.0000  0.0000  0.0000  0.0000  0.0000  0.0000  0.0000  0.0000  0.0000  0.0000  0.0000  0.0000  0.0000  0.0000  0.0000  0.0000  0.0000  0.0000  0.0000  0.0000  0.0000
Y Negative Coefficient
 -1.1702 -1.1702 -1.1702 -1.1702 -1.1702 -1.1702 -1.1702 -1.1702 -1.1702 -1.1702 -1.1702 -1.1702 -1.1702 -1.1702 -1.1702 -1.1702 -1.1702 -1.1702 -1.1702 -1.1702 -1.1702 -1.1702 -1.1702 -1.1702 -1.1702
 -1.0103 -1.0027 -0.9941 -1.1090 -1.2363 -1.2235 -1.2008 -1.2922 -1.4475 -1.5593 -1.5055 -1.4490 -1.3912 -1.3338 -1.2425 -1.1524 -1.0469 -1.0194 -1.0209 -1.0113 -0.9811 -0.9478 -0.9306 -0.9764 -1.0103
 -0.9798 -1.0022 -1.0212 -1.1557 -1.2901 -1.2747 -1.2421 -1.3889 -1.6067 -1.7173 -1.6246 -1.5038 -1.3939 -1.2774 -1.1103 -0.9514 -0.8059 -0.7459 -0.7699 -0.7868 -0.7840 -0.7727 -0.8005 -0.8992 -0.9798
 -0.8927 -0.9818 -1.0377 -1.1719 -1.3148 -1.2891 -1.2914 -1.5525 -1.7796 -1.8327 -1.6605 -1.4178 -1.2359 -1.0705 -0.8792 -0.6964 -0.5186 -0.4310 -0.4994 -0.5470 -0.5699 -0.5977 -0.6503 -0.7525 -0.8927
 -0.7840 -0.9182 -0.9859 -1.1095 -1.2826 -1.2555 -1.3205 -1.6193 -1.8367 -1.7686 -1.4976 -1.1536 -0.9134 -0.7013 -0.4344 -0.1793 -0.1128 -0.1199 -0.2327 -0.3129 -0.3481 -0.4234 -0.4891 -0.6032 -0.7840
 -0.6866 -0.8100 -0.8389 -0.9548 -1.1518 -1.1666 -1.2953 -1.5254 -1.6960 -1.5248 -1.0970 -0.6219 -0.0866 -0.0833 -0.0375 -0.0007  0.0328  0.0088 -0.0514 -0.1231 -0.1798 -0.2671 -0.3691 -0.5205 -0.6866
 -0.5848 -0.6649 -0.6226 -0.7580 -0.9780 -1.0469 -1.1980 -1.3013 -1.3320 -1.0160 -0.3854  0.0048  0.1098  0.1788  0.2693  0.1633  0.1762  0.1005  0.0340 -0.0351 -0.0986 -0.1945 -0.3277 -0.4685 -0.5848
 -0.4827 -0.5082 -0.4211 -0.5647 -0.8150 -0.9111 -1.0278 -0.9832 -0.8217 -0.3346 -0.0549  0.1627  0.2288  0.4664  0.6698  0.6579  0.5557  0.3182  0.1173  0.0011 -0.0715 -0.1966 -0.3243 -0.4056 -0.4827
 -0.3958 -0.3946 -0.3124 -0.4308 -0.6503 -0.7169 -0.7349 -0.5898 -0.3036 -0.0464  0.0930  0.3218  0.6026  0.8529  0.9754  0.9292  0.7884  0.5026  0.2378  0.0318 -0.0567 -0.2062 -0.3322 -0.3645 -0.3958
 -0.3632 -0.3376 -0.2910 -0.3759 -0.5170 -0.5007 -0.3813 -0.1371  0.0173  0.1150  0.2385  0.4920  0.6799  0.8426  0.9449  0.9777  0.8920  0.5997  0.3343  0.0640 -0.0534 -0.2137 -0.3228 -0.3548 -0.3632
 -0.3694 -0.3528 -0.3221 -0.3830 -0.3877 -0.1538 -0.0698  0.0574  0.1396  0.2126  0.3745  0.5138  0.5928  0.6748  0.7704  0.8478  0.8309  0.6100  0.3599  0.1095 -0.0477 -0.1823 -0.2667 -0.3303 -0.3694
 -0.3954 -0.3778 -0.3606 -0.3395 -0.1541 -0.0812 -0.0234  0.1346  0.2137  0.3342  0.4480  0.5084  0.5304  0.5729  0.6386  0.6673  0.6265  0.4022  0.2982  0.1815 -0.0388 -0.1624 -0.2495 -0.3389 -0.3954
 -0.3824 -0.3862 -0.3417 -0.1873 -0.1289 -0.0739  0.1263  0.2971  0.3350  0.4142  0.4799  0.5051  0.5030  0.5269  0.5452  0.4656  0.3499  0.1055  0.1810  0.0508 -0.1310 -0.2529 -0.3184 -0.3611 -0.3824
 -0.3375 -0.3104 -0.2152 -0.1536 -0.1174  0.0979  0.3294  0.4644  0.4501  0.4796  0.5063  0.5126  0.5037  0.5059  0.4600  0.3001  0.0649  0.0272  0.0200 -0.1055 -0.2282 -0.3077 -0.3223 -0.3447 -0.3375
 -0.2548 -0.2088 -0.1675 -0.1216 -0.0256  0.2264  0.4521  0.5592  0.5245  0.5271  0.5337  0.5313  0.5133  0.5035  0.4208  0.1745  0.0372 -0.0158 -0.1155 -0.1848 -0.2648 -0.3035 -0.2988 -0.2942 -0.2548
 -0.1781 -0.1339 -0.0993 -0.0442  0.0799  0.3154  0.5261  0.6042  0.5677  0.5674  0.5593  0.5487  0.5294  0.5134  0.4241  0.1821  0.0421 -0.0492 -0.1353 -0.1956 -0.2537 -0.2612 -0.2412 -0.2318 -0.1781
 -0.1133 -0.0704 -0.0376  0.0191  0.1611  0.3640  0.5609  0.6244  0.5935  0.5932  0.5779  0.5615  0.5428  0.5283  0.4590  0.2724 -0.0340 -0.0474 -0.0542 -0.1537 -0.2172 -0.2064 -0.1930 -0.1891 -0.1133
 -0.0643 -0.0264  0.0165  0.0629  0.2049  0.3822  0.5722  0.6251  0.6005  0.6038  0.5878  0.5676  0.5509  0.5409  0.4905  0.3636  0.1362 -0.0432 -0.0645 -0.0994 -0.1767 -0.1597 -0.1485 -0.1450 -0.0643
 -0.0356  0.0223  0.0410  0.0608  0.2178  0.3806  0.5688  0.6155  0.6031  0.6032  0.5874  0.5686  0.5558  0.5477  0.5043  0.4171  0.2511  0.0356 -0.0430 -0.0920 -0.1504 -0.1325 -0.1219 -0.1185 -0.0356
 -0.0184  0.0423  0.0554  0.0786  0.2302  0.3732  0.5572  0.5989  0.5978  0.5971  0.5812  0.5656  0.5572  0.5494  0.5100  0.4444  0.3043  0.1013 -0.0189 -0.0917 -0.1354 -0.1202 -0.1123 -0.1027 -0.0184
 -0.0124  0.0469  0.0672  0.1044  0.2386  0.3650  0.5404  0.5799  0.5888  0.5892  0.5740  0.5603  0.5554  0.5481  0.5107  0.4537  0.3265  0.1403  0.0016 -0.0864 -0.1257 -0.1161 -0.1104 -0.0954 -0.0124
 -0.0123  0.0510  0.0768  0.1166  0.2383  0.3512  0.5144  0.5547  0.5736  0.5770  0.5652  0.5533  0.5502  0.5436  0.5060  0.4518  0.3290  0.1510  0.0083 -0.0831 -0.1203 -0.1141 -0.1093 -0.0943 -0.0123
 -0.0110  0.0547  0.0797  0.1134  0.2250  0.3396  0.4838  0.5317  0.5566  0.5630  0.5562  0.5474  0.5455  0.5367  0.5003  0.4410  0.3170  0.1380  0.0028 -0.0789 -0.1136 -0.1129 -0.1111 -0.0874 -0.0110
  0.0000  0.0000  0.0000  0.0000  0.0000  0.0000  0.0000  0.0000  0.0000  0.0000  0.0000  0.0000  0.0000  0.0000  0.0000  0.0000  0.0000  0.0000  0.0000  0.0000  0.0000  0.0000  0.0000  0.0000  0.0000
Y Negative Background
  5.5923  5.5923  5.5923  5.5923  5.5923  5.5923  5.5923  5.5923  5.5923  5.5923  5.5923  5.5923  5.5923  5.5923  5.5923  5.5923  5.5923  5.5923  5.5923  5.5923  5.5923  5.5923  5.5923  5.5923  5.5923
  6.3112  7.7087  9.0593  9.7166  9.6953  9.6344  9.3349  8.4850  7.5159  6.6807  5.9662  5.3491  4.8757  4.5823  4.2467  3.7033  3.1935  2.3293  1.5854  1.3787  1.7883  2.5271  3.6763  4.8719  6.3112
  6.6175  8.6499 10.1582 11.0331 11.2278 11.1583 10.7496  9.4823  7.8320  6.2207  4.7654  3.6743  2.9340  2.5041  2.1834  1.6763  1.0215  0.1529 -0.4788 -0.5810  0.0190  1.3302  3.0691  4.6842  6.6175
  6.9255  9.1193 10.7775 11.8087 12.1230 12.0951 11.4850  9.6970  7.4892  5.1917  3.1347  1.8332  0.8675  0.1252 -0.5077 -1.2174 -1.7903 -2.2964 -2.5825 -2.2812 -1.1470  0.5662  2.6662  4.7439  6.9255
  7.0831  9.3851 11.1324 12.2264 12.4640 12.3319 11.4901  9.3288  6.7312  4.0191  1.6856  0.0883 -1.1870 -2.4573 -3.7537 -5.2819 -5.1108 -5.0320 -5.0474 -3.9469 -2.0495  0.0802  2.4671  4.7351  7.0831
  7.2151  9.6412 11.4500 12.6303 12.6731 12.1312 10.6644  8.1905  5.3889  2.6042  0.4979 -0.9323 -1.8725 -3.6068 -5.5764 -6.2617 -6.2611 -6.1508 -6.2233 -5.1620 -2.7152 -0.2539  2.1007  4.4834  7.2151
  7.2001  9.7270 11.7033 12.7500 12.5199 11.4287  9.1812  6.5551  3.6540  1.2982 -0.0836 -1.3119 -1.8229 -2.5648 -4.5835 -6.2510 -6.4949 -6.6016 -6.6034 -5.6256 -3.0864 -0.6762  1.5369  4.3410  7.2001
  7.1285  9.8572 11.4942 11.9737 11.2373  9.5848  6.9801  4.5317  2.0325  0.2932 -0.0490 -0.4283 -1.4365 -2.1161 -3.5238 -5.0733 -5.8014 -5.9642 -5.8622 -4.9494 -3.1490 -0.9373  1.3468  4.2452  7.1285
  6.8611  9.3443 10.2541 10.3225  9.0950  7.1534  4.7338  2.4565  0.5962  0.1008  0.1322 -0.0473 -0.3455 -0.7133 -1.6160 -3.0216 -3.7039 -3.7763 -3.7723 -3.4148 -2.2284 -0.7863  1.1088  3.9111  6.8611
  5.7142  8.0367  8.5746  8.1814  6.5365  4.5853  2.5473  0.9419  0.3223  0.1592  0.2635  0.2936  0.1668 -0.0276 -0.4281 -1.1055 -1.2979 -1.2833 -1.1760 -1.4118 -0.9123 -0.3369  0.7050  2.9806  5.7142
  3.8856  5.8429  6.5781  5.6975  3.9889  1.8862  1.1755  0.6605  0.4286  0.3158  0.3763  0.3466  0.2808  0.1595  0.1187  0.1417  0.5780  1.0755  1.2901  0.4566  0.3220  0.3232  0.6822  1.9087  3.8856
  2.0913  3.5788  4.2648  2.8409  1.5545  1.5060  1.3282  0.8119  0.4471  0.3323  0.3677  0.3037  0.2548  0.2045  0.4108  0.7547  1.4599  2.1165  1.9692  1.6209  1.0162  0.7513  0.7364  1.0899  2.0913
  0.8992  1.5669  1.7976  1.0370  1.1210  1.3158  1.2940  0.9151  0.4764  0.3164  0.2971  0.2462  0.2076  0.2058  0.3813  0.6310  1.3141  1.2771  1.7572  1.4531  1.0050  0.6821  0.5017  0.5524  0.8992
  0.3188  0.5076  0.3639  0.3333  0.7918  1.0897  1.1467  0.9395  0.5358  0.3227  0.2738  0.2330  0.1931  0.1789  0.2385  0.3453  0.8160  0.9416  1.0362  0.8920  0.6894  0.5289  0.4373  0.2882  0.3188
  0.2490  0.0814 -0.1494  0.1426  0.3962  0.7986  0.8928  0.8121  0.4970  0.2943  0.2641  0.2361  0.1788  0.1591  0.1564  0.1399  0.1836  0.6118  0.4702  0.4431  0.4004  0.3739  0.3629  0.2657  0.2490
  0.3182 -0.0180 -0.2124 -0.0163  0.2662  0.6266  0.7068  0.6515  0.4152  0.2747  0.2470  0.2315  0.1868  0.1642  0.1358  0.0635  0.0376 -0.1033  0.0394  0.1558  0.2216  0.3060  0.3740  0.3210  0.3182
  0.4070  0.0300 -0.1213 -0.0325  0.2172  0.4909  0.5690  0.5285  0.3565  0.2540  0.2379  0.2311  0.2006  0.1865  0.1681  0.0551 -0.1128 -0.1218 -0.0993 -0.0028  0.1355  0.3227  0.3816  0.3436  0.4070
  0.4680  0.0580 -0.0471  0.0008  0.1870  0.3836  0.4675  0.4308  0.3055  0.2425  0.2407  0.2284  0.2078  0.2123  0.2183  0.1279  0.0320 -0.0983  0.0384  0.0230  0.1015  0.3404  0.3892  0.3671  0.4680
  0.4902  0.0358 -0.0263 -0.0080  0.1572  0.2912  0.3795  0.3512  0.2703  0.2209  0.2304  0.2213  0.2096  0.2221  0.2356  0.1693  0.1253  0.0652  0.0590  0.0204  0.0807  0.3299  0.3843  0.3663  0.4902
  0.4956  0.0781 -0.0113  0.0058  0.1389  0.2213  0.3084  0.2880  0.2382  0.2026  0.2207  0.2141  0.2101  0.2281  0.2515  0.2042  0.1549  0.1215  0.0727 -0.0023  0.0554  0.2982  0.3648  0.3626  0.4956
  0.4814  0.1688  0.0218  0.0299  0.1087  0.1687  0.2563  0.2458  0.2173  0.1972  0.2177  0.2093  0.2164  0.2408  0.2667  0.2292  0.1754  0.1556  0.0867 -0.0060  0.0361  0.2647  0.3339  0.3449  0.4814
  0.4602  0.2255  0.0659  0.0545  0.0868  0.1304  0.2089  0.2063  0.2023  0.1949  0.2134  0.2060  0.2205  0.2478  0.2763  0.2512  0.1797  0.1591  0.0844 -0.0149  0.0252  0.2389  0.3044  0.3193  0.4602
  0.4473  0.2482  0.1005  0.0758  0.0834  0.1214  0.1793  0.1832  0.1918  0.1930  0.2088  0.2077  0.2253  0.2566  0.2898  0.2593  0.1816  0.1495  0.0711 -0.0126  0.0271  0.2173  0.2762  0.3216  0.4473
  0.0000  0.0000  0.0000  0.0000  0.0000  0.0000  0.0000  0.0000  0.0000  0.0000  0.0000  0.0000  0.0000  0.0000  0.0000  0.0000  0.0000  0.0000  0.0000  0.0000  0.0000  0.0000  0.0000  0.0000  0.0000
Y Positive Coefficient
 -1.5307 -1.5307 -1.5307 -1.5307 -1.5307 -1.5307 -1.5307 -1.5307 -1.5307 -1.5307 -1.5307 -1.5307 -1.5307 -1.5307 -1.5307 -1.5307 -1.5307 -1.5307 -1.5307 -1.5307 -1.5307 -1.5307 -1.5307 -1.5307 -1.5307
 -1.0902 -1.0575 -1.0400 -1.0815 -1.2082 -1.3245 -1.6099 -2.1506 -2.3295 -2.3338 -2.1488 -1.8919 -1.8499 -1.8641 -1.8394 -1.7471 -1.5277 -1.3285 -1.1632 -1.1309 -1.1990 -1.2761 -1.3086 -1.2352 -1.0902
 -0.9559 -0.9481 -0.9496 -0.9693 -1.0872 -1.1601 -1.4478 -1.9359 -2.0735 -2.0526 -1.8083 -1.5441 -1.5510 -1.6410 -1.6533 -1.5455 -1.2786 -1.0018 -0.8041 -0.7377 -0.7850 -0.8827 -0.9979 -1.0481 -0.9559
 -0.8329 -0.8283 -0.8293 -0.8269 -0.9310 -0.9385 -1.1592 -1.4412 -1.5000 -1.4336 -1.2408 -1.0802 -1.1428 -1.2914 -1.3627 -1.2810 -1.0175 -0.6908 -0.5211 -0.4234 -0.4313 -0.5226 -0.6597 -0.7998 -0.8329
 -0.6676 -0.6591 -0.6441 -0.6431 -0.7393 -0.6677 -0.7750 -0.8687 -0.8699 -0.7904 -0.6969 -0.6641 -0.7212 -0.8861 -1.0077 -0.9290 -0.7849 -0.4915 -0.2827 -0.1938 -0.2032 -0.2927 -0.4132 -0.5976 -0.6676
 -0.4173 -0.4749 -0.4762 -0.4692 -0.5257 -0.3725 -0.3637 -0.3734 -0.3528 -0.2939 -0.3098 -0.3260 -0.3070 -0.6054 -0.7949 -0.8045 -0.6898 -0.4459 -0.1675 -0.0518 -0.0645 -0.1287 -0.1954 -0.3431 -0.4173
 -0.2345 -0.3371 -0.3563 -0.3464 -0.3479 -0.1901 -0.1380 -0.0806 -0.0658 -0.0887 -0.1712 -0.2204 -0.2655 -0.3597 -0.5296 -0.7165 -0.6003 -0.2265  0.0228  0.0914  0.0284 -0.0120 -0.0089 -0.1269 -0.2345
 -0.0760 -0.2087 -0.2451 -0.2513 -0.2000 -0.0729 -0.0335  0.0319  0.0298 -0.0871 -0.1541 -0.1662 -0.2470 -0.3320 -0.3974 -0.4260 -0.3157 -0.0177  0.1372  0.2054  0.1352  0.1032  0.1430  0.0492 -0.0760
  0.0249 -0.1309 -0.1760 -0.1849 -0.1416 -0.0283  0.0129  0.0464  0.0096 -0.0423 -0.0968 -0.1255 -0.1797 -0.2342 -0.2392 -0.2027 -0.1144  0.1041  0.2222  0.2634  0.2417  0.2235  0.2505  0.1659  0.0249
  0.0531 -0.1080 -0.1583 -0.1650 -0.1196  0.0019  0.0649  0.0522 -0.0113 -0.0402 -0.0618 -0.0883 -0.1152 -0.1355 -0.1132 -0.0644 -0.0083  0.1234  0.2056  0.2486  0.2551  0.2415  0.2475  0.1747  0.0531
  0.0132 -0.0895 -0.1359 -0.1389 -0.0707  0.1042  0.1375  0.0792  0.0158 -0.0178 -0.0448 -0.0632 -0.0765 -0.0753 -0.0418  0.0206  0.0851  0.1386  0.1465  0.1867  0.1978  0.1926  0.1704  0.0929  0.0132
 -0.0309 -0.1001 -0.1156 -0.0760  0.0595  0.1289  0.1583  0.1291  0.0425 -0.0097 -0.0346 -0.0442 -0.0483 -0.0442 -0.0144  0.0455  0.1068  0.1048  0.1064  0.1157  0.1537  0.1455  0.0999  0.0214 -0.0309
 -0.0489 -0.0684 -0.0802 -0.0284  0.0366  0.0963  0.1808  0.1664  0.0740  0.0037 -0.0232 -0.0289 -0.0277 -0.0275 -0.0080  0.0410  0.0871  0.0940  0.0987  0.0959  0.1146  0.0719  0.0143 -0.0445 -0.0489
 -0.0298 -0.0342 -0.0694 -0.0599  0.0099  0.1316  0.2027  0.1831  0.0909  0.0163 -0.0097 -0.0156 -0.0155 -0.0155 -0.0067  0.0265  0.0792  0.0891  0.0874  0.0808  0.0690 -0.0045 -0.0671 -0.0743 -0.0298
 -0.0014  0.0108  0.0016 -0.0275  0.0428  0.1707  0.2206  0.1880  0.0988  0.0291  0.0032 -0.0059 -0.0049 -0.0057 -0.0057  0.0231  0.0383  0.0681  0.0566  0.0533  0.0205 -0.0619 -0.1126 -0.0816 -0.0014
  0.0093  0.0301  0.0321  0.0173  0.0810  0.1794  0.2134  0.1861  0.1022  0.0362  0.0106  0.0015  0.0015 -0.0002 -0.0060  0.0163  0.0289  0.0071  0.0161  0.0309  0.0076 -0.0694 -0.1202 -0.0817  0.0093
  0.0071  0.0314  0.0419  0.0380  0.0954  0.1625  0.1910  0.1772  0.1026  0.0433  0.0187  0.0059  0.0022  0.0024 -0.0054  0.0046  0.0052  0.0038  0.0034  0.0156 -0.0080 -0.0760 -0.1153 -0.0714  0.0071
  0.0083  0.0331  0.0440  0.0454  0.0959  0.1484  0.1726  0.1648  0.0987  0.0502  0.0272  0.0108  0.0027  0.0041 -0.0030  0.0003  0.0061  0.0032 -0.0017  0.0037 -0.0159 -0.0721 -0.1049 -0.0554  0.0083
  0.0072  0.0379  0.0402  0.0421  0.0919  0.1406  0.1579  0.1542  0.0987  0.0563  0.0333  0.0132  0.0016  0.0047 -0.0027 -0.0040  0.0020 -0.0019 -0.0022  0.0039 -0.0166 -0.0673 -0.0914 -0.0399  0.0072
  0.0034  0.0239  0.0305  0.0350  0.0874  0.1343  0.1467  0.1450  0.0977  0.0585  0.0378  0.0153  0.0015  0.0052 -0.0021 -0.0053 -0.0032 -0.0050 -0.0015  0.0047 -0.0159 -0.0601 -0.0787 -0.0340  0.0034
  0.0016  0.0124  0.0201  0.0308  0.0839  0.1282  0.1379  0.1388  0.0962  0.0589  0.0410  0.0174  0.0024  0.0058 -0.0018 -0.0060 -0.0072 -0.0074 -0.0010  0.0040 -0.0145 -0.0544 -0.0712 -0.0314  0.0016
  0.0023  0.0055  0.0088  0.0248  0.0807  0.1217  0.1300  0.1341  0.0951  0.0607  0.0438  0.0182  0.0024  0.0054 -0.0020 -0.0075 -0.0110 -0.0101 -0.0012  0.0027 -0.0149 -0.0533 -0.0671 -0.0285  0.0023
  0.0021  0.0026  0.0045  0.0194  0.0737  0.1128  0.1244  0.1268  0.0922  0.0628  0.0449  0.0186  0.0041  0.0055 -0.0020 -0.0084 -0.0134 -0.0103 -0.0011  0.0012 -0.0157 -0.0520 -0.0604 -0.0246  0.0021
  0.0000  0.0000  0.0000  0.0000  0.0000  0.0000  0.0000  0.0000  0.0000  0.0000  0.0000  0.0000  0.0000  0.0000  0.0000  0.0000  0.0000  0.0000  0.0000  0.0000  0.0000  0.0000  0.0000  0.0000  0.0000
Y Positive Background
  4.9065  4.9065  4.9065  4.9065  4.9065  4.9065  4.9065  4.9065  4.9065  4.9065  4.9065  4.9065  4.9065  4.9065  4.9065  4.9065  4.9065  4.9065  4.9065  4.9065  4.9065  4.9065  4.9065  4.9065  4.9065
  6.7418  7.8792  9.0519  9.8056 10.1338  9.7185  9.0959  8.2881  6.9752  5.5880  3.7529  2.4835  2.2916  2.4656  2.6750  2.2179  1.4681  0.9836  0.9230  1.1738  1.7195  2.7089  4.0742  5.5404  6.7418
  7.4331  8.9427 10.1119 11.1011 11.7043 11.1400 10.2810  9.0194  7.1045  4.9975  2.4325  0.6408  0.3449  0.4558  0.5363  0.0147 -0.8123 -1.2022 -0.9684 -0.5794  0.2271  1.6964  3.6474  5.7101  7.4331
  7.9270  9.5846 10.8469 11.8546 12.6889 12.0429 10.8356  9.0306  6.6423  4.0647  1.3354 -0.4158 -0.8422 -1.0408 -1.3158 -2.0524 -2.8878 -3.5130 -2.9504 -2.2835 -1.0148  0.8753  3.1835  5.7072  7.9270
  8.2389  9.9312 11.0664 11.9912 12.9714 12.1753 10.6693  8.3251  5.6572  2.9578  0.5279 -0.9063 -1.5168 -2.0282 -2.7248 -4.1489 -4.7566 -5.8163 -5.4265 -4.1072 -2.1505  0.2851  2.8875  5.6387  8.2389
  8.5740 10.2674 11.1526 11.9681 12.6351 11.5716  9.7509  7.0121  4.3126  1.8009  0.0403 -0.9515 -1.3969 -1.9906 -3.7468 -4.6693 -5.4027 -6.3669 -6.4941 -5.4705 -3.1032 -0.3628  2.4098  5.4824  8.5740
  8.5398 10.4242 11.3271 12.0505 12.1044 10.6535  8.4345  5.5143  2.8529  0.8959  0.0172 -0.9903 -1.2495 -1.4133 -2.7735 -4.4413 -5.4718 -6.6490 -6.8354 -6.0334 -3.6810 -1.0375  1.7750  5.3063  8.5398
  8.1619 10.2922 11.0816 11.4880 10.7365  8.8721  6.4690  3.8424  1.6288  0.2894  0.0918 -0.3288 -1.0133 -1.1382 -2.0740 -3.4768 -4.8065 -5.9285 -6.1915 -5.4240 -3.8398 -1.4131  1.3891  4.9593  8.1619
  7.5357  9.4223  9.8628  9.9489  8.7049  6.4762  4.1089  1.9607  0.4547 -0.0031  0.0189 -0.2281 -0.5299 -0.6082 -1.1644 -2.2342 -3.2147 -3.9989 -4.2220 -3.9374 -3.1769 -1.3843  1.1643  4.5763  7.5357
  6.1978  7.9416  8.2751  7.9266  6.2401  3.9290  1.8594  0.3000  0.0054 -0.0547 -0.0684 -0.2194 -0.4048 -0.4478 -0.7334 -1.3684 -1.7270 -1.8351 -1.7898 -1.9575 -1.7348 -0.6099  1.0728  3.8086  6.1978
  4.3379  5.7873  6.3419  5.5604  3.8512  1.2986  0.3159 -0.1793 -0.1669 -0.1562 -0.1901 -0.2967 -0.3685 -0.4174 -0.6081 -0.8724 -0.6939 -0.1404  0.3105 -0.1521 -0.1176  0.4080  1.2385  2.7527  4.3379
  2.6723  3.6512  4.2067  2.9970  1.4024  0.9153  0.5764 -0.1315 -0.2363 -0.2326 -0.2636 -0.3597 -0.3930 -0.3916 -0.4357 -0.4964 -0.0203  0.9841  1.0530  0.9802  0.8252  0.9759  1.3150  1.9515  2.6723
  1.6715  2.0254  2.1932  1.4281  1.2614  1.0039  0.3683 -0.2418 -0.3522 -0.2854 -0.3019 -0.3778 -0.4058 -0.3661 -0.3484 -0.3075  0.2835  0.7405  1.1080  1.2227  1.2926  1.3992  1.4389  1.5832  1.6715
  1.0699  1.0331  1.0312  0.9850  1.0727  0.5753  0.0475 -0.3560 -0.4171 -0.3249 -0.3257 -0.3740 -0.3957 -0.3544 -0.3013 -0.1903  0.4190  0.5890  0.7311  1.0961  1.3556  1.5578  1.4825  1.2838  1.0699
  0.7357  0.4670  0.3814  0.7194  0.5782  0.1803 -0.2522 -0.5028 -0.4830 -0.3990 -0.3732 -0.3809 -0.3944 -0.3537 -0.2848 -0.1408  0.0427  0.4557  0.6240  0.8970  1.2038  1.4830  1.4190  1.1158  0.7357
  0.5873  0.2999  0.1308  0.3238  0.2238 -0.0625 -0.4293 -0.6383 -0.5505 -0.4498 -0.4197 -0.3996 -0.3893 -0.3573 -0.2978 -0.1745 -0.0321  0.1438  0.4427  0.7002  0.9328  1.2406  1.2849  0.9985  0.5873
  0.5441  0.2711  0.0477  0.0956  0.0073 -0.1929 -0.4994 -0.7080 -0.5955 -0.5014 -0.4660 -0.4135 -0.3807 -0.3608 -0.3112 -0.2243  0.1149  0.1381  0.1717  0.4866  0.7591  1.1238  1.1758  0.8904  0.5441
  0.4929  0.2088  0.0102 -0.0066 -0.0981 -0.2682 -0.5209 -0.7113 -0.5934 -0.5307 -0.4972 -0.4302 -0.3772 -0.3601 -0.3235 -0.2655 -0.0629  0.1492  0.2986  0.3548  0.6146  1.0004  1.0517  0.7875  0.4929
  0.4509  0.0887  0.0112 -0.0077 -0.1438 -0.3361 -0.5467 -0.7063 -0.5989 -0.5502 -0.5166 -0.4363 -0.3694 -0.3589 -0.3296 -0.2821 -0.1478  0.1270  0.2508  0.2931  0.5142  0.9020  0.9563  0.6991  0.4509
  0.4419  0.1441  0.0442  0.0060 -0.1740 -0.3725 -0.5581 -0.6963 -0.5975 -0.5472 -0.5217 -0.4347 -0.3643 -0.3535 -0.3305 -0.2840 -0.1800  0.0498  0.1798  0.2335  0.4400  0.8274  0.8877  0.6465  0.4419
  0.4373  0.2194  0.0828 -0.0056 -0.2031 -0.3874 -0.5548 -0.6820 -0.5912 -0.5354 -0.5186 -0.4361 -0.3569 -0.3344 -0.3191 -0.2712 -0.1808  0.0041  0.1184  0.1947  0.3870  0.7784  0.8406  0.6111  0.4373
  0.4355  0.2591  0.1237  0.0013 -0.2209 -0.3914 -0.5421 -0.6674 -0.5883 -0.5294 -0.5138 -0.4302 -0.3391 -0.3112 -0.3039 -0.2485 -0.1714 -0.0196  0.0821  0.1695  0.3617  0.7625  0.8132  0.5913  0.4355
  0.4367  0.2729  0.1464  0.0352 -0.2031 -0.3734 -0.5235 -0.6385 -0.5757 -0.5248 -0.5060 -0.4204 -0.3306 -0.3029 -0.2859 -0.2295 -0.1532 -0.0207  0.0713  0.1585  0.3545  0.7377  0.7719  0.5734  0.4367
  0.0000  0.0000  0.0000  0.0000  0.0000  0.0000  0.0000  0.0000  0.0000  0.0000  0.0000  0.0000  0.0000  0.0000  0.0000  0.0000  0.0000  0.0000  0.0000  0.0000  0.0000  0.0000  0.0000  0.0000  0.0000
Z Negative Coefficient
 -0.6234 -0.6234 -0.6234 -0.6234 -0.6234 -0.6234 -0.6234 -0.6234 -0.6234 -0.6234 -0.6234 -0.6234 -0.6234 -0.6234 -0.6234 -0.6234 -0.6234 -0.6234 -0.6234 -0.6234 -0.6234 -0.6234 -0.6234 -0.6234 -0.6234
 -1.6362 -2.1839 -2.5462 -2.7166 -2.7396 -2.5864 -2.2561 -1.5579 -0.9287 -0.4576  0.0115  0.3229  0.4369  0.4483  0.4119  0.5976  0.5817  0.5606  0.6875  0.6872  0.3979  0.1951  0.0140 -0.7052 -1.6362
 -1.8312 -2.5238 -3.1407 -3.4635 -3.5107 -3.2819 -2.8346 -1.9449 -1.1403 -0.4695 -0.0407  0.3681  0.6875  0.7836  0.7872  0.9222  0.8398  0.7629  0.8717  0.8137  0.5442  0.2156  0.0074 -0.5745 -1.8312
 -1.9470 -2.5396 -3.2332 -3.6223 -3.7045 -3.4795 -3.2648 -2.4737 -1.6745 -0.5274 -0.2021  0.0608  0.6666  0.9626  1.1146  1.1887  1.0263  0.9454  1.0746  0.9427  0.6723  0.2365 -0.0290 -0.5588 -1.9470
 -1.9590 -2.4156 -3.0320 -3.4300 -3.5901 -3.5388 -3.4227 -2.6356 -1.9984 -0.9241 -0.3796  0.0079  0.5749  1.0115  1.2777  1.3709  1.1911  1.1397  1.2628  0.9937  0.5294  0.1404 -0.0566 -0.5867 -1.9590
 -1.7801 -2.1610 -2.6613 -3.0371 -3.3104 -3.4648 -3.4491 -2.7203 -2.1901 -1.2317 -0.3449 -0.0130  0.3111  0.8272  1.2391  1.4227  1.2622  1.1537  1.1367  0.8101  0.1739  0.1301  0.1112 -0.4369 -1.7801
 -1.5741 -1.8586 -2.2499 -2.5677 -2.8797 -3.2020 -3.3386 -2.8331 -2.4094 -1.5625 -0.5408 -0.1310  0.2061  0.7323  1.3108  1.4688  1.2748  1.1273  0.9659  0.5373  0.3723  0.1323 -0.0482 -0.3534 -1.5741
 -1.4288 -1.6002 -1.9157 -2.1851 -2.4553 -2.7905 -2.9784 -2.6689 -2.2639 -1.5831 -0.5607 -0.0745  0.2249  0.7213  1.3023  1.5092  1.2695  1.1308  0.5714  0.5101  0.4158  0.0610 -0.0837 -0.4603 -1.4288
 -1.3291 -1.4786 -1.7505 -1.9908 -2.1075 -2.1789 -2.1800 -1.9710 -1.6897 -1.1577 -0.1346  0.0221  0.1572  0.7518  1.2736  1.4409  1.2367  1.1727  0.6297  0.4911  0.2861 -0.0219 -0.1842 -0.5685 -1.3291
 -1.1868 -1.4852 -1.7842 -1.8892 -1.7229 -1.5708 -1.4280 -1.1761 -1.0058 -0.6172 -0.1533  0.0405  0.3336  0.7869  1.2380  1.3613  1.2087  1.1626  0.6280  0.5519  0.4552 -0.0383 -0.2406 -0.5555 -1.1868
 -0.8910 -1.3722 -1.6829 -1.6466 -1.3595 -1.0657 -0.7275 -0.1090 -0.2029 -0.1737 -0.1051 -0.0344  0.3038  0.6534  0.9985  1.1420  1.0632  1.0812  0.8127  0.6218  0.4551 -0.1098 -0.3141 -0.4730 -0.8910
 -0.6206 -1.0074 -1.2628 -1.1828 -0.8957 -0.5431 -0.1165 -0.0931 -0.0987 -0.1177 -0.0729  0.0303  0.2610  0.5041  0.7486  0.8299  0.7935  0.8539  0.8104  0.6909  0.4852 -0.1649 -0.3616 -0.3920 -0.6206
 -0.4862 -0.7248 -0.7256 -0.4577 -0.1758 -0.2327 -0.1666 -0.0902 -0.0612 -0.0677 -0.0131  0.0752  0.2283  0.4079  0.5961  0.6720  0.5703  0.5938  0.7279  0.6575  0.4966 -0.0999 -0.3709 -0.4072 -0.4862
 -0.3942 -0.4288 -0.0821  0.0092 -0.0111 -0.0169 -0.0328  0.0141  0.0241  0.0058  0.0281  0.1004  0.2257  0.3573  0.5041  0.5594  0.4302  0.3621  0.4452  0.5930  0.5464 -0.0262 -0.4330 -0.4159 -0.3942
 -0.3286 -0.0454  0.3388  0.3667  0.1072  0.1153  0.1016  0.1005  0.0730  0.0590  0.0690  0.1302  0.2341  0.3303  0.4587  0.5017  0.3167  0.2064  0.2277  0.4070  0.3682 -0.0157 -0.4232 -0.4504 -0.3286
 -0.2705  0.2837  0.3744  0.4110  0.3184  0.2564  0.1933  0.1700  0.1154  0.1039  0.1128  0.1552  0.2369  0.3024  0.3994  0.4254  0.1859  0.1538  0.1636  0.1583  0.2302 -0.0326 -0.3726 -0.4048 -0.2705
 -0.2727  0.2232  0.3639  0.4200  0.4032  0.3345  0.2496  0.2248  0.1537  0.1359  0.1463  0.1740  0.2343  0.2801  0.3585  0.3629  0.1931  0.1409  0.0172 -0.0003  0.1378 -0.0658 -0.3421 -0.3632 -0.2727
 -0.2720  0.2576  0.4127  0.4719  0.4747  0.3946  0.2992  0.2757  0.1799  0.1575  0.1735  0.1911  0.2324  0.2606  0.3103  0.3028  0.1834  0.0876 -0.1220 -0.0770  0.0886 -0.0839 -0.3162 -0.3387 -0.2720
 -0.2630  0.2454  0.4225  0.4919  0.5469  0.4462  0.3344  0.3009  0.1910  0.1673  0.1905  0.2058  0.2319  0.2437  0.2780  0.2838  0.1973  0.0059 -0.1623 -0.1090  0.0561 -0.1011 -0.3061 -0.3202 -0.2630
 -0.2540  0.2354  0.4049  0.4749  0.5670  0.4610  0.3487  0.3057  0.2058  0.1752  0.1939  0.2112  0.2282  0.2269  0.2527  0.2761  0.2248 -0.0335 -0.1391 -0.1136  0.0289 -0.1131 -0.3023 -0.3097 -0.2540
 -0.2448  0.2478  0.3727  0.4278  0.5590  0.4627  0.3526  0.2976  0.2172  0.1814  0.1971  0.2140  0.2261  0.2110  0.2330  0.2703  0.2453 -0.0528 -0.0906 -0.0949  0.0097 -0.1200 -0.2945 -0.2997 -0.2448
 -0.2419  0.2643  0.3281  0.3636  0.5366  0.4545  0.3509  0.2920  0.2293  0.1882  0.1990  0.2143  0.2231  0.2003  0.2166  0.2555  0.2511 -0.0692 -0.0790 -0.0806 -0.0068 -0.1300 -0.2879 -0.2907 -0.2419
 -0.2442  0.3038  0.3180  0.3229  0.4921  0.4390  0.3493  0.2896  0.2363  0.1960  0.1982  0.2109  0.2135  0.1937  0.2068  0.2464  0.2463 -0.0358 -0.0753 -0.0775 -0.0275 -0.1314 -0.2733 -0.2913 -0.2442
  0.0000  0.0000  0.0000  0.0000  0.0000  0.0000  0.0000  0.0000  0.0000  0.0000  0.0000  0.0000  0.0000  0.0000  0.0000  0.0000  0.0000  0.0000  0.0000  0.0000  0.0000  0.0000  0.0000  0.0000  0.0000
Z Negative Background
  6.3673  6.3673  6.3673  6.3673  6.3673  6.3673  6.3673  6.3673  6.3673  6.3673  6.3673  6.3673  6.3673  6.3673  6.3673  6.3673  6.3673  6.3673  6.3673  6.3673  6.3673  6.3673  6.3673  6.3673  6.3673
  4.2966  4.5636  4.6142  4.8039  5.1289  5.7278  6.4742  9.2677 11.5509 12.9209 13.2849 12.7972 11.0551  9.2182  6.8399  5.3676  3.7607  2.4989  2.1597  2.5199  3.0960  3.0371  3.4695  4.3605  4.2966
  4.3585  5.2210  5.5777  6.0741  6.3396  6.8052  7.3409 10.0369 12.1852 13.1822 12.5301 11.9913  9.7595  7.2520  4.7841  3.0086  1.2632  0.2681  0.0071  0.3946  1.3711  2.1707  2.9252  4.5112  4.3585
  4.4607  6.2533  7.1064  8.0316  8.2838  8.3303  7.7113 10.0200 11.6342 11.8315 11.0528  9.8719  6.7758  4.0109  1.9966  0.1619 -1.6488 -2.3673 -1.9262 -1.2983 -0.2494  0.5005  2.1523  4.2365  4.4607
  4.5860  7.3838  8.8959 10.2126 10.2574  9.6127  8.3183 10.3750 10.9617  9.5234  8.9484  5.1182  2.9322  0.1039 -1.6416 -3.0660 -4.6926 -4.8202 -3.7513 -3.0352 -1.3581 -0.8243  0.6396  3.3399  4.5860
  5.1086  8.5024 10.3776 11.9471 11.8804 10.5847  8.4091  9.5379  9.1473  7.2358  4.7376  1.6232  0.2309 -3.6419 -5.7092 -6.8804 -7.9104 -7.5898 -6.2145 -4.9563 -1.1816 -0.8688 -0.6994  2.6023  5.1086
  5.7760  9.3221 11.2585 12.9188 12.9867 11.0773  7.7980  7.2647  5.9589  4.1080  0.7422 -0.3630 -1.8805 -5.3790 -7.7108 -9.5995-10.2766 -9.5720 -7.7347 -6.5996 -4.0396 -1.0035  1.9273  3.4459  5.7760
  6.3274  9.6481 11.4702 12.9732 13.0418 10.9228  7.0327  4.8957  3.0311  1.2952 -1.1862 -1.4378 -2.3875 -5.1210 -7.6736 -9.8885-10.6212 -9.9594 -7.7685 -7.5543 -6.1694 -1.0942  2.4048  4.2518  6.3274
  6.1289  9.0530 10.7330 11.7651 11.5438  9.8308  6.4435  3.6357  1.1640 -0.4227 -1.3691 -1.4036 -1.5090 -3.3274 -5.5176 -7.5689 -8.2643 -8.0487 -7.3688 -7.1261 -6.2197 -1.3677  2.1073  4.0577  6.1289
  4.9814  7.2318  8.4361  8.9308  8.6760  7.2426  4.6129  2.2920  0.0066 -1.0220 -1.0034 -1.2376 -0.9216 -1.3933 -2.3188 -3.6340 -4.3699 -4.8305 -5.9108 -5.8752 -5.7795 -2.2388  1.2067  3.1896  4.9814
  3.4023  4.5934  5.2120  5.4352  5.1695  4.2011  2.3667  1.5729  0.0353 -0.7769 -0.8697 -0.8337 -0.3972 -0.1561  0.0365 -0.1309 -0.8142 -1.4360 -3.2996 -4.4885 -4.5511 -3.1032 -0.1465  1.8541  3.4023
  1.9124  2.5637  2.6995  2.8283  2.7139  2.0168  1.5700  1.5097  1.1512 -0.0944 -0.5604 -0.4827 -0.1577  0.2459  0.9610  1.3518  1.1570  0.8201 -0.7621 -1.8880 -2.4789 -3.1491 -1.3367  0.5737  1.9124
  0.4259  0.8789  1.2528  1.4911  1.6209  1.4439  1.1745  1.4825  0.8093 -0.1580 -0.4751 -0.3423 -0.0748  0.3246  1.1274  1.7998  1.7714  1.7937  0.9719  0.6657 -0.4628 -2.4984 -2.3290 -0.8615  0.4259
 -0.6790 -0.0853  0.9963  1.4736  1.5465  1.4669  1.1442  0.8841  0.3194 -0.1971 -0.4421 -0.2753  0.0158  0.3340  1.0012  1.6689  1.9393  2.1376  1.6395  1.2434  0.8944 -1.5763 -2.8553 -1.8366 -0.6790
 -1.2993 -0.1282  0.7756  1.4621  1.5234  1.3422  1.0400  0.6830  0.1880 -0.1773 -0.3910 -0.2002  0.1034  0.3665  0.9348  1.4811  1.8479  1.8557  1.8816  1.4458  0.6143 -1.0141 -2.7532 -2.4517 -1.2993
 -1.5929  0.2701  0.5800  0.7656  1.1726  1.1273  0.8808  0.5777  0.1452 -0.1591 -0.3336 -0.1458  0.1373  0.3580  0.8156  1.1469  1.5158  1.5355  1.6382  0.9928  0.4783 -0.7295 -2.4340 -2.4391 -1.5929
 -1.9504 -0.2327  0.3500  0.5108  0.9057  0.8905  0.6665  0.4638  0.1024 -0.1735 -0.3041 -0.1111  0.1525  0.3592  0.7628  0.9308  1.2126  1.3410  1.0741  0.5697  0.3263 -0.7418 -2.2644 -2.4290 -1.9504
 -2.1340 -0.6372  0.0267  0.2650  0.7780  0.7812  0.5679  0.4093  0.0644 -0.1964 -0.2718 -0.0797  0.1558  0.3344  0.6585  0.7738  0.8810  1.0324  0.5969  0.3161  0.2308 -0.7472 -2.0800 -2.3656 -2.1340
 -2.2390 -1.0057 -0.4021 -0.0502  0.7379  0.7540  0.5097  0.3604  0.0156 -0.2280 -0.2556 -0.0512  0.1581  0.3081  0.5798  0.7271  0.7583  0.6849  0.3949  0.2334  0.1859 -0.7517 -2.0099 -2.3362 -2.2390
 -2.2913 -1.2571 -0.7588 -0.3765  0.6302  0.6982  0.4719  0.2929 -0.0019 -0.2280 -0.2644 -0.0394  0.1520  0.2689  0.5074  0.7042  0.7791  0.5358  0.3552  0.2307  0.1548 -0.7341 -1.9674 -2.3246 -2.2913
 -2.2609 -1.3385 -1.0070 -0.6940  0.4936  0.6428  0.4339  0.2203  0.0000 -0.2193 -0.2554 -0.0291  0.1570  0.2336  0.4506  0.6850  0.8330  0.4752  0.3715  0.2634  0.1345 -0.7059 -1.8909 -2.2404 -2.2609
 -2.2279 -1.3631 -1.1927 -0.9958  0.3691  0.5990  0.4160  0.1957  0.0179 -0.1957 -0.2269 -0.0133  0.1628  0.2161  0.4124  0.6456  0.8555  0.3994  0.3763  0.3538  0.1287 -0.6947 -1.7998 -2.1365 -2.2279
 -2.2402 -1.2627 -1.2239 -1.1955  0.1585  0.5223  0.4023  0.1987  0.0344 -0.1672 -0.1984 -0.0087  0.1412  0.2069  0.3880  0.6237  0.8575  0.4353  0.3721  0.3149  0.0984 -0.6295 -1.6721 -2.0820 -2.2402
  0.0000  0.0000  0.0000  0.0000  0.0000  0.0000  0.0000  0.0000  0.0000  0.0000  0.0000  0.0000  0.0000  0.0000  0.0000  0.0000  0.0000  0.0000  0.0000  0.0000  0.0000  0.0000  0.0000  0.0000  0.0000
Z Positive Coefficient
 -0.0735 -0.0735 -0.0735 -0.0735 -0.0735 -0.0735 -0.0735 -0.0735 -0.0735 -0.0735 -0.0735 -0.0735 -0.0735 -0.0735 -0.0735 -0.0735 -0.0735 -0.0735 -0.0735 -0.0735 -0.0735 -0.0735 -0.0735 -0.0735 -0.0735
  0.0741 -0.0021 -0.0609 -0.2304 -0.3608 -0.4471 -0.4929 -0.5223 -0.5009 -0.5269 -0.5475 -0.4529 -0.1244  0.0933  0.2982  0.5597  0.4559  0.1777  0.1356  0.1586  0.1478  0.1463  0.1329  0.1241  0.0741
  0.0996  0.0117 -0.0804 -0.2793 -0.4613 -0.5997 -0.6579 -0.7108 -0.7003 -0.7127 -0.6453 -0.3720  0.0290  0.2449  0.5396  0.7650  0.6328  0.2662  0.2111  0.2624  0.2647  0.2386  0.1809  0.1439  0.0996
  0.1168  0.0293 -0.0921 -0.2913 -0.4899 -0.6401 -0.7133 -0.7917 -0.8128 -0.7753 -0.5959 -0.1263  0.1125  0.3099  0.6999  0.8980  0.7570  0.3598  0.2831  0.3370  0.3276  0.2858  0.2258  0.1653  0.1168
  0.1220  0.0903 -0.0861 -0.2905 -0.4941 -0.6340 -0.7138 -0.7910 -0.7953 -0.7571 -0.5202 -0.1247  0.1183  0.3225  0.7604  0.9290  0.8555  0.5119  0.3930  0.4005  0.3605  0.3187  0.2537  0.1478  0.1220
  0.1424  0.0673 -0.1130 -0.2985 -0.4829 -0.5948 -0.6619 -0.6980 -0.6739 -0.6061 -0.3446 -0.0591  0.1143  0.4173  0.7363  0.8501  0.9100  0.7027  0.5156  0.4299  0.3577  0.3235  0.2509  0.1783  0.1424
  0.1452  0.0321 -0.1306 -0.2706 -0.4135 -0.5221 -0.5642 -0.5309 -0.4647 -0.3531 -0.0666  0.0592  0.1435  0.4619  0.6259  0.7263  0.8587  0.7555  0.5397  0.3973  0.3054  0.2712  0.1802  0.1684  0.1452
  0.0948 -0.0243 -0.1230 -0.2095 -0.3373 -0.4271 -0.4462 -0.3690 -0.2624 -0.0832 -0.0276  0.0408  0.2191  0.4382  0.5123  0.5861  0.7005  0.5996  0.4369  0.3154  0.2539  0.2048  0.1576  0.1604  0.0948
  0.0158 -0.0579 -0.0962 -0.1559 -0.2955 -0.3606 -0.3521 -0.2513 -0.1385 -0.0378  0.0042  0.1078  0.2466  0.3462  0.3705  0.4591  0.5219  0.3918  0.2953  0.2130  0.2094  0.1895  0.1536  0.1558  0.0158
  0.0286 -0.0405 -0.0612 -0.1186 -0.2442 -0.3095 -0.2705 -0.1692 -0.0694 -0.0194  0.0245  0.1317  0.2030  0.2424  0.2369  0.3073  0.3119  0.2340  0.1747  0.1414  0.1852  0.2006  0.1685  0.1317  0.0286
  0.0966  0.0286 -0.0224 -0.0895 -0.1858 -0.2447 -0.1959 -0.1060 -0.0252 -0.0109  0.0044  0.1039  0.1360  0.1454  0.1172  0.1107  0.1023  0.1453  0.1211  0.1139  0.1693  0.2067  0.2107  0.1478  0.0966
  0.1249  0.0444 -0.0022 -0.0607 -0.1256 -0.1695 -0.1197 -0.0479 -0.0141 -0.0071  0.0113  0.0818  0.0842  0.0799  0.0765  0.0296  0.0256  0.0642  0.0760  0.0963  0.1588  0.2072  0.2245  0.1784  0.1249
  0.1186  0.0487  0.0142 -0.0225 -0.0617 -0.0845 -0.0627 -0.0206 -0.0115 -0.0060  0.0138  0.0673  0.0573  0.0478  0.0409  0.0072  0.0026  0.0310  0.0507  0.0860  0.1386  0.1887  0.2098  0.1857  0.1186
  0.1294  0.0306  0.0079  0.0061 -0.0087 -0.0224 -0.0293 -0.0068 -0.0069 -0.0004  0.0266  0.0668  0.0439  0.0305  0.0263  0.0094  0.0067  0.0185  0.0386  0.0727  0.1115  0.1642  0.1768  0.1600  0.1294
  0.1156  0.0660  0.0248  0.0327  0.0360  0.0249  0.0084  0.0117  0.0033  0.0126  0.0487  0.0685  0.0315  0.0269  0.0226  0.0110  0.0117  0.0133  0.0199  0.0599  0.0916  0.1312  0.1363  0.1252  0.1156
  0.1006  0.0858  0.0725  0.0513  0.0482  0.0468  0.0422  0.0247  0.0136  0.0227  0.0614  0.0714  0.0316  0.0240  0.0208  0.0160  0.0219  0.0172  0.0330  0.0579  0.0775  0.1063  0.1133  0.1038  0.1006
  0.0941  0.0940  0.0936  0.0731  0.0527  0.0470  0.0455  0.0437  0.0302  0.0367  0.0690  0.0705  0.0250  0.0180  0.0172  0.0191  0.0259  0.0267  0.0392  0.0545  0.0657  0.0905  0.0992  0.0925  0.0941
  0.0846  0.0937  0.0988  0.0833  0.0568  0.0491  0.0482  0.0506  0.0406  0.0448  0.0750  0.0714  0.0181  0.0174  0.0173  0.0210  0.0270  0.0306  0.0394  0.0496  0.0585  0.0791  0.0900  0.0833  0.0846
  0.0782  0.0912  0.1010  0.0877  0.0592  0.0531  0.0605  0.0602  0.0462  0.0443  0.0768  0.0701  0.0190  0.0170  0.0167  0.0207  0.0230  0.0294  0.0370  0.0459  0.0543  0.0721  0.0835  0.0732  0.0782
  0.0761  0.0893  0.1004  0.0899  0.0594  0.0560  0.0670  0.0657  0.0486  0.0445  0.0781  0.0682  0.0208  0.0176  0.0171  0.0201  0.0201  0.0273  0.0338  0.0428  0.0511  0.0667  0.0753  0.0648  0.0761
  0.0730  0.0863  0.0970  0.0895  0.0593  0.0575  0.0685  0.0667  0.0497  0.0457  0.0791  0.0676  0.0245  0.0195  0.0185  0.0190  0.0183  0.0253  0.0311  0.0399  0.0475  0.0610  0.0686  0.0611  0.0730
  0.0697  0.0823  0.0915  0.0862  0.0565  0.0555  0.0670  0.0651  0.0489  0.0466  0.0792  0.0661  0.0297  0.0215  0.0191  0.0192  0.0182  0.0240  0.0291  0.0378  0.0447  0.0571  0.0634  0.0571  0.0697
  0.0684  0.0797  0.0877  0.0802  0.0533  0.0532  0.0646  0.0627  0.0492  0.0496  0.0780  0.0608  0.0314  0.0234  0.0206  0.0202  0.0191  0.0234  0.0287  0.0365  0.0434  0.0549  0.0592  0.0556  0.0684
  0.0000  0.0000  0.0000  0.0000  0.0000  0.0000  0.0000  0.0000  0.0000  0.0000  0.0000  0.0000  0.0000  0.0000  0.0000  0.0000  0.0000  0.0000  0.0000  0.0000  0.0000  0.0000  0.0000  0.0000  0.0000
Z Positive Background
  5.5142  5.5142  5.5142  5.5142  5.5142  5.5142  5.5142  5.5142  5.5142  5.5142  5.5142  5.5142  5.5142  5.5142  5.5142  5.5142  5.5142  5.5142  5.5142  5.5142  5.5142  5.5142  5.5142  5.5142  5.5142
  4.4243  5.2593  5.6711  6.5297  7.2539  7.9120  8.0450  8.2074  7.9976  8.3202  8.8984  9.2118  7.9009  6.8634  5.0873  2.4522  1.8634  2.2443  2.0445  2.2849  2.8588  3.1906  3.7768  4.0441  4.4243
  4.2672  5.2915  6.0188  7.1011  8.0197  8.8849  8.9022  9.0291  8.7508  8.8238  8.6578  7.7769  5.3601  5.0913  2.9780  0.8130  0.1998  0.7724  0.6708  0.7340  1.3519  2.1231  3.3416  3.9579  4.2672
  4.0097  5.1033  6.2348  7.3266  8.2816  9.1147  8.9754  9.2240  9.1104  8.4865  7.0954  4.4653  3.0912  2.7123  0.5333 -1.1583 -1.6397 -0.9423 -0.7779 -0.5599  0.2381  1.2777  2.7633  3.6514  4.0097
  3.9512  4.4106  6.3179  7.4602  8.3153  8.9872  8.6397  8.8223  8.5508  7.5206  5.0958  2.2722  1.6422  0.7567 -1.7013 -3.0580 -3.6911 -3.0010 -2.4585 -1.8654 -0.8334  0.3787  2.1503  3.6339  3.9512
  3.8665  5.0084  6.7579  7.6505  8.2568  8.4417  7.7251  7.4535  6.7863  5.3859  2.6586  0.4521  0.1961 -1.6356 -3.7198 -4.5620 -5.4655 -5.0139 -4.1139 -3.0411 -1.6468 -0.1180  2.0678  3.1613  3.8665
  3.8428  5.5367  6.9479  7.3817  7.5926  7.5351  6.3652  5.4331  4.3674  2.7461  0.0785 -0.7192 -1.1277 -2.9572 -4.1096 -4.7974 -5.7660 -5.6483 -4.6618 -3.4139 -1.6957  0.2664  3.0140  3.3110  3.8428
  4.2972  5.8631  6.6057  6.7163  6.7976  6.4925  4.9579  3.4396  2.0600  0.2307 -0.2804 -0.6873 -1.7074 -2.9265 -3.3375 -3.8091 -4.5740 -4.4386 -3.7672 -2.7925 -1.2745  0.8894  3.5043  3.5239  4.2972
  4.7654  5.6148  5.8131  5.8104  5.9690  5.3471  3.7046  1.9358  0.6544 -0.2112 -0.4876 -1.0250 -1.6524 -2.0976 -1.9776 -2.2592 -2.4643 -2.1975 -1.8259 -1.2284 -0.5839  0.9142  2.8451  3.5194  4.7654
  4.2208  4.8178  4.6573  4.4341  4.5000  3.8958  2.3393  0.8290 -0.0906 -0.4587 -0.6458 -1.0280 -1.1929 -1.2204 -0.7529 -0.4962 -0.2404 -0.2436 -0.0092  0.1961  0.0859  0.7120  2.2146  3.2106  4.2208
  3.1985  3.4049  3.3820  3.0992  2.9596  2.4076  1.1841  0.1560 -0.4739 -0.5349 -0.5897 -0.8205 -0.8046 -0.5774 -0.0323  0.7285  1.2761  1.1537  1.1855  1.0225  0.5933  0.6723  1.4228  2.6935  3.1985
  2.3543  2.2969  2.2852  2.0334  1.7694  1.3185  0.4623 -0.2269 -0.4585 -0.4831 -0.5651 -0.6847 -0.6066 -0.2480  0.1432  0.8358  1.5296  1.6006  1.6023  1.3117  0.7902  0.6073  0.8933  1.7601  2.3543
  1.6140  1.7097  1.4143  1.2590  1.0454  0.6439  0.1067 -0.3874 -0.3653 -0.3717 -0.4828 -0.6154 -0.4887 -0.3134  0.3042  0.7381  1.1772  1.4213  1.4078  1.2105  0.7347  0.3859  0.4244  0.8862  1.6140
  0.8866  1.2687  1.1329  1.0001  0.7161  0.3477  0.0199 -0.4179 -0.3368 -0.3351 -0.4959 -0.6055 -0.4160 -0.3338 -0.0047  0.3725  0.6437  0.8923  0.9985  0.9345  0.6388  0.1971  0.1032  0.4603  0.8866
  0.5280  0.7892  0.9615  0.6213  0.2230  0.0958 -0.1307 -0.4667 -0.3691 -0.3867 -0.6080 -0.6104 -0.3697 -0.3428 -0.1887  0.1567  0.3594  0.6569  0.6701  0.6534  0.5207  0.1535  0.0182  0.2605  0.5280
  0.3189  0.4047  0.4376  0.1879  0.0746 -0.0408 -0.3876 -0.5180 -0.4067 -0.4484 -0.6870 -0.6181 -0.3800 -0.3404 -0.2436  0.0343  0.0554  0.4404  0.3913  0.4106  0.4061  0.0843 -0.0404  0.1480  0.3189
  0.1282  0.1317  0.1162  0.0091 -0.0359 -0.2742 -0.4081 -0.4729 -0.4610 -0.5200 -0.7367 -0.6089 -0.3540 -0.3379 -0.2959 -0.0458 -0.0533  0.0906  0.1378  0.2211  0.2896  0.0067 -0.0785  0.0535  0.1282
  0.0258 -0.0066 -0.0408 -0.0692 -0.0844 -0.2420 -0.4199 -0.5848 -0.5200 -0.5810 -0.7812 -0.6099 -0.3417 -0.3398 -0.3369 -0.1293 -0.1520 -0.0730 -0.0069  0.1057  0.1895 -0.0549 -0.1115 -0.0008  0.0258
 -0.0415 -0.0861 -0.1434 -0.1200 -0.0971 -0.2362 -0.4857 -0.6711 -0.5700 -0.6002 -0.8080 -0.6041 -0.3543 -0.3430 -0.3315 -0.1760 -0.1745 -0.1291 -0.0698  0.0405  0.1187 -0.1066 -0.1477 -0.0272 -0.0415
 -0.0910 -0.1477 -0.2120 -0.1731 -0.1103 -0.2485 -0.5098 -0.7102 -0.5979 -0.6118 -0.8248 -0.5928 -0.3723 -0.3585 -0.3435 -0.2054 -0.1818 -0.1490 -0.0970  0.0012  0.0803 -0.1228 -0.1558 -0.0441 -0.0910
 -0.1059 -0.1773 -0.2461 -0.2188 -0.1226 -0.2562 -0.5158 -0.7226 -0.6046 -0.6183 -0.8290 -0.5854 -0.3904 -0.3736 -0.3529 -0.2149 -0.1739 -0.1494 -0.1067 -0.0219  0.0584 -0.1175 -0.1488 -0.0486 -0.1059
 -0.1220 -0.1914 -0.2498 -0.2342 -0.1243 -0.2539 -0.4999 -0.6990 -0.5919 -0.6153 -0.8191 -0.5701 -0.4073 -0.3858 -0.3428 -0.2223 -0.1671 -0.1438 -0.1073 -0.0339  0.0426 -0.1095 -0.1337 -0.0385 -0.1220
 -0.1377 -0.1974 -0.2481 -0.2226 -0.1310 -0.2503 -0.4833 -0.6558 -0.5841 -0.6229 -0.7902 -0.5321 -0.4130 -0.3927 -0.3461 -0.2395 -0.1732 -0.1455 -0.1110 -0.0328  0.0212 -0.1030 -0.1163 -0.0447 -0.1377
  0.0000  0.0000  0.0000  0.0000  0.0000  0.0000  0.0000  0.0000  0.0000  0.0000  0.0000  0.0000  0.0000  0.0000  0.0000  0.0000  0.0000  0.0000  0.0000  0.0000  0.0000  0.0000  0.0000  0.0000  0.0000
Flow Speed Coefficient
  0.0455  0.0455  0.0455  0.0455  0.0455  0.0455  0.0455  0.0455  0.0455  0.0455  0.0455  0.0455  0.0455  0.0455  0.0455  0.0455  0.0455  0.0455  0.0455  0.0455  0.0455  0.0455  0.0455  0.0455  0.0455
  0.0400  0.0458  0.0536  0.0606  0.0638  0.0635  0.0609  0.0608  0.0602  0.0582  0.0542  0.0500  0.0453  0.0410  0.0392  0.0386  0.0377  0.0364  0.0332  0.0281  0.0268  0.0280  0.0309  0.0354  0.0400
  0.0415  0.0517  0.0638  0.0736  0.0768  0.0752  0.0712  0.0702  0.0679  0.0626  0.0553  0.0479  0.0409  0.0356  0.0346  0.0334  0.0301  0.0279  0.0242  0.0189  0.0186  0.0213  0.0257  0.0332  0.0415
  0.0439  0.0581  0.0724  0.0836  0.0870  0.0850  0.0805  0.0776  0.0724  0.0632  0.0504  0.0382  0.0275  0.0173  0.0157  0.0173  0.0134  0.0117  0.0082  0.0086  0.0095  0.0143  0.0211  0.0317  0.0439
  0.0449  0.0615  0.0768  0.0886  0.0925  0.0913  0.0870  0.0812  0.0719  0.0578  0.0389  0.0194  0.0036  0.0009  0.0011  0.0021  0.0020  0.0028  0.0027  0.0024  0.0001  0.0065  0.0163  0.0295  0.0449
  0.0439  0.0601  0.0749  0.0869  0.0939  0.0948  0.0899  0.0805  0.0661  0.0482  0.0224  0.0004 -0.0077 -0.0112 -0.0141 -0.0155 -0.0116 -0.0065 -0.0014 -0.0009 -0.0007 -0.0002  0.0117  0.0273  0.0439
  0.0381  0.0534  0.0687  0.0816  0.0912  0.0938  0.0884  0.0755  0.0564  0.0348  0.0070 -0.0053 -0.0113 -0.0257 -0.0361 -0.0387 -0.0332 -0.0256 -0.0173 -0.0071 -0.0011  0.0018  0.0099  0.0231  0.0381
  0.0309  0.0458  0.0606  0.0736  0.0834  0.0863  0.0792  0.0623  0.0407  0.0131  0.0033 -0.0026 -0.0171 -0.0337 -0.0475 -0.0522 -0.0465 -0.0401 -0.0299 -0.0130 -0.0036 -0.0005  0.0064  0.0171  0.0309
  0.0240  0.0393  0.0539  0.0665  0.0732  0.0721  0.0610  0.0422  0.0215  0.0006 -0.0010 -0.0066 -0.0163 -0.0272 -0.0379 -0.0439 -0.0423 -0.0411 -0.0351 -0.0203 -0.0056 -0.0024  0.0013  0.0108  0.0240
  0.0193  0.0359  0.0502  0.0589  0.0587  0.0519  0.0387  0.0216  0.0006  0.0005  0.0004 -0.0067 -0.0112 -0.0165 -0.0216 -0.0245 -0.0255 -0.0291 -0.0313 -0.0254 -0.0116 -0.0044 -0.0040  0.0040  0.0193
  0.0148  0.0317  0.0433  0.0456  0.0400  0.0305  0.0188  0.0064 -0.0014  0.0003 -0.0043 -0.0069 -0.0081 -0.0100 -0.0098 -0.0035 -0.0027 -0.0106 -0.0191 -0.0228 -0.0179 -0.0041 -0.0041 -0.0040  0.0148
  0.0109  0.0242  0.0317  0.0301  0.0240  0.0152  0.0073 -0.0016 -0.0025 -0.0033 -0.0060 -0.0069 -0.0072 -0.0074 -0.0034 -0.0011 -0.0000  0.0016 -0.0057 -0.0148 -0.0179 -0.0107 -0.0041 -0.0015  0.0109
  0.0029  0.0119  0.0165  0.0146  0.0118  0.0072  0.0030 -0.0020 -0.0033 -0.0056 -0.0067 -0.0072 -0.0073 -0.0057 -0.0043 -0.0018  0.0030  0.0065  0.0038 -0.0057 -0.0129 -0.0123 -0.0066 -0.0037  0.0029
 -0.0022 -0.0024 -0.0009 -0.0023  0.0019  0.0021  0.0004 -0.0032 -0.0052 -0.0068 -0.0074 -0.0076 -0.0077 -0.0063 -0.0050 -0.0032  0.0040  0.0067  0.0046 -0.0007 -0.0080 -0.0121 -0.0090 -0.0059 -0.0022
 -0.0037 -0.0039 -0.0034 -0.0033 -0.0033 -0.0022 -0.0029 -0.0055 -0.0067 -0.0075 -0.0080 -0.0080 -0.0079 -0.0071 -0.0055 -0.0028  0.0026  0.0053  0.0044  0.0021 -0.0048 -0.0100 -0.0101 -0.0060 -0.0037
 -0.0050 -0.0047 -0.0047 -0.0042 -0.0055 -0.0048 -0.0056 -0.0068 -0.0074 -0.0080 -0.0085 -0.0083 -0.0081 -0.0077 -0.0060 -0.0033  0.0004  0.0035  0.0033  0.0011 -0.0032 -0.0081 -0.0105 -0.0078 -0.0050
 -0.0072 -0.0084 -0.0088 -0.0084 -0.0067 -0.0065 -0.0072 -0.0076 -0.0079 -0.0087 -0.0089 -0.0085 -0.0082 -0.0079 -0.0064 -0.0041 -0.0014  0.0019  0.0019 -0.0002 -0.0030 -0.0073 -0.0102 -0.0087 -0.0072
 -0.0089 -0.0110 -0.0112 -0.0106 -0.0089 -0.0081 -0.0083 -0.0085 -0.0088 -0.0093 -0.0092 -0.0087 -0.0083 -0.0079 -0.0065 -0.0046 -0.0025  0.0008  0.0006 -0.0009 -0.0030 -0.0067 -0.0100 -0.0094 -0.0089
 -0.0099 -0.0129 -0.0131 -0.0123 -0.0104 -0.0097 -0.0094 -0.0093 -0.0093 -0.0095 -0.0093 -0.0088 -0.0083 -0.0079 -0.0063 -0.0047 -0.0031  0.0001 -0.0002 -0.0012 -0.0028 -0.0064 -0.0098 -0.0098 -0.0099
 -0.0105 -0.0138 -0.0142 -0.0133 -0.0114 -0.0104 -0.0100 -0.0097 -0.0095 -0.0096 -0.0093 -0.0088 -0.0083 -0.0078 -0.0060 -0.0047 -0.0036 -0.0004 -0.0006 -0.0013 -0.0024 -0.0060 -0.0094 -0.0099 -0.0105
 -0.0107 -0.0141 -0.0148 -0.0138 -0.0118 -0.0107 -0.0102 -0.0098 -0.0095 -0.0095 -0.0093 -0.0087 -0.0082 -0.0078 -0.0058 -0.0047 -0.0038 -0.0008 -0.0009 -0.0013 -0.0020 -0.0056 -0.0089 -0.0097 -0.0107
 -0.0105 -0.0140 -0.0150 -0.0139 -0.0118 -0.0106 -0.0102 -0.0097 -0.0094 -0.0094 -0.0091 -0.0086 -0.0081 -0.0077 -0.0054 -0.0046 -0.0039 -0.0009 -0.0011 -0.0011 -0.0015 -0.0051 -0.0084 -0.0092 -0.0105
 -0.0103 -0.0137 -0.0146 -0.0136 -0.0116 -0.0105 -0.0100 -0.0095 -0.0093 -0.0093 -0.0090 -0.0085 -0.0080 -0.0075 -0.0048 -0.0045 -0.0042 -0.0013 -0.0011 -0.0011 -0.0012 -0.0045 -0.0076 -0.0087 -0.0103
  0.0000  0.0000  0.0000  0.0000  0.0000  0.0000  0.0000  0.0000  0.0000  0.0000  0.0000  0.0000  0.0000  0.0000  0.0000  0.0000  0.0000  0.0000  0.0000  0.0000  0.0000  0.0000  0.0000  0.0000  0.0000
Flow Speed Background
-10.9133-10.9133-10.9133-10.9133-10.9133-10.9133-10.9133-10.9133-10.9133-10.9133-10.9133-10.9133-10.9133-10.9133-10.9133-10.9133-10.9133-10.9133-10.9133-10.9133-10.9133-10.9133-10.9133-10.9133-10.9133
 -8.0492 -9.2520-11.2873-13.2020-14.0978-14.1087-13.5017-13.7696-13.8575-13.6289-12.8090-11.8799-10.7989 -9.8611-10.0052-10.7570-11.3439-11.3551-10.4902 -8.5603 -7.5425 -7.1819 -7.0611 -7.5188 -8.0492
 -8.2109-10.5832-13.9051-16.6475-17.4967-17.1483-16.2783-16.5204-16.4331-15.4335-13.9264-12.2791-10.7402 -9.8847-10.6265-11.1749-10.7965-10.3900 -9.2395 -7.1016 -6.1779 -5.9502 -5.8820 -6.8298 -8.2109
 -8.9893-12.5009-16.3693-19.4442-20.2974-19.8950-19.0510-19.0040-18.4430-16.5537-13.4594-10.4966 -8.1280 -6.0921 -6.8784 -8.3666 -7.6979 -7.4151 -6.1050 -5.1406 -4.4690 -4.5252 -4.8801 -6.5462 -8.9893
 -9.4034-13.4935-17.4711-20.6242-21.7202-21.7429-21.2573-20.6015-19.0168-15.7917-10.9153 -5.7985 -1.8381 -1.7876 -2.9673 -4.4476 -5.0770 -5.3219 -4.9156 -4.1343 -2.3115 -2.9208 -3.8614 -6.1343 -9.4034
 -8.9899-12.7576-16.4021-19.6042-21.9393-22.9985-22.7313-21.2438-18.1474-13.6930 -6.5665 -0.5311  1.4710  2.0102  1.5839  0.7534 -1.2470 -2.8867 -3.8815 -2.1970 -2.0567 -2.0793 -3.0290 -5.5937 -8.9899
 -6.7757-10.1620-14.0277-17.7359-21.3445-23.4096-23.3654-20.8630-16.1305-10.3085 -2.2537  1.2535  2.7051  6.4146  8.5802  8.2743  5.5878  2.8061  0.5315 -1.1634 -1.9787 -1.7646 -2.1886 -4.0353 -6.7757
 -4.2562 -7.5972-11.4166-15.4119-19.5763-22.1792-21.7573-17.9455-12.1355 -4.1578 -1.2198  0.4882  4.5932  9.2952 13.0524 13.6454 10.9285  8.4310  5.2358  0.8264 -0.9210 -0.1949 -0.7793 -1.9647 -4.2562
 -2.3246 -5.9227 -9.9799-14.2608-17.6144-18.9316-17.2071-12.6073 -6.8088 -0.5701  0.0436  1.6817  4.4841  7.7285 10.8332 12.2172 11.2124 10.6890  8.7801  4.4350  1.1289  0.8939  0.5911 -0.2879 -2.3246
 -1.7134 -5.9990-10.4029-13.6544-14.6392-13.8734-11.1405 -6.7125 -0.5803 -0.5394 -0.5171  1.6909  3.0563  4.6927  6.2587  7.0792  7.4195  8.7220  9.4744  7.6637  3.8338  2.0000  2.9722  1.3495 -1.7134
 -1.6928 -6.3020-10.0408-11.2329-10.2466 -8.2365 -5.4635 -2.1987  0.1281 -0.4957  0.9968  1.8049  2.1813  2.7926  2.8306  1.0578  1.2732  4.0765  6.9239  8.0743  6.5740  3.0001  2.9923  2.9821 -1.6928
 -1.5033 -5.4477 -8.0001 -7.7939 -6.2711 -4.0306 -2.1204  0.2282  0.5146  0.7659  1.5781  1.8433  1.9341  2.0648  0.9628  0.4254  0.3451  0.2156  3.0120  6.0862  7.0925  5.0398  3.0063  2.1320 -1.5033
  0.3641 -2.5258 -4.1832 -3.7205 -2.9941 -1.8311 -0.8619  0.4959  0.7675  1.5118  1.8516  1.9571  2.0117  1.6202  1.2351  0.5628 -0.4147 -1.0928 -0.1107  3.2371  5.6443  5.4949  3.6073  2.5174  0.3641
  1.6439  1.5701  0.9689  1.3490 -0.0863 -0.3457 -0.0371  0.9140  1.4173  1.9112  2.0788  2.1235  2.1655  1.8068  1.4267  0.9007 -0.9630 -1.2557 -0.6028  1.3759  3.9732  5.3284  4.1076  3.0098  1.6439
  1.9861  1.9847  1.7391  1.6460  1.6158  0.9953  0.9427  1.5855  1.8874  2.1175  2.2519  2.2575  2.2545  2.0675  1.5777  0.7769 -0.7428 -1.0608 -0.6963  0.1436  2.6546  4.4504  4.3447  2.8857  1.9861
  2.3131  2.2133  2.1419  1.9075  2.2112  1.7555  1.7676  1.9895  2.1101  2.2744  2.4065  2.3583  2.3026  2.2380  1.7460  0.8919 -0.1949 -0.7472 -0.5022  0.3059  1.9235  3.6508  4.3593  3.3470  2.3131
  2.9370  3.2409  3.3253  3.1560  2.5021  2.2159  2.2548  2.2567  2.2780  2.5052  2.5417  2.4226  2.3317  2.2887  1.8371  1.1343  0.3268 -0.4452 -0.1960  0.5982  1.6696  3.1972  4.1674  3.5502  2.9370
  3.4449  4.0221  4.0584  3.8301  3.1305  2.6984  2.5867  2.5233  2.5429  2.6594  2.6187  2.4704  2.3555  2.2819  1.8571  1.2665  0.6293 -0.2148  0.1075  0.6895  1.5053  2.9029  3.9983  3.7093  3.4449
  3.7460  4.6210  4.6383  4.3202  3.5985  3.1701  2.9185  2.7668  2.7077  2.7357  2.6581  2.4941  2.3604  2.2669  1.7905  1.2705  0.8024 -0.0602  0.2619  0.6801  1.3257  2.6845  3.8483  3.7890  3.7460
  3.9076  4.8860  4.9899  4.6193  3.8797  3.4025  3.0927  2.8795  2.7601  2.7551  2.6585  2.4978  2.3516  2.2443  1.6895  1.2672  0.9250  0.0782  0.3589  0.6455  1.1343  2.5028  3.6785  3.7801  3.9076
  3.9437  4.9580  5.1681  4.7771  4.0066  3.4800  3.1556  2.8991  2.7547  2.7433  2.6438  2.4832  2.3309  2.2225  1.6040  1.2629  1.0017  0.1694  0.4354  0.6042  0.9275  2.3037  3.4767  3.6776  3.9437
  3.8581  4.9344  5.2021  4.7923  3.9890  3.4530  3.1423  2.8710  2.7270  2.7064  2.6120  2.4535  2.3027  2.1920  1.4828  1.2350  1.0492  0.2197  0.4965  0.5376  0.6881  2.0852  3.2584  3.5082  3.8581
  3.7817  4.8189  5.0781  4.6738  3.9111  3.3973  3.0848  2.8276  2.7026  2.6664  2.5784  2.4242  2.2854  2.1509  1.3283  1.2189  1.1347  0.3306  0.5008  0.5168  0.5438  1.8466  2.9658  3.3271  3.7817
  0.0000  0.0000  0.0000  0.0000  0.0000  0.0000  0.0000  0.0000  0.0000  0.0000  0.0000  0.0000  0.0000  0.0000  0.0000  0.0000  0.0000  0.0000  0.0000  0.0000  0.0000  0.0000  0.0000  0.0000  0.0000
