Altitudes: 70 - 100 km (columns)
Latitudes: 0 - 90 deg (rows)
4.6 4.7 4.9 5.2 6.7 6.7 6.8 7.0 9.0 11.0 13.0 15.0 17.0 19.0 19.1 19.1 
4.5 4.7 4.9 5.2 6.6 6.4 6.5 8.6 9.2 11.1 13.0 14.9 17.0 19.3 19.2 19.1 
4.5 4.7 4.9 5.2 6.6 6.4 6.5 7.5 9.0 11.2 12.9 14.8 17.0 19.1 19.2 19.1 
4.5 4.7 4.9 5.2 6.7 6.4 6.5 7.5 9.3 10.9 12.9 14.6 17.1 19.3 19.2 19.1 
4.5 4.7 4.9 5.2 6.7 6.5 6.4 7.5 9.1 10.8 12.8 14.3 16.8 19.5 19.2 19.1 
4.5 4.7 4.9 5.2 6.7 6.5 6.4 7.4 8.9 10.7 12.6 14.4 16.4 19.8 19.2 19.1 
4.5 4.6 4.9 5.2 6.7 6.6 6.4 7.3 8.8 10.6 12.5 14.3 16.3 19.4 19.2 19.1 
3.5 4.6 4.9 5.2 6.7 6.6 6.4 7.1 8.7 10.5 11.4 13.5 15.3 19.1 19.3 19.1 
3.4 4.7 4.9 5.2 6.7 6.6 6.4 6.9 8.7 9.5 11.4 13.0 14.9 18.9 19.2 19.1 
3.3 3.2 5.0 6.8 6.8 6.7 6.4 6.6 8.4 9.3 11.1 12.6 14.7 17.1 19.2 19.2 
3.0 2.9 3.7 4.1 6.8 6.7 6.5 6.3 7.4 8.9 10.8 12.1 13.3 16.8 19.2 19.2 
1.8 1.9 2.9 3.5 4.1 6.7 6.6 6.2 7.2 8.5 9.5 11.4 13.0 15.3 19.0 19.1 
1.9 1.9 1.8 3.2 3.8 4.3 6.6 6.4 6.7 8.1 9.2 10.8 12.6 14.6 18.4 19.1 
1.5 1.7 1.9 1.9 2.6 2.9 3.9 4.9 6.5 7.4 8.7 10.2 11.2 13.3 16.4 17.1 
1.2 1.1 1.3 1.5 1.7 2.6 2.5 3.9 6.5 6.8 7.6 9.2 10.4 12.7 14.6 15.1 
1.2 1.1 1.1 1.3 1.5 1.7 2.4 2.9 4.2 6.5 6.9 8.5 9.2 10.6 12.9 13.1 
1.3 1.2 1.1 1.1 1.2 1.3 1.5 1.8 3.0 4.0 6.4 6.8 7.6 8.9 10.6 10.9 
1.3 1.3 1.3 1.3 1.3 1.2 1.1 1.2 1.5 1.8 2.7 4.5 6.2 6.9 7.8 8.7 
1.4 1.4 1.4 1.4 1.4 1.4 1.4 1.4 1.5 1.6 3.7 4.0 4.3 6.9 7.0 7.1 
