Altitudes: 70 - 100 km (columns)
Latitudes: 0 - 90 deg (rows)
9.0 8.8 9.0 9.1 12.2 12.8 17.3 17.6 22.6 27.5 32.6 42.4 47.5 64.9 75.0 75.2 
8.5 8.5 9.0 9.5 12.0 13.4 16.2 18.1 22.8 28.0 33.2 42.2 47.8 63.8 75.4 75.7 
8.6 8.4 9.0 9.5 11.9 13.3 16.3 18.1 22.9 28.0 33.4 41.7 47.7 63.8 75.8 75.7 
8.6 8.4 8.9 9.7 11.8 13.3 16.0 18.2 22.8 28.1 33.4 38.8 47.7 63.4 74.4 75.5 
8.4 8.4 8.8 9.8 11.7 13.2 15.7 18.0 22.6 28.1 33.2 39.1 47.4 57.2 73.2 75.4 
8.5 8.4 8.6 9.9 11.5 13.1 15.7 17.8 22.0 27.7 32.8 38.5 46.6 57.1 72.8 75.4 
8.7 8.5 8.6 9.7 9.4 12.9 16.0 17.3 21.6 27.2 32.3 37.6 46.2 56.3 75.6 75.6 
8.7 8.6 8.5 9.4 9.5 12.6 16.3 16.9 21.7 26.9 32.2 37.4 42.9 54.2 66.0 65.9 
6.6 6.5 7.4 9.1 9.5 12.3 16.4 16.0 21.7 23.4 28.2 37.1 41.6 51.9 65.1 65.7 
6.5 6.5 7.4 9.0 9.5 11.9 13.0 16.3 18.3 23.2 27.7 32.8 41.0 48.8 65.5 65.6 
6.6 6.3 6.9 8.8 9.7 10.2 12.1 16.3 17.7 22.2 26.8 31.7 37.7 47.0 56.9 64.2 
6.7 6.5 6.7 7.5 8.9 9.7 11.4 13.5 16.7 20.6 25.5 30.3 35.7 44.2 57.9 56.0 
4.7 5.0 6.5 7.4 8.5 9.3 10.7 12.8 15.5 18.9 22.9 27.9 33.4 42.5 47.8 54.4 
4.6 4.5 5.1 6.4 7.3 8.5 9.1 11.5 13.5 17.0 21.5 26.6 31.6 37.4 47.8 47.8 
2.4 2.9 3.5 4.8 5.3 6.2 7.2 8.7 11.2 13.8 17.7 22.4 27.4 32.7 41.5 42.6 
1.0 2.4 3.1 3.7 4.7 5.3 6.3 7.3 9.0 11.5 16.2 17.9 22.5 27.2 37.5 37.6 
1.0 1.0 2.4 3.1 3.7 4.4 4.7 5.4 6.8 8.9 11.4 13.5 17.7 22.0 28.7 27.9 
1.0 1.0 1.0 2.2 2.6 3.0 4.6 4.4 4.4 6.6 7.0 9.1 12.3 15.8 19.2 18.1 
1.0 1.0 1.0 1.0 2.0 2.9 3.1 4.8 4.9 5.0 7.0 8.9 9.0 17.2 17.4 17.5 
