 485.00  1.151e+07
 495.00  1.154e+07
 505.00  1.156e+07
 515.00  1.154e+07
 525.00  1.151e+07
 535.00  1.146e+07
 545.00  1.139e+07
 555.00  1.131e+07
 565.00  1.122e+07
 575.00  1.114e+07
 585.00  1.105e+07
 595.00  1.095e+07
 605.00  1.085e+07
 615.00  1.077e+07
 625.00  1.069e+07
 635.00  1.061e+07
 645.00  1.055e+07
 655.00  1.050e+07
 665.00  1.045e+07
 675.00  1.041e+07
 685.00  1.038e+07
 695.00  1.035e+07
 705.00  1.033e+07
 715.00  1.032e+07
 725.00  1.032e+07
 735.00  1.032e+07
 745.00  1.033e+07
 755.00  1.034e+07
 765.00  1.037e+07
 775.00  1.040e+07
 785.00  1.045e+07
 795.00  1.050e+07
 805.00  1.055e+07
 815.00  1.061e+07
 825.00  1.069e+07
 835.00  1.077e+07
 845.00  1.086e+07
 855.00  1.097e+07
 865.00  1.108e+07
 875.00  1.120e+07
 885.00  1.133e+07
 895.00  1.148e+07
 905.00  1.163e+07
 915.00  1.179e+07
 925.00  1.197e+07
 935.00  1.216e+07
 945.00  1.237e+07
 955.00  1.258e+07
 965.00  1.281e+07
 975.00  1.306e+07
 985.00  1.332e+07
 995.00  1.359e+07
1005.00  1.381e+07
1015.00  1.384e+07
1025.00  1.363e+07
1035.00  1.321e+07
1045.00  1.263e+07
1055.00  1.191e+07
1065.00  1.110e+07
1075.00  1.022e+07
1085.00  9.311e+06
1095.00  8.395e+06
1105.00  7.498e+06
1115.00  6.639e+06
1125.00  5.835e+06
1135.00  5.092e+06
1145.00  4.415e+06
1155.00  3.808e+06
1165.00  3.268e+06
1175.00  2.795e+06
1185.00  2.383e+06
1195.00  2.027e+06
1205.00  1.723e+06
1215.00  1.463e+06
1225.00  1.243e+06
1235.00  1.057e+06
1245.00  9.000e+05
1255.00  7.683e+05
1265.00  6.579e+05
1275.00  5.651e+05
1285.00  4.867e+05
1295.00  4.199e+05
1305.00  3.627e+05
1315.00  3.139e+05
1325.00  2.720e+05
1335.00  2.359e+05
1345.00  2.049e+05
1355.00  1.783e+05
1365.00  1.552e+05
1375.00  1.351e+05
1385.00  1.177e+05
1395.00  1.025e+05
1405.00  8.936e+04
1415.00  7.786e+04
1425.00  6.780e+04
1435.00  5.901e+04
1445.00  5.131e+04
1455.00  4.458e+04
1465.00  3.867e+04
1475.00  3.349e+04
1485.00  2.898e+04
1495.00  2.506e+04
1505.00  2.158e+04
1515.00  1.845e+04
