  2.870484 0.0983
  2.880000 0.0983
  2.956392 0.0983
  2.956440 0.0983
  2.956510 0.0983
  5.740903 0.1547
  5.759900 0.1547
  5.912800 0.1547
  8.611193 0.1511
  8.639704 0.1511
  8.869000 0.1511
 11.481286 0.1314
 11.519293 0.1314
 11.825000 0.1314
 14.351119 0.1269
 14.398616 0.1269
 14.780800 0.1269
 17.220627 0.1207
 17.277606 0.1207
 17.736100 0.1207
 20.089745 0.1162
 20.156195 0.1162
 20.691100 0.1162
 22.958407 0.1117
 23.034316 0.1117
 23.645600 0.1117
 25.826548 0.1091
 25.911905 0.1091
 26.599500 0.1091
 28.694104 0.1064
 28.788892 0.1064
 29.552800 0.1064
 31.561008 0.1046
 31.665212 0.1046
 32.505400 0.1046
 34.427197 0.1046
 34.540799 0.1046
 35.457200 0.1046
 37.292606 0.1055
 37.415585 0.1055
 38.408200 0.1055
 40.157168 0.1037
 40.289503 0.1037
 41.358300 0.1037
 43.020819 0.1055
 43.162487 0.1055
 44.307400 0.1055
 45.883493 0.1028
 46.034470 0.1028
 47.255500 0.1028
 48.745127 0.1037
 48.905386 0.1037
 50.202400 0.1037
 51.605654 0.1046
 51.775167 0.1046
 53.148200 0.1046
 54.465010 0.1001
 54.643748 0.1001
 56.092700 0.1001
 57.323129 0.1010
 57.511060 0.1010
 59.035900 0.1010
 60.179947 0.1001
 60.377038 0.1001
 61.977600 0.1001
 63.035398 0.1019
 63.241615 0.1019
 64.918000 0.1019
 65.889418 0.1028
 66.104724 0.1028
 67.856800 0.1028
 68.741940 0.1028
 68.966298 0.1028
 70.793900 0.1028
 71.592901 0.0814
 71.826271 0.0814
 73.729500 0.0814
 74.442235 0.1037
 74.684576 0.1037
 76.663200 0.1037
 77.289877 0.0921
 77.541146 0.0921
 79.595200 0.0921
 80.135762 0.0983
 80.395914 0.0983
 82.525300 0.0983
 82.979824 0.0983
 83.248815 0.0983
 85.453500 0.0983
 85.821999 0.0983
 86.099780 0.0983
 88.379600 0.0983
 88.662222 0.0983
 88.948743 0.0983
 91.303600 0.0983
 91.500428 0.0983
 91.795638 0.0983
 94.225500 0.0983
 94.336551 0.0983
 94.640398 0.0983
 97.145200 0.0983
 97.170526 0.0983
 97.482956 0.0983
100.002290 0.0983
100.062600 0.0983
102.977600 0.0983
105.890200 0.0983
108.800200 0.0983
111.707800 0.0983
114.612700 0.0983
117.514800 0.0983
120.414300 0.0983
123.310800 0.0983
126.204500 0.0983
129.095200 0.0983
131.982800 0.0983
