 Spectral data from ../../Hitr04/02_hit04.par_fmt                               
           220.0    es la weighting temperature
          36  es el no. de temp. diferentes
   662.373   580.000   732.000       central wave#, min w#, max w#
  3     no. grupos en este intervalo :
 number     strength   alor_self    alor_air      a_dop  spacing
 500.00
   49.0  1.571286E-22  4.9248E-02  4.9288E-02  8.5295E-04   5.4205E-01
   93.0  8.129166E-21  5.8765E-02  5.2535E-02  8.4475E-04   5.3218E-01
  118.0  5.243973E-20  7.7700E-02  5.8291E-02  8.4202E-04   4.8113E-01
 390.00
   49.0  1.348395E-22  5.0079E-02  5.0112E-02  8.4208E-04   5.4205E-01
   93.0  7.832169E-21  5.9981E-02  5.3574E-02  8.3401E-04   5.3218E-01
  118.0  5.374080E-20  7.9306E-02  5.9461E-02  8.3140E-04   4.8113E-01
 380.00
   49.0  1.146160E-22  5.0948E-02  5.0972E-02  8.3106E-04   5.4205E-01
   93.0  7.521093E-21  6.1256E-02  5.4664E-02  8.2315E-04   5.3218E-01
  118.0  5.505203E-20  8.0988E-02  6.0686E-02  8.2065E-04   4.8113E-01
 370.00
   49.0  9.642896E-23  5.1856E-02  5.1873E-02  8.1990E-04   5.4205E-01
   93.0  7.196636E-21  6.2595E-02  5.5806E-02  8.1213E-04   5.3218E-01
  118.0  5.637054E-20  8.2754E-02  6.1970E-02  8.0975E-04   4.8113E-01
 360.00
   49.0  8.022978E-23  5.2808E-02  5.2815E-02  8.0858E-04   5.4205E-01
   93.0  6.859666E-21  6.4003E-02  5.7007E-02  8.0097E-04   5.3218E-01
  118.0  5.769309E-20  8.4609E-02  6.3317E-02  7.9871E-04   4.8113E-01
 350.00
   49.0  6.595090E-23  5.3806E-02  5.3804E-02  7.9711E-04   5.4205E-01
   93.0  6.511233E-21  6.5485E-02  5.8269E-02  7.8965E-04   5.3218E-01
  118.0  5.901612E-20  8.6559E-02  6.4733E-02  7.8751E-04   4.8113E-01
 340.00
   49.0  5.350661E-23  5.4854E-02  5.4841E-02  7.8547E-04   5.4205E-01
   93.0  6.152580E-21  6.7047E-02  5.9599E-02  7.7817E-04   5.3218E-01
  118.0  6.033565E-20  8.8614E-02  6.6223E-02  7.7615E-04   4.8113E-01
 330.00
   49.0  4.279435E-23  5.5956E-02  5.5932E-02  7.7366E-04   5.4205E-01
   93.0  5.785155E-21  6.8696E-02  6.1002E-02  7.6652E-04   5.3218E-01
  118.0  6.164737E-20  9.0781E-02  6.7794E-02  7.6463E-04   4.8113E-01
 320.00
   49.0  3.369666E-23  5.7117E-02  5.7081E-02  7.6166E-04   5.4205E-01
   93.0  5.410612E-21  7.0441E-02  6.2484E-02  7.5468E-04   5.3218E-01
  118.0  6.294656E-20  9.3071E-02  6.9451E-02  7.5292E-04   4.8113E-01
 310.00
   49.0  2.608353E-23  5.8341E-02  5.8293E-02  7.4948E-04   5.4205E-01
   93.0  5.030823E-21  7.2289E-02  6.4052E-02  7.4267E-04   5.3218E-01
  118.0  6.422814E-20  9.5494E-02  7.1203E-02  7.4104E-04   4.8113E-01
 300.00
   49.0  1.981523E-23  5.9635E-02  5.9574E-02  7.3709E-04   5.4205E-01
   93.0  4.647870E-21  7.4249E-02  6.5716E-02  7.3045E-04   5.3218E-01
  118.0  6.548670E-20  9.8063E-02  7.3059E-02  7.2896E-04   4.8113E-01
 290.00
   49.0  1.474560E-23  6.1005E-02  6.0929E-02  7.2450E-04   5.4205E-01
   93.0  4.264048E-21  7.6334E-02  6.7483E-02  7.1803E-04   5.3218E-01
  118.0  6.671649E-20  1.0079E-01  7.5028E-02  7.1668E-04   4.8113E-01
 280.00
   49.0  1.072552E-23  6.2459E-02  6.2367E-02  7.1168E-04   5.4205E-01
   93.0  3.881844E-21  7.8556E-02  6.9363E-02  7.0539E-04   5.3218E-01
  118.0  6.791148E-20  1.0369E-01  7.7121E-02  7.0418E-04   4.8113E-01
 270.00
   49.0  7.606666E-24  6.4004E-02  6.3895E-02  6.9863E-04   5.4205E-01
   93.0  3.503925E-21  8.0927E-02  7.1370E-02  6.9253E-04   5.3218E-01
  118.0  6.906545E-20  1.0679E-01  7.9352E-02  6.9147E-04   4.8113E-01
 260.00
   49.0  5.245135E-24  6.5649E-02  6.5522E-02  6.8534E-04   5.4205E-01
   93.0  3.133106E-21  8.3465E-02  7.3515E-02  6.7942E-04   5.3218E-01
  118.0  7.017207E-20  1.1010E-01  8.1733E-02  6.7851E-04   4.8113E-01
 250.00
   49.0  3.504925E-24  6.7407E-02  6.7260E-02  6.7178E-04   5.4205E-01
   93.0  2.772315E-21  8.6189E-02  7.5815E-02  6.6605E-04   5.3218E-01
  118.0  7.122496E-20  1.1364E-01  8.4283E-02  6.6530E-04   4.8113E-01
 240.00
   49.0  2.261002E-24  6.9289E-02  6.9120E-02  6.5795E-04   5.4205E-01
   93.0  2.424539E-21  8.9119E-02  7.8287E-02  6.5242E-04   5.3218E-01
  118.0  7.221789E-20  1.1745E-01  8.7019E-02  6.5183E-04   4.8113E-01
 230.00
   49.0  1.401786E-24  7.1309E-02  7.1116E-02  6.4382E-04   5.4205E-01
   93.0  2.092765E-21  9.2281E-02  8.0953E-02  6.3849E-04   5.3218E-01
  118.0  7.314490E-20  1.2155E-01  8.9963E-02  6.3808E-04   4.8113E-01
 220.00
   49.0  8.308674E-25  7.3484E-02  7.3266E-02  6.2937E-04   5.4205E-01
   93.0  1.779903E-21  9.5704E-02  8.3836E-02  6.2425E-04   5.3218E-01
  118.0  7.400054E-20  1.2598E-01  9.3142E-02  6.2402E-04   4.8113E-01
 210.00
   49.0  4.678792E-25  7.5835E-02  7.5589E-02  6.1458E-04   5.4205E-01
   93.0  1.488697E-21  9.9422E-02  8.6965E-02  6.0968E-04   5.3218E-01
  118.0  7.478004E-20  1.3078E-01  9.6586E-02  6.0964E-04   4.8113E-01
 200.00
   49.0  2.484475E-25  7.8384E-02  7.8108E-02  5.9943E-04   5.4205E-01
   93.0  1.221625E-21  1.0348E-01  9.0374E-02  5.9476E-04   5.3218E-01
  118.0  7.547956E-20  1.3600E-01  1.0033E-01  5.9492E-04   4.8113E-01
 190.00
   49.0  1.232836E-25  8.1159E-02  8.0849E-02  5.8388E-04   5.4205E-01
   93.0  9.807858E-22  1.0792E-01  9.4104E-02  5.7945E-04   5.3218E-01
  118.0  7.609651E-20  1.4171E-01  1.0442E-01  5.7983E-04   4.8113E-01
 180.00
   49.0  5.653964E-26  8.4194E-02  8.3846E-02  5.6791E-04   5.4205E-01
   93.0  7.677815E-22  1.1281E-01  9.8205E-02  5.6372E-04   5.3218E-01
  118.0  7.662976E-20  1.4796E-01  1.0890E-01  5.6433E-04   4.8113E-01
 170.00
   49.0  2.364113E-26  8.7528E-02  8.7140E-02  5.5146E-04   5.4205E-01
   93.0  5.836000E-22  1.1821E-01  1.0274E-01  5.4755E-04   5.3218E-01
  118.0  7.707989E-20  1.5486E-01  1.1384E-01  5.4840E-04   4.8113E-01
 160.00
   49.0  8.860857E-27  9.1213E-02  9.0778E-02  5.3451E-04   5.4205E-01
   93.0  4.285026E-22  1.2423E-01  1.0777E-01  5.3087E-04   5.3218E-01
  118.0  7.744945E-20  1.6250E-01  1.1931E-01  5.3200E-04   4.8113E-01
 150.00
   49.0  2.913711E-27  9.5309E-02  9.4822E-02  5.1699E-04   5.4205E-01
   93.0  3.019349E-22  1.3097E-01  1.1341E-01  5.1366E-04   5.3218E-01
  118.0  7.774306E-20  1.7102E-01  1.2542E-01  5.1508E-04   4.8113E-01
 140.00
   49.0  8.177133E-28  9.9894E-02  9.9350E-02  4.9885E-04   5.4205E-01
   93.0  2.024709E-22  1.3858E-01  1.1976E-01  4.9584E-04   5.3218E-01
  118.0  7.796742E-20  1.8058E-01  1.3228E-01  4.9758E-04   4.8113E-01
 130.00
   49.0  1.889261E-28  1.0507E-01  1.0446E-01  4.8000E-04   5.4205E-01
   93.0  1.278128E-22  1.4723E-01  1.2698E-01  4.7735E-04   5.3218E-01
  118.0  7.813119E-20  1.9141E-01  1.4005E-01  4.7946E-04   4.8113E-01
 120.00
   49.0  3.425133E-29  1.1096E-01  1.1028E-01  4.6037E-04   5.4205E-01
   93.0  7.486426E-23  1.5718E-01  1.3526E-01  4.5812E-04   5.3218E-01
  118.0  7.824463E-20  2.0378E-01  1.4894E-01  4.6062E-04   4.8113E-01
 110.00
   49.0  4.564214E-30  1.1775E-01  1.1698E-01  4.3984E-04   5.4205E-01
   93.0  3.989769E-23  1.6876E-01  1.4488E-01  4.3803E-04   5.3218E-01
  118.0  7.831898E-20  2.1809E-01  1.5924E-01  4.4099E-04   4.8113E-01
 100.00
   49.0  4.079903E-31  1.2567E-01  1.2479E-01  4.1829E-04   5.4205E-01
   93.0  1.882477E-23  1.8240E-01  1.5621E-01  4.1697E-04   5.3218E-01
  118.0  7.836571E-20  2.3485E-01  1.7132E-01  4.2044E-04   4.8113E-01
  90.00
   49.0  2.144027E-32  1.3504E-01  1.3404E-01  3.9555E-04   5.4205E-01
   93.0  7.560808E-24  1.9873E-01  1.6975E-01  3.9479E-04   5.3218E-01
  118.0  7.839562E-20  2.5483E-01  1.8574E-01  3.9884E-04   4.8113E-01
  80.00
   49.0  5.435496E-34  1.4636E-01  1.4520E-01  3.7141E-04   5.4205E-01
   93.0  2.437888E-24  2.1870E-01  1.8627E-01  3.7129E-04   5.3218E-01
  118.0  7.841804E-20  2.7915E-01  2.0333E-01  3.7601E-04   4.8113E-01
  70.00
   49.0  4.873567E-36  1.6034E-01  1.5900E-01  3.4560E-04   5.4205E-01
   93.0  5.757849E-25  2.4370E-01  2.0692E-01  3.4625E-04   5.3218E-01
  118.0  7.844050E-20  3.0954E-01  2.2537E-01  3.5171E-04   4.8113E-01
  60.00
   49.0  9.214077E-39  1.7816E-01  1.7658E-01  3.1780E-04   5.4205E-01
   93.0  8.554875E-26  2.7603E-01  2.3360E-01  3.1932E-04   5.3218E-01
  118.0  7.846917E-20  3.4888E-01  2.5396E-01  3.2560E-04   4.8113E-01
  20.00
   49.0  1.448210E-42  2.0180E-01  1.9990E-01  2.8755E-04   5.4205E-01
   93.0  6.083693E-27  3.1963E-01  2.6955E-01  2.9010E-04   5.3218E-01
  118.0  7.851052E-20  4.0227E-01  2.9286E-01  2.9722E-04   4.8113E-01
