 Spectral data from ../../Hitr04/02_hit04.par_fmt                               
           220.0    es la weighting temperature
          36  es el no. de temp. diferentes
   648.478   582.000   721.000       central wave#, min w#, max w#
  3     no. grupos en este intervalo :
 number     strength   alor_self    alor_air      a_dop  spacing
 500.00
   28.0  1.657798E-22  4.9233E-02  4.9277E-02  8.3864E-04   1.1468E+00
   42.0  1.021667E-20  5.7637E-02  5.2348E-02  8.3582E-04   1.1138E+00
   64.0  9.457468E-20  7.7483E-02  5.8254E-02  8.3353E-04   1.0129E+00
 390.00
   28.0  1.405653E-22  5.0067E-02  5.0103E-02  8.2779E-04   1.1468E+00
   42.0  9.719638E-21  5.8810E-02  5.3375E-02  8.2517E-04   1.1138E+00
   64.0  9.675433E-20  7.9108E-02  5.9431E-02  8.2301E-04   1.0129E+00
 380.00
   28.0  1.179950E-22  5.0940E-02  5.0966E-02  8.1680E-04   1.1468E+00
   42.0  9.209921E-21  6.0041E-02  5.4451E-02  8.1439E-04   1.1138E+00
   64.0  9.894225E-20  8.0811E-02  6.0665E-02  8.1236E-04   1.0129E+00
 370.00
   28.0  9.798039E-23  5.1852E-02  5.1869E-02  8.0566E-04   1.1468E+00
   42.0  8.689381E-21  6.1332E-02  5.5579E-02  8.0347E-04   1.1138E+00
   64.0  1.011332E-19  8.2599E-02  6.1957E-02  8.0157E-04   1.0129E+00
 360.00
   28.0  8.041147E-23  5.2808E-02  5.2814E-02  7.9437E-04   1.1468E+00
   42.0  8.160122E-21  6.2689E-02  5.6765E-02  7.9240E-04   1.1138E+00
   64.0  1.033214E-19  8.4476E-02  6.3314E-02  7.9063E-04   1.0129E+00
 350.00
   28.0  6.515840E-23  5.3811E-02  5.3806E-02  7.8290E-04   1.1468E+00
   42.0  7.624488E-21  6.4117E-02  5.8011E-02  7.8117E-04   1.1138E+00
   64.0  1.055006E-19  8.6451E-02  6.4739E-02  7.7954E-04   1.0129E+00
 340.00
   28.0  5.207360E-23  5.4865E-02  5.4847E-02  7.7127E-04   1.1468E+00
   42.0  7.085061E-21  6.5622E-02  5.9324E-02  7.6978E-04   1.1138E+00
   64.0  1.076639E-19  8.8531E-02  6.6240E-02  7.6830E-04   1.0129E+00
 330.00
   28.0  4.099440E-23  5.5973E-02  5.5942E-02  7.5945E-04   1.1468E+00
   42.0  6.544653E-21  6.7211E-02  6.0708E-02  7.5822E-04   1.1138E+00
   64.0  1.098039E-19  9.0726E-02  6.7821E-02  7.5688E-04   1.0129E+00
 320.00
   28.0  3.174615E-23  5.7140E-02  5.7096E-02  7.4745E-04   1.1468E+00
   42.0  6.006294E-21  6.8890E-02  6.2171E-02  7.4649E-04   1.1138E+00
   64.0  1.119127E-19  9.3044E-02  6.9490E-02  7.4530E-04   1.0129E+00
 310.00
   28.0  2.414583E-23  5.8371E-02  5.8313E-02  7.3525E-04   1.1468E+00
   42.0  5.473207E-21  7.0668E-02  6.3718E-02  7.3456E-04   1.1138E+00
   64.0  1.139819E-19  9.5496E-02  7.1254E-02  7.3353E-04   1.0129E+00
 300.00
   28.0  1.800589E-23  5.9673E-02  5.9599E-02  7.2284E-04   1.1468E+00
   42.0  4.948778E-21  7.2555E-02  6.5359E-02  7.2245E-04   1.1138E+00
   64.0  1.160025E-19  9.8096E-02  7.3122E-02  7.2157E-04   1.0129E+00
 290.00
   28.0  1.313843E-23  6.1051E-02  6.0960E-02  7.1021E-04   1.1468E+00
   42.0  4.436517E-21  7.4560E-02  6.7102E-02  7.1012E-04   1.1138E+00
   64.0  1.179655E-19  1.0086E-01  7.5104E-02  7.0941E-04   1.0129E+00
 280.00
   28.0  9.359302E-24  6.2514E-02  6.2404E-02  6.9735E-04   1.1468E+00
   42.0  3.940003E-21  7.6695E-02  6.8957E-02  6.9759E-04   1.1138E+00
   64.0  1.198612E-19  1.0379E-01  7.7211E-02  6.9704E-04   1.0129E+00
 270.00
   28.0  6.492126E-24  6.4069E-02  6.3939E-02  6.8424E-04   1.1468E+00
   42.0  3.462825E-21  7.8974E-02  7.0935E-02  6.8482E-04   1.1138E+00
   64.0  1.216799E-19  1.0693E-01  7.9456E-02  6.8444E-04   1.0129E+00
 260.00
   28.0  4.371971E-24  6.5725E-02  6.5575E-02  6.7088E-04   1.1468E+00
   42.0  3.008503E-21  8.1413E-02  7.3050E-02  6.7181E-04   1.1138E+00
   64.0  1.234122E-19  1.1027E-01  8.1852E-02  6.7162E-04   1.0129E+00
 250.00
   28.0  2.848494E-24  6.7495E-02  6.7321E-02  6.5724E-04   1.1468E+00
   42.0  2.580403E-21  8.4028E-02  7.5317E-02  6.5855E-04   1.1138E+00
   64.0  1.250484E-19  1.1385E-01  8.4416E-02  6.5854E-04   1.0129E+00
 240.00
   28.0  1.788374E-24  6.9390E-02  6.9191E-02  6.4331E-04   1.1468E+00
   42.0  2.181640E-21  8.6840E-02  7.7753E-02  6.4502E-04   1.1138E+00
   64.0  1.265796E-19  1.1770E-01  8.7168E-02  6.4521E-04   1.0129E+00
 230.00
   28.0  1.076878E-24  7.1425E-02  7.1199E-02  6.2906E-04   1.1468E+00
   42.0  1.814966E-21  8.9874E-02  8.0380E-02  6.3120E-04   1.1138E+00
   64.0  1.279975E-19  1.2184E-01  9.0129E-02  6.3159E-04   1.0129E+00
 220.00
   28.0  6.184966E-25  7.3617E-02  7.3362E-02  6.1448E-04   1.1468E+00
   42.0  1.482658E-21  9.3157E-02  8.3220E-02  6.1707E-04   1.1138E+00
   64.0  1.292948E-19  1.2631E-01  9.3325E-02  6.1768E-04   1.0129E+00
 210.00
   28.0  3.366044E-25  7.5986E-02  7.5699E-02  5.9954E-04   1.1468E+00
   42.0  1.186405E-21  9.6722E-02  8.6302E-02  6.0260E-04   1.1138E+00
   64.0  1.304656E-19  1.3115E-01  9.6786E-02  6.0344E-04   1.0129E+00
 200.00
   28.0  1.722275E-25  7.8556E-02  7.8233E-02  5.8421E-04   1.1468E+00
   42.0  9.271939E-22  1.0061E-01  8.9660E-02  5.8779E-04   1.1138E+00
   64.0  1.315057E-19  1.3641E-01  1.0055E-01  5.8887E-04   1.0129E+00
 190.00
   28.0  8.206701E-26  8.1355E-02  8.0993E-02  5.6847E-04   1.1468E+00
   42.0  7.052123E-22  1.0487E-01  9.3334E-02  5.7258E-04   1.1138E+00
   64.0  1.324129E-19  1.4216E-01  1.0465E-01  5.7393E-04   1.0129E+00
 180.00
   28.0  3.599975E-26  8.4418E-02  8.4012E-02  5.5227E-04   1.1468E+00
   42.0  5.197756E-22  1.0955E-01  9.7373E-02  5.5697E-04   1.1138E+00
   64.0  1.331878E-19  1.4845E-01  1.0915E-01  5.5860E-04   1.0129E+00
 170.00
   28.0  1.433217E-26  8.7785E-02  8.7331E-02  5.3558E-04   1.1468E+00
   42.0  3.692882E-22  1.1472E-01  1.0184E-01  5.4090E-04   1.1138E+00
   64.0  1.338333E-19  1.5538E-01  1.1411E-01  5.4283E-04   1.0129E+00
 160.00
   28.0  5.087400E-27  9.1507E-02  9.0999E-02  5.1835E-04   1.1468E+00
   42.0  2.512550E-22  1.2048E-01  1.0679E-01  5.2433E-04   1.1138E+00
   64.0  1.343557E-19  1.6306E-01  1.1960E-01  5.2660E-04   1.0129E+00
 150.00
   28.0  1.574367E-27  9.5648E-02  9.5079E-02  5.0053E-04   1.1468E+00
   42.0  1.623539E-22  1.2693E-01  1.1234E-01  5.0722E-04   1.1138E+00
   64.0  1.347643E-19  1.7161E-01  1.2573E-01  5.0985E-04   1.0129E+00
 140.00
   28.0  4.127031E-28  1.0029E-01  9.9649E-02  4.8206E-04   1.1468E+00
   42.0  9.858201E-23  1.3421E-01  1.1860E-01  4.8951E-04   1.1138E+00
   64.0  1.350712E-19  1.8121E-01  1.3261E-01  4.9254E-04   1.0129E+00
 130.00
   28.0  8.826049E-29  1.0553E-01  1.0481E-01  4.6288E-04   1.1468E+00
   42.0  5.547654E-23  1.4249E-01  1.2571E-01  4.7112E-04   1.1138E+00
   64.0  1.352913E-19  1.9207E-01  1.4040E-01  4.7460E-04   1.0129E+00
 120.00
   28.0  1.464725E-29  1.1150E-01  1.1069E-01  4.4291E-04   1.1468E+00
   42.0  2.840621E-23  1.5202E-01  1.3388E-01  4.5198E-04   1.1138E+00
   64.0  1.354413E-19  2.0448E-01  1.4932E-01  4.5595E-04   1.0129E+00
 110.00
   28.0  1.761969E-30  1.1838E-01  1.1747E-01  4.2206E-04   1.1468E+00
   42.0  1.290809E-23  1.6309E-01  1.4337E-01  4.3199E-04   1.1138E+00
   64.0  1.355388E-19  2.1883E-01  1.5964E-01  4.3652E-04   1.0129E+00
 100.00
   28.0  1.396578E-31  1.2641E-01  1.2537E-01  4.0026E-04   1.1468E+00
   42.0  5.027238E-24  1.7616E-01  1.5454E-01  4.1101E-04   1.1138E+00
   64.0  1.356010E-19  2.3564E-01  1.7176E-01  4.1619E-04   1.0129E+00
  90.00
   28.0  6.355034E-33  1.3593E-01  1.3474E-01  3.7739E-04   1.1468E+00
   42.0  1.596103E-24  1.9182E-01  1.6792E-01  3.8892E-04   1.1138E+00
   64.0  1.356437E-19  2.5568E-01  1.8624E-01  3.9481E-04   1.0129E+00
  80.00
   28.0  1.350011E-34  1.4740E-01  1.4604E-01  3.5336E-04   1.1468E+00
   42.0  3.833272E-25  2.1099E-01  1.8427E-01  3.6550E-04   1.1138E+00
   64.0  1.356800E-19  2.8009E-01  2.0390E-01  3.7221E-04   1.0129E+00
  70.00
   28.0  9.668721E-37  1.6157E-01  1.5999E-01  3.2806E-04   1.1468E+00
   42.0  6.194654E-26  2.3504E-01  2.0475E-01  3.4054E-04   1.1138E+00
   64.0  1.357203E-19  3.1061E-01  2.2604E-01  3.4816E-04   1.0129E+00
  60.00
   28.0  1.355400E-39  1.7957E-01  1.7773E-01  3.0135E-04   1.1468E+00
   42.0  5.545394E-27  2.6619E-01  2.3126E-01  3.1372E-04   1.1138E+00
   64.0  1.357737E-19  3.5016E-01  2.5478E-01  3.2231E-04   1.0129E+00
  20.00
   28.0  1.393347E-43  2.0336E-01  2.0119E-01  2.7304E-04   1.1468E+00
   42.0  1.938183E-28  3.0830E-01  2.6708E-01  2.8468E-04   1.1138E+00
   64.0  1.358508E-19  4.0387E-01  2.9390E-01  2.9422E-04   1.0129E+00
