   2.8444444430e-041   -5.5052190453e-038    4.6451199984e-035   -2.2374399994e-032    6.7562599984e-030   -1.3184443998e-027    1.6430798553e-025   -1.2238178808e-023    4.4015999997e-022 
   1.0402539677e-040   -1.9959873008e-037    1.6645688883e-034   -7.9030044422e-032    2.3466168883e-029   -4.4937937769e-027    5.4868459675e-025   -3.9991459043e-023    1.4063399999e-021 
   3.9497142840e-039   -7.2736507908e-036    5.8602666647e-033   -2.7046542214e-030    7.8516359981e-028   -1.4777895553e-025    1.7817782616e-023   -1.2877618713e-021    4.5069099997e-020 
   8.8421587267e-039   -1.5587555550e-035    1.2038826663e-032   -5.3380835540e-030    1.4933461330e-027   -2.7188022217e-025    3.1846753836e-023   -2.2465098664e-021    7.7097399994e-020 
   1.3328253963e-039   -2.4315936499e-036    1.9430399993e-033   -8.9068088863e-031    2.5725573327e-028   -4.8270808879e-026    5.8153358404e-024   -4.2098822852e-022    1.4795299999e-020 
   2.1942857133e-040   -4.1301333317e-037    3.4026666655e-034   -1.6069119995e-031    4.7779666655e-029   -9.2244786649e-027    1.1435087379e-024   -8.5305829991e-023    3.1042599998e-021 
   1.6920380946e-039   -2.9086476181e-036    2.1832675549e-033   -9.3757866639e-031    2.5316980882e-028   -4.4359699990e-026    4.9914756165e-024   -3.3833623566e-022    1.1211349999e-020 
   5.4775872988e-038   -1.0651225392e-034    9.0139022191e-032   -4.3497244432e-029    1.3152106219e-026   -2.5707707106e-024    3.2136390964e-022   -2.4089771188e-020    8.7825499995e-019 
   1.2645587297e-039   -2.1829079358e-036    1.6474737773e-033   -7.1267555535e-031    1.9436980439e-028   -3.4531195548e-026    3.9621950183e-024   -2.7635508091e-022    9.5752999992e-021 
   2.3243174594e-039   -4.0553650779e-036    3.0977422212e-033   -1.3581368885e-030    3.7590048879e-028   -6.7851622208e-026    7.9178515701e-024   -5.6199922374e-022    1.9817899998e-020 
   3.3320634908e-037   -5.8107936488e-034    4.4280888875e-031   -1.9326008883e-028    5.3122288875e-026   -9.4999888868e-024    1.0958655157e-021   -7.6757872847e-020    2.6693599998e-018 
   3.0232380942e-039   -5.1362539666e-036    3.8015999988e-033   -1.6062151106e-030    4.2597253322e-028   -7.3276044427e-026    8.1185214270e-024   -5.4774179039e-022    1.8619699998e-020 
   7.6881269815e-039   -1.2982044440e-035    9.5725511082e-033   -4.0430364433e-030    1.0769347108e-027   -1.8725848440e-025    2.1144454647e-023   -1.4685449665e-021    5.1949099995e-020 
   8.6308571401e-037   -1.4353879361e-033    1.0402844441e-030   -4.3090488876e-028    1.1231963108e-025   -1.9072900884e-023    2.0999376583e-021   -1.4213516426e-019    4.9079499995e-018 
  -1.4140952378e-039    2.0398730154e-036   -1.1902577775e-033    3.4106311100e-031   -3.8551511085e-029   -4.2996222260e-027    1.9873599845e-024   -2.6516446192e-022    1.4999400000e-020 
   1.6253968244e-039   -3.4458412683e-036    3.1260444433e-033   -1.6031288884e-030    5.1459111100e-028   -1.0758062221e-025    1.4659559046e-023   -1.2436950475e-021    5.5083999998e-020 
   5.6888888869e-037   -9.8011428539e-034    7.3855999977e-031   -3.1957333324e-028    8.7575333311e-026   -1.5783159997e-023    1.8722567775e-021   -1.4004445236e-019    5.5819999996e-018 
  -3.2833015865e-039    5.0387301574e-036   -3.2844799991e-033    1.1750684441e-030   -2.4629573325e-028    2.8856711098e-026   -1.2935813639e-024   -9.0323685775e-023    1.2414800001e-020 
  -1.3978412694e-038    2.2170412692e-035   -1.5055644440e-032    5.6846222205e-030   -1.2897964440e-027    1.7485368883e-025   -1.2537592693e-023    2.0179047589e-022    2.6405000007e-020 
  -1.9504761899e-037    3.0232380944e-034   -1.9455999994e-031    6.4981333311e-029   -1.0643733328e-026    1.2885333254e-025    2.8336838102e-022   -5.2989990480e-020    3.9093000001e-018 
  -2.4543492054e-039    4.3641904746e-036   -3.3281422211e-033    1.4184533329e-030   -3.6756342212e-028    5.8458466651e-026   -5.3169722049e-024    1.9832830945e-022    4.7635000017e-021 
  -4.8761904745e-039    8.0944761878e-036   -5.7998222204e-033    2.3342933326e-030   -5.7138222205e-028    8.4473599974e-026   -6.5366193627e-024    5.3850190350e-023    2.7672000003e-020 
  -3.9009523795e-037    6.7291428547e-034   -5.0403555539e-031    2.1333333327e-028   -5.5307022206e-026    8.7800799976e-024   -7.6763612676e-022    1.9000952369e-020    2.0302000003e-018 
  -4.2260317445e-039    7.2167619023e-036   -5.3503999983e-033    2.2515199993e-030   -5.8847199984e-028    9.7587466642e-026   -9.8829139660e-024    5.1776657131e-022   -4.6839999973e-021 
   1.3815873012e-038   -2.1731555550e-035    1.4522311107e-032   -5.3454222206e-030    1.1726377774e-027   -1.5490395550e-025    1.2098225233e-023   -6.2285166639e-022    3.4579999994e-020 
  -3.5758730141e-037    6.7616507908e-034   -5.5665777758e-031    2.6057955548e-028   -7.5750844426e-026    1.3917742219e-023   -1.5413981902e-021    8.3923457129e-020   -1.3519999968e-019 
   1.1377777777e-039   -1.4466031745e-036    6.2719999995e-034   -3.8542222206e-032   -6.0316000003e-029    2.3849644445e-026   -4.0649477778e-024    3.1278938095e-022   -3.6860000000e-021 
  -1.9504761888e-039    4.7786666639e-036   -4.7900444425e-033    2.6286933326e-030   -8.7525511092e-028    1.8222079997e-025   -2.3052693966e-023    1.5374439999e-021   -2.5117999997e-020 
  -1.6091428566e-036    2.7745523800e-033   -2.0811377771e-030    8.8849066641e-028   -2.3671524438e-025    4.0408706657e-023   -4.3125196340e-021    2.5596081424e-019   -4.9831999989e-018 
  -1.0727619044e-038    1.7586793645e-035   -1.2524088885e-032    5.0744888874e-030   -1.2852542219e-027    2.0975262217e-025   -2.1698221265e-023    1.2908980950e-021   -2.8679999994e-020 
   1.1377777775e-038   -1.7131682536e-035    1.0743466664e-032   -3.5578311100e-030    6.3043999974e-028   -4.4346577739e-026   -3.0846244480e-024    6.7747057161e-022   -1.5444000004e-020 
  -2.6006349198e-036    4.3658158716e-033   -3.1823644435e-030    1.3185137774e-027   -3.4089244435e-025    5.6648631097e-023   -5.9499384749e-021    3.5892449517e-019   -8.1827999984e-018 
  -1.4628571421e-039    2.8769523798e-036   -2.4391111103e-033    1.1750399997e-030   -3.5588577770e-028    7.0395066654e-026   -9.0014182528e-024    6.7140338089e-022   -1.7592999999e-020 
  -4.5023492050e-038    7.3094095216e-035   -5.1312355540e-032    2.0384426661e-029   -5.0326662208e-027    7.9688306645e-025   -8.0055328710e-023    4.7084875704e-021   -1.1143299998e-019 
   8.1269841248e-037   -1.2613079362e-033    8.2289777754e-031   -2.8792888880e-028    5.5715111089e-026   -4.9048088856e-024   -1.2610358760e-022    5.7952285730e-020   -2.0175000003e-018 
  -5.5263492049e-039    8.6796190453e-036   -5.8851555540e-033    2.2617599994e-030   -5.4551022207e-028    8.6775466644e-026   -9.2983558709e-024    6.3539971417e-022   -1.7139999997e-020 
   1.8041904757e-038   -2.8005587294e-035    1.8575644439e-032   -6.8286577757e-030    1.4974297773e-027   -1.9202004437e-025    1.2056845866e-023   -6.5433190115e-023   -9.7910000081e-021 
   1.3003174596e-037   -2.2755555544e-034    1.6839111103e-031   -6.6019555526e-029    1.3339377771e-026   -6.6115555452e-025   -2.7928292073e-022    5.5223066672e-020   -2.0843000001e-018 
   3.0882539670e-039   -5.4125714265e-036    4.0917333319e-033   -1.7361066661e-030    4.4820133320e-028   -7.0476933313e-026    6.1758750775e-024   -2.1979242847e-022    2.0929999978e-021 
   6.0952380934e-038   -9.9523047589e-035    7.0071466646e-032   -2.7751253325e-029    6.7453266647e-027   -1.0245195997e-024    9.3573584258e-023   -4.5363506176e-021    9.2004999967e-020 
   6.0139682513e-037   -1.0808888885e-033    8.3953777748e-031   -3.6656355544e-028    9.7478177749e-026   -1.5782688885e-023    1.4179480472e-021   -5.0508366646e-020    4.3679999953e-019 
   5.8514285694e-039   -9.7523809492e-036    7.0599111089e-033   -2.9004799991e-030    7.3842311090e-028   -1.1829066663e-025    1.1312526346e-023   -5.4175295222e-022    1.0111999996e-020 
   1.3328253963e-038   -2.2625523802e-035    1.6733866661e-032   -7.0425599978e-030    1.8396506661e-027   -3.0222239992e-025    2.9492478405e-023   -1.4181744758e-021    2.6244999991e-020 
   7.6393650761e-037   -1.3572063487e-033    1.0503111107e-030   -4.6223644430e-028    1.2610884441e-025   -2.1585977773e-023    2.1838115074e-021   -1.0752787140e-019    2.0144999994e-018 
  -2.4380952378e-039    3.3320634917e-036   -1.7934222219e-033    4.4316444434e-031   -2.8295555531e-029   -1.0126888892e-026    2.3319858733e-024   -1.5340461906e-022    3.2240000004e-021 
   9.2647619011e-039   -1.6042666661e-035    1.2184177774e-032   -5.3124266650e-030    1.4544351107e-027   -2.5424839994e-025    2.6950216344e-023   -1.4562956664e-021    3.0968999993e-020 
   7.6393650764e-037   -1.3149460313e-033    9.9399111078e-031   -4.3227022209e-028    1.1841284441e-025   -2.0797835551e-023    2.2259235075e-021   -1.2205217617e-019    2.6375999995e-018 
  -1.2840634918e-039    2.0203682535e-036   -1.2994844441e-033    4.2332444432e-031   -6.5155244415e-029    9.2507110677e-028    1.0245899528e-024   -9.3608023830e-023    2.3515000004e-021 
   2.4380952369e-039   -4.5348571409e-036    3.7959111097e-033   -1.8722133328e-030    5.9291777764e-028   -1.2154679998e-025    1.5094343014e-023   -9.3084080942e-022    2.2059999998e-020 
  -1.0727619045e-036    1.6774095234e-033   -1.1101866664e-030    4.0063999988e-028   -8.3977866639e-026    9.9198399958e-024   -5.7987990437e-022    1.5819190456e-020   -1.8059999955e-019 
  -1.2466793647e-038    1.9837968248e-035   -1.3543679996e-032    5.1619271096e-030   -1.1937337330e-027    1.6982784439e-025   -1.4369422868e-023    6.7584037592e-022   -1.3808099994e-020 
  -2.6006349200e-039    4.0634920625e-036   -2.5941333326e-033    8.2545777751e-031   -1.1123199994e-028   -6.6502222316e-027    3.9785339691e-024   -3.7950704766e-022    1.1308000001e-020 
  -1.0727619045e-036    1.7131682535e-033   -1.1682133330e-030    4.4017777765e-028   -9.8463199969e-026    1.2926124440e-023   -9.1464390432e-022    3.2232809501e-020   -4.4479999949e-019 
  -1.1702857138e-039    2.0967619040e-036   -1.5877688884e-033    6.5497599979e-031   -1.5641528884e-028    2.0718933326e-026   -1.2528199358e-024    2.1318304725e-023    4.3340000082e-022 
  -1.4791111102e-039    3.0021079351e-036   -2.4878933324e-033    1.0866488885e-030   -2.6261319991e-028    3.1808395542e-026   -1.0342545543e-024   -7.3121452445e-023    4.2615000014e-021 
  -1.0597587298e-036    1.7528279360e-033   -1.2475164441e-030    4.9635555541e-028   -1.1948481774e-025    1.7464270217e-023   -1.4681464185e-021    6.5829314259e-020   -1.2379999994e-018 
  -2.4218412690e-039    4.1431365065e-036   -3.0621866657e-033    1.2702008885e-030   -3.1969079991e-028    4.8842502208e-026   -4.2601164907e-024    1.9528025231e-022   -3.6786999985e-021 
  -3.9172063474e-039    7.1468698384e-036   -5.6125155536e-033    2.4579555548e-030   -6.4621542203e-028    1.0125972886e-025   -8.7732820132e-024    3.8703478558e-022   -6.7994999969e-021 
  -3.6246349191e-037    6.4804571404e-034   -5.0143288871e-031    2.1777493327e-028   -5.7235382206e-026    9.0625106642e-024   -8.0628792517e-022    3.7085504274e-020   -6.8990999973e-019 
  -2.8932063468e-040    6.4138158691e-037   -6.0834133306e-034    3.1806577767e-031   -9.8181893307e-029    1.7653689774e-026   -1.6988466123e-024    8.0989242838e-023   -1.4996999996e-021 
   6.9892063543e-040   -1.8041904845e-037   -6.6147555497e-034    6.1631999977e-031   -2.4092528883e-028    4.8853079991e-026   -5.0590834754e-024    2.5687411901e-022   -5.1104999990e-021 
  -2.0154920625e-037    3.7839238078e-034   -3.1135288877e-031    1.4540799995e-028   -4.1500035544e-026    7.2052159983e-024   -7.1168480619e-022    3.6743447611e-020   -7.7479999981e-019 
  -3.0069841250e-040    5.8920634888e-037   -5.3098666644e-034    2.7823644435e-031   -8.9367533311e-029    1.7247277774e-026   -1.8495378013e-024    1.0167162141e-022   -2.2494499996e-021 
  -7.2817777752e-039    1.2307504758e-035   -9.0669511082e-033    3.8035626655e-030   -9.9016604417e-028    1.6178463996e-025   -1.5803362663e-023    8.3874382837e-022   -1.8616599995e-020 
   4.0326095231e-037   -5.9257092052e-034    3.6127715547e-031   -1.1629297775e-028    2.0634100881e-026   -1.9116381767e-024    8.5124064499e-023   -1.3420945184e-021   -3.9250001197e-021 
  -1.8724571423e-039    2.9702501578e-036   -2.0678542216e-033    8.3072711087e-031   -2.1120792883e-028    3.4448839102e-026   -3.4107388309e-024    1.8460104758e-022   -4.1791999990e-021 
   2.0106158727e-039   -2.9401803170e-036    1.7176319997e-033   -4.8148622210e-031    5.1757239971e-029    4.0984697821e-027   -1.4197877163e-024    1.1526845478e-022   -3.1752500004e-021 
  -7.4280634893e-038    1.1717485710e-034   -8.7766755524e-032    4.1529599988e-029   -1.3199252886e-026    2.6876481329e-024   -3.1321536488e-022    1.8872248807e-020   -4.5759499995e-019 
  -5.3052952366e-040    8.0502653944e-037   -5.4822684428e-034    2.2539377771e-031   -6.2222705762e-029    1.1503952709e-026   -1.2875429280e-024    7.7138348560e-023   -1.8922199997e-021 
   2.8086857135e-039   -4.5342069829e-036    3.0831502214e-033   -1.1322595552e-030    2.3832078214e-028   -2.8248067544e-026    1.8186924687e-024   -5.6610761847e-023    5.8079999871e-022 
   2.5567492056e-037   -4.1546768242e-034    2.8646257770e-031   -1.0787484441e-028    2.3729907103e-026   -3.0422669766e-024    2.2309364608e-022   -8.6660630897e-021    1.3785499988e-019 
   1.2188850790e-039   -2.0210671740e-036    1.4314339551e-033   -5.6026382205e-031    1.3069437018e-028   -1.8340255149e-026    1.5225549666e-024   -6.9307954018e-023    1.3410049993e-021 
  -2.8704507930e-039    4.2689422212e-036   -2.7388302215e-033    1.0062947553e-030   -2.3779627549e-028    3.7703723545e-026   -3.8002587705e-024    2.1511864662e-022   -5.1444199989e-021 
  -2.2066387297e-037    3.1911740945e-034   -1.9710407106e-031    6.8942079981e-029   -1.5422346307e-026    2.3373857060e-024   -2.2939214584e-022    1.2830709520e-020   -3.0563599993e-019 
   3.8668190460e-040   -7.0612114259e-037    5.4891662204e-034   -2.3389653326e-031    5.8483063538e-029   -8.5763795974e-027    7.2387197007e-025   -3.2586184511e-023    6.0636499971e-022 
   6.7590501567e-039   -1.0965707171e-035    7.6650268422e-033   -3.0021603547e-030    7.1556894556e-028   -1.0543003446e-025    9.3834760046e-024   -4.6331499222e-022    9.7600999965e-021 
   2.1115530152e-037   -3.5454293322e-034    2.5714815992e-031   -1.0438250664e-028    2.5594253192e-026   -3.8222691055e-024    3.3979285159e-022   -1.6568144828e-020    3.4202449988e-019 
   3.3367771414e-040   -6.0619662198e-037    4.7703139539e-034   -2.0942414216e-031    5.4961899673e-029   -8.6338600465e-027    7.9419503062e-025   -3.9539919155e-023    8.2484149974e-022 
   5.7490285680e-040   -1.1675062852e-036    1.0034503107e-033   -4.7085439985e-031    1.2942696841e-028   -2.0899098795e-026    1.9503912311e-024   -9.7681330688e-023    2.0385749994e-021 
  -7.7173841264e-038    1.0096314920e-034   -5.1678435549e-032    1.2509297775e-029   -1.2840584883e-027    7.4252976850e-027    8.6326622942e-024   -5.9623990520e-022    1.1644000010e-020 
   2.0714057133e-040   -3.8662989190e-037    3.1584028433e-034   -1.4527132440e-031    4.0226659900e-029   -6.6970507361e-027    6.5393875172e-025   -3.4547758278e-023    7.6347999982e-022 
  -1.8193066677e-040    8.7968101753e-038    1.1421596433e-034   -1.2360312884e-031    4.8957314167e-029   -9.7506741005e-027    1.0479806273e-024   -5.8369835682e-023    1.3276624998e-021 
  -3.0419301588e-038    3.6720152383e-035   -1.4289422224e-032    2.3993600057e-031    1.3177039776e-027   -3.7845315331e-025    4.7162904244e-023   -2.8419274689e-021    6.7807149997e-020 
   2.2889813324e-040   -3.9140238208e-037    2.9730301145e-034   -1.3014324618e-031    3.5222607733e-029   -5.8679723781e-027    5.8187457615e-025   -3.1451138893e-023    7.1314869984e-022 
  -3.9940876187e-040    5.5484708566e-037   -2.9097230219e-034    6.3386239987e-032   -1.0290884858e-030   -1.8740884138e-027    3.2616125891e-025   -2.2681858454e-023    5.8944450004e-022 
  -2.7794285711e-038    4.0787707931e-035   -2.3216639996e-032    6.0491662208e-030   -5.3937999965e-028   -5.6160897829e-026    1.6081068290e-023   -1.2687083526e-021    3.5096600005e-020 
  -2.3215542861e-041    3.2161889531e-038   -1.0421319116e-035   -4.5529386645e-033    4.0092583950e-030   -1.0795152546e-027    1.4003744199e-025   -8.9730711257e-024    2.2851954999e-022 
  -1.7169554281e-039    2.7073926088e-036   -1.8123774573e-033    6.6882837314e-031   -1.4848895600e-028    2.0468695313e-026   -1.7255233027e-024    8.1813115323e-023   -1.6752654992e-021 
  -3.6554686975e-038    5.8878520874e-035   -3.9220836968e-032    1.3823785952e-029   -2.7623584875e-027    3.2048119021e-025   -2.1020895568e-023    6.9747124432e-022   -8.3183749848e-021 
  -2.0469272375e-040    3.3443157324e-037   -2.2983739727e-034    8.5714005308e-032   -1.8799801674e-029    2.5018310684e-027   -1.9944003766e-025    8.7906574956e-024   -1.6520489990e-022 
  -6.1676495221e-040    1.0050047997e-036   -6.8959665759e-034    2.5697055993e-031   -5.6338137693e-029    7.4933292173e-027   -5.9674001941e-025    2.6255786737e-023   -4.9210624971e-022 
  -1.2213231741e-038    2.3442123167e-035   -1.7949155550e-032    7.0714211534e-030   -1.5446620350e-027    1.9338503015e-025   -1.3625443850e-023    4.8862755868e-022   -6.5128599917e-021 
  -1.2091830853e-040    2.1052183562e-037   -1.5417419800e-034    6.1280077493e-032   -1.4330814785e-029    2.0339234015e-027   -1.7291684448e-025    8.1252525832e-024   -1.6266504493e-022 
  -6.8010390328e-040    1.1275143880e-036   -7.9610896901e-034    3.0990207066e-031   -7.2242039672e-029    1.0364623481e-026   -8.9955377558e-025    4.3429444057e-023   -8.9667893464e-022 
  -1.4883433644e-038    2.8030878466e-035   -2.1864709682e-032    9.1207125306e-030   -2.2070472242e-027    3.2063344310e-025   -2.7679503739e-023    1.3126783957e-021   -2.6397759989e-020 
  -4.7376904104e-041    9.3541961105e-038   -7.6090790374e-035    3.2981766390e-032   -8.2731759055e-030    1.2439732086e-027   -1.1101999289e-025    5.4373759627e-024   -1.1279958496e-022 
  -2.0082590468e-040    3.7073269828e-037   -2.8788458657e-034    1.2115945952e-031   -2.9916793258e-029    4.4679925875e-027   -3.9826590014e-025    1.9548032201e-023   -4.0722964985e-022 
  -8.6683062812e-039    1.7388215663e-035   -1.4413475835e-032    6.3794433402e-030   -1.6358248070e-027    2.5147133831e-025   -2.2932609748e-023    1.1465339339e-021   -2.4249123992e-020 
  -6.7048740544e-041    1.2004721448e-037   -9.2055732165e-035    3.8930112770e-032   -9.8075037182e-030    1.5092302433e-027   -1.3936416473e-025    7.1023635478e-024   -1.5365391545e-022 
   7.2735370425e-042    3.5442458776e-038   -5.8595968112e-035    3.4957668468e-032   -1.0537368276e-029    1.7900030789e-027   -1.7467486023e-025    9.1729785891e-024   -2.0141237645e-022 
   1.0849361285e-039    1.0787222325e-036   -2.8777945583e-033    1.9176568171e-030   -6.1079403171e-028    1.0763085433e-025   -1.0802358814e-023    5.8056581186e-022   -1.3001904497e-020 
   2.0052549893e-041   -2.1700040088e-038    6.6893934095e-036    6.8289264295e-034   -8.3566428249e-031    2.0259213650e-028   -2.3639662833e-026    1.3871727383e-024   -3.2895112897e-023 
  -5.9828906463e-042    3.6660656323e-038   -4.7392680368e-035    2.7230991066e-032   -8.2974219132e-030    1.4469985977e-027   -1.4570008153e-025    7.9027456904e-024   -1.7905339596e-022 
   2.8142458714e-041   -3.9392879496e-038    2.2042990133e-035   -6.2868725460e-033    9.8355539134e-031   -8.1246885824e-029    2.5905892292e-027    5.9758255736e-026   -4.5067504060e-024 
   7.4928968321e-039   -1.0210393542e-035    5.5487377213e-033   -1.5302147715e-030    2.2955021416e-028   -1.7753522639e-026    4.5502322907e-025    2.1173448759e-023   -1.1695462864e-021 
   7.7973471477e-039   -1.1577196412e-035    7.1121850010e-033   -2.3528182038e-030    4.6387233643e-028   -5.6423681578e-026    4.1680669826e-024   -1.7190898121e-022    3.0424217975e-021 
   7.1650245469e-039   -1.1126077242e-035    7.2393289965e-033   -2.5725839907e-030    5.5107180805e-028   -7.3484307283e-026    5.9935856636e-024   -2.7447852841e-022    5.4165916471e-021 
   3.4534828445e-039   -5.6651712789e-036    3.8623911595e-033   -1.4249166477e-030    3.1441286148e-028   -4.2910331674e-026    3.5628209810e-024   -1.6534728344e-022    3.2943218104e-021 
   2.2214112737e-039   -3.8168030520e-036    2.7259545778e-033   -1.0532643191e-030    2.4322057433e-028   -3.4695325463e-026    3.0060120050e-024   -1.4527902895e-022    3.0072057109e-021 
   1.0653849349e-039   -1.9706992457e-036    1.4960647331e-033   -6.0730990503e-031    1.4608991344e-028   -2.1572121871e-026    1.9251440365e-024   -9.5446069484e-023    2.0197475095e-021 
   2.9828159306e-040   -6.9901576635e-037    6.1501624146e-034   -2.7478846554e-031    7.0720512093e-029   -1.0985612524e-026    1.0200894057e-024   -5.2220433695e-023    1.1344978028e-021 
  -1.5547670708e-040    8.8642607134e-038    4.4936618344e-035   -5.0646702623e-032    1.7938315676e-029   -3.3033211769e-027    3.4131126505e-025   -1.8802578775e-023    4.3085575086e-022 
  -3.7475053509e-040    4.9380539522e-037   -2.6423120832e-034    7.6307342337e-032   -1.3058867477e-029    1.3484229437e-027   -8.0593285985e-026    2.4411653457e-024   -2.5195119834e-023 
  -2.9119976126e-040    4.1087403920e-037   -2.3909583472e-034    7.6454810919e-032   -1.4841348872e-029    1.8006823776e-027   -1.3376086698e-025    5.5719157019e-024   -9.9758071557e-023 
  -2.3596587467e-040    3.5185694669e-037   -2.1842912971e-034    7.5042335172e-032   -1.5748023335e-029    2.0775264965e-027   -1.6872602939e-025    7.7243413467e-024   -1.5271826169e-022 
  -1.6209871321e-040    2.5129449465e-037   -1.6219360286e-034    5.7895893778e-032   -1.2609688449e-029    1.7239861229e-027   -1.4485326637e-025    6.8471934971e-024   -1.3947776123e-022 
