 505.000   7.28
 515.000   7.31
 525.000   8.06
 535.000   9.15
 545.000  10.11
 555.000  10.91
 565.000  11.54
 575.000  12.11
 585.000  12.77
 595.000  13.62
 605.000  14.44
 615.000  14.73
 625.000  15.97
 635.000  17.38
 645.000  18.13
 655.000  19.37
 665.000  20.12
 675.000  21.55
 685.000  22.73
 695.000  23.11
 705.000  24.37
 715.000  24.89
 725.000  25.37
 735.000  26.49
 745.000  27.58
 755.000  27.74
 765.000  27.92
 775.000  28.05
 785.000  27.92
 795.000  27.74
 805.000  27.58
 815.000  26.49
 825.000  25.37
 835.000  24.89
 845.000  24.37
 855.000  23.11
 865.000  22.73
 875.000  21.55
 885.000  20.12
 895.000  19.37
 905.000  18.13
 915.000  17.38
 925.000  15.94
 935.000  14.79
 945.000  14.36
 955.000  12.68
 965.000  11.89
 975.000  11.42
 985.000  10.72
 995.000   9.89
1005.000   8.89
1015.000   7.79
1025.000   7.30
1035.000   7.19
1045.000   6.98
1055.000   6.80
1065.000   6.23
1075.000   5.73
1085.000   5.34
1095.000   4.96
1105.000   4.77
1115.000   4.57
1125.000   4.44
1135.000   4.37
1145.000   4.29
1155.000   4.21
1165.000   4.13
1175.000   4.05
1185.000   3.97
1195.000   3.89
1205.000   3.81
1215.000   3.73
1225.000   3.66
1235.000   3.55
1245.000   3.38
1255.000   3.22
1265.000   3.06
1275.000   2.90
1285.000   2.74
1295.000   2.58
1305.000   2.42
1315.000   2.32
1325.000   2.26
1335.000   2.14
1345.000   1.98
1355.000   1.91
1365.000   1.83
1375.000   1.75
1385.000   1.67
1395.000   1.59
1405.000   1.51
1415.000   1.43
1425.000   1.35
1435.000   1.27
1445.000   1.19
1455.000   1.11
1465.000   1.10
1475.000   1.08
1485.000   1.03
1495.000   0.99
