GITM2 log file
iStep time dt Tmin Tmax Tave Wmin Wmax Wave
       2      3.77421      3.77421    160.72829   1313.35282    806.03917   -175.25699      9.71264    -12.28882
       3      6.64364      2.86943    160.79924   1313.32010    806.10414   -200.88978     11.70425    -12.39465
       4      9.68309      3.03945    160.73395   1313.40548    806.15971   -222.14115     15.53695    -13.72416
       5     12.70415      3.02105    160.62717   1313.46982    806.20544   -236.04206     18.86065    -14.42188
       6     15.74266      3.03851    160.56928   1313.52511    806.24406   -242.69564     21.92860    -14.99801
       7     18.73798      2.99532    160.54745   1313.56606    806.27801   -244.53877     24.56544    -15.30955
       8     21.69871      2.96073    160.49230   1313.60256    806.30808   -246.10836     27.05542    -15.54234
       9     24.62819      2.92947    160.42960   1313.63778    806.33472   -245.56400     29.41310    -15.72415
      10     27.52935      2.90116    160.38103   1313.68220    806.35883   -243.82249     31.52073    -15.87283
      11     30.40712      2.87777    160.35112   1313.71170    806.38143   -241.17769     33.40010    -16.00575
      12     33.26479      2.85767    160.30401   1313.73797    806.40254   -238.16098     35.37628    -16.12738
      13     36.10482      2.84003    160.24746   1313.79613    806.42236   -235.08738     37.93568    -16.24042
      14     38.92973      2.82492    160.20535   1313.87553    806.44166   -232.06146     40.35355    -16.34880
      15     41.74137      2.81164    160.18776   1313.96036    806.46126   -229.60507     42.60612    -16.45432
      16     44.54185      2.80048    160.16200   1314.04744    806.48116   -227.33407     44.67842    -16.55954
      17     47.33150      2.78965    160.15669   1314.13644    806.50154   -225.10794     46.55459    -16.66123
      18     50.11158      2.78008    160.15405   1314.22772    806.52271   -222.93375     48.22009    -16.76191
      19     52.88258      2.77100    160.14685   1314.32179    806.54472   -220.76967     50.36365    -16.86016
      20     55.64500      2.76242    160.13060   1314.41912    806.56758   -218.56630     52.43899    -16.95577
      21     58.39910      2.75410    160.11433   1314.52015    806.59153   -217.00294     54.41546    -17.04836
      22     61.14509      2.74599    160.10396   1314.62587    806.61660   -215.36764     56.26575    -17.13798
      23     63.88336      2.73827    160.09380   1314.73652    806.64276   -213.63891     57.96256    -17.22528
      24     66.61465      2.73129    160.06444   1314.85236    806.66997   -211.80860     59.46623    -17.31162
      25     69.33988      2.72523    160.03310   1314.97248    806.69823   -209.87723     60.75115    -17.39828
      26     72.05949      2.71961    159.99673   1315.09621    806.72745   -207.85721     61.79250    -17.48467
      27     74.77404      2.71455    159.96171   1315.22339    806.75748   -205.76676     62.89264    -17.57114
      28     77.48418      2.71014    159.93481   1315.35395    806.78829   -204.65160     64.49791    -17.65826
      29     80.19006      2.70588    159.91076   1315.48955    806.81983   -204.07358     66.01897    -17.74502
      30     82.89176      2.70171    159.88307   1315.63251    806.85203   -203.73777     67.41691    -17.83095
      31     85.58971      2.69794    159.85257   1315.77607    806.88489   -203.75305     68.65289    -17.91682
      32     88.28439      2.69468    159.82461   1315.92022    806.91838   -204.26567     69.67344    -18.00292
      33     90.97582      2.69143    159.79268   1316.06490    806.95261   -205.03405     70.44492    -18.08808
      34     93.66392      2.68810    159.75572   1316.20993    806.98754   -205.54190     71.08962    -18.17192
      35     96.34873      2.68481    159.71898   1316.35507    807.02306   -205.62520     72.58743    -18.25450
      36     99.03066      2.68193    159.68597   1316.50010    807.05912   -205.24540     74.02473    -18.33669
      37    101.71034      2.67968    159.64810   1316.64481    807.09575   -204.55963     75.34582    -18.41933
      38    104.38797      2.67763    159.60311   1316.78908    807.13291   -204.19444     76.48860    -18.50170
      39    107.06350      2.67553    159.56172   1316.93281    807.17051   -203.61223     77.41031    -18.58288
      40    109.73678      2.67328    159.52396   1317.07667    807.20841   -202.67709     78.18960    -18.66240
      41    112.40800      2.67122    159.48227   1317.22027    807.24653   -201.44038     79.29746    -18.74100
      42    115.07768      2.66968    159.43225   1317.36332    807.28480   -199.91880     80.78297    -18.81961
      43    117.74597      2.66829    159.38258   1317.50630    807.32323   -198.08033     82.16550    -18.89752
      44    120.41281      2.66683    159.34057   1317.64972    807.36184   -196.23996     83.37943    -18.97411
      45    123.07790      2.66509    159.30519   1317.79420    807.40053   -195.06689     84.62725    -19.04867
      46    125.74128      2.66338    159.26773   1317.94077    807.43923   -193.88402     85.73380    -19.12185
      47    128.40325      2.66197    159.22772   1318.08979    807.47789   -193.52283     86.59160    -19.19447
      48    131.06413      2.66089    159.18830   1318.24382    807.51654   -193.32349     87.15960    -19.26680
      49    133.72401      2.65988    159.15502   1318.40212    807.55514   -193.12653     88.07985    -19.33820
      50    136.38281      2.65880    159.13120   1318.56229    807.59371   -192.94670     89.55117    -19.40824
      51    139.04043      2.65761    159.11172   1318.72767    807.63217   -192.73608     90.92779    -19.47672
      52    141.69699      2.65656    159.08787   1318.90209    807.67050   -192.46002     92.14681    -19.54419
      53    144.35271      2.65571    159.05985   1319.08442    807.70871   -192.12381     93.14583    -19.61088
      54    147.00783      2.65512    159.03198   1319.27552    807.74682   -191.75097     93.88078    -19.67704
      55    149.66239      2.65456    159.00742   1319.51126    807.78482   -191.37632     94.30939    -19.74216
      56    152.31617      2.65378    158.98689   1319.76338    807.82275   -191.10329     95.17559    -19.80553
      57    154.96905      2.65288    158.96839   1320.04247    807.86057   -190.80604     96.68548    -19.86728
      58    157.62100      2.65195    158.95069   1320.35753    807.89828   -190.84538     98.09856    -19.92767
      59    160.27220      2.65119    158.93245   1320.68818    807.93593   -191.02650     99.33171    -19.98723
      60    162.92284      2.65065    158.91426   1321.03168    807.97353   -191.19518    100.33139    -20.04617
      61    165.57313      2.65028    158.89719   1321.38833    808.01111   -191.35114    101.05096    -20.10441
      62    168.22311      2.64998    158.88056   1321.75788    808.04871   -191.49005    101.44585    -20.16162
      63    170.87264      2.64953    158.86574   1322.14066    808.08637   -191.60256    102.90883    -20.21723
      64    173.52165      2.64901    158.85177   1322.53669    808.12414   -191.69325    104.55564    -20.27124
      65    176.17008      2.64843    158.83901   1322.94287    808.16200   -191.77215    106.06697    -20.32366
      66    178.81799      2.64792    158.82643   1323.36234    808.20003   -191.85267    107.36563    -20.37481
      67    181.46550      2.64751    158.81177   1323.79659    808.23826   -191.94180    108.40351    -20.42483
      68    184.11267      2.64717    158.79445   1324.24579    808.27678   -192.03842    109.13281    -20.47374
      69    186.75960      2.64693    158.77724   1324.70912    808.31556   -192.13675    109.65899    -20.52160
      70    189.40631      2.64671    158.76465   1325.18687    808.35469   -192.22630    111.52130    -20.56827
      71    192.05273      2.64642    158.75453   1325.68031    808.39421   -192.29318    113.29773    -20.61344
      72    194.69885      2.64612    158.74343   1326.19020    808.43414   -192.32734    114.89631    -20.65713
      73    197.34465      2.64580    158.73259   1326.71367    808.47454   -192.33131    116.25407    -20.69937
      74    199.99017      2.64552    158.72335   1327.24931    808.51543   -192.30927    117.32139    -20.74026
      75    202.63539      2.64522    158.71568   1327.79425    808.55688   -192.52391    118.04936    -20.77974
      76    205.28038      2.64500    158.70833   1328.34885    808.59891   -192.90444    118.92305    -20.81801
      77    207.92512      2.64474    158.70179   1328.91120    808.64159   -193.26939    120.94071    -20.85477
      78    210.56967      2.64455    158.69619   1329.47709    808.68493   -193.63272    122.85148    -20.89022
      79    213.21404      2.64437    158.69046   1330.04295    808.72901   -194.08929    124.54440    -20.92424
      80    215.85825      2.64422    158.68378   1330.60419    808.77381   -194.53524    125.96934    -20.95688
      81    218.50231      2.64406    158.67652   1331.19317    808.81941   -194.96839    127.07475    -20.98804
      82    221.14627      2.64396    158.66989   1331.84442    808.86581   -195.39177    127.81036    -21.01788
      83    223.79011      2.64384    158.66406   1332.50158    808.91305   -195.80116    129.30240    -21.04620
      84    226.43386      2.64375    158.65843   1333.15931    808.96117   -196.19680    131.52918    -21.07306
      85    229.07752      2.64366    158.65246   1333.81040    809.01018   -196.57833    133.59923    -21.09843
      86    231.72110      2.64358    158.64676   1334.44985    809.06010   -196.94814    135.42021    -21.12237
      87    234.36462      2.64352    158.64244   1335.08141    809.11093   -197.30922    136.93943    -21.14492
      88    237.00807      2.64344    158.63938   1335.69399    809.16267   -197.66031    138.10309    -21.16602
      89    239.65143      2.64336    158.63631   1336.27393    809.21530   -198.00070    138.85930    -21.18568
      90    242.29471      2.64328    158.63228   1336.80921    809.26886   -198.51817    141.26526    -21.20394
      91    244.93793      2.64322    158.62802   1337.30776    809.32336   -199.26894    143.73633    -21.22081
      92    247.58112      2.64319    158.62459   1338.02712    809.37875   -200.00101    145.97378    -21.23639
      93    250.22432      2.64321    158.62173   1338.72272    809.43500   -200.71529    147.92435    -21.25078
      94    252.86754      2.64322    158.61900   1339.39409    809.49204   -201.40855    149.53271    -21.26384
      95    255.51079      2.64325    158.61642   1340.02267    809.54985   -202.08666    150.74302    -21.27564
      96    258.15402      2.64323    158.61423   1340.58870    809.60836   -202.75052    152.26590    -21.28598
      97    260.79723      2.64321    158.61209   1341.08867    809.66752   -203.40346    155.09710    -21.29498
      98    263.44039      2.64316    158.60953   1341.52924    809.72725   -204.04437    157.74941    -21.30258
      99    266.08354      2.64315    158.60666   1342.21391    809.78750   -204.67652    160.12169    -21.30897
     100    268.72665      2.64312    158.60362   1342.96813    809.84811   -205.29432    162.15817    -21.31411
     101    271.36977      2.64312    158.60058   1343.66596    809.90899   -205.89869    163.80073    -21.31817
     102    274.01292      2.64314    158.59771   1344.29075    809.97000   -206.48939    164.99150    -21.32111
     103    276.65607      2.64315    158.59519   1344.82503    810.03108   -207.06513    167.50709    -21.32288
     104    279.29928      2.64320    158.59317   1345.31198    810.09209   -207.63081    170.57042    -21.32365
     105    281.94253      2.64325    158.59154   1345.85008    810.15290   -208.18425    173.36422    -21.32335
     106    284.58584      2.64331    158.59005   1346.69437    810.21332   -208.72608    175.82804    -21.32202
     107    287.22920      2.64337    158.58852   1347.46859    810.27323   -209.25486    177.90215    -21.31970
     108    289.87264      2.64343    158.58686   1348.15654    810.33251   -209.77272    179.52143    -21.31648
     109    292.51615      2.64351    158.58498   1348.74989    810.39104   -210.27941    181.19027    -21.31240
     110    295.15974      2.64359    158.58297   1349.27790    810.44870   -210.77384    184.68293    -21.30750
     111    297.80342      2.64369    158.58110   1349.74257    810.50537   -211.25554    187.95330    -21.30185
     112    300.00000      2.19658    158.58195   1349.37015    810.57099   -201.95920    190.39897    -20.12729
