 485.00  1.000e-18  2.787e-18  5.852e-18  7.802e-18  2.915e-11  8.242e-18  6.688e-18  2.712e-17  1.397e-06
 495.00  1.000e-18  2.781e-18  5.841e-18  7.788e-18  2.914e-11  8.234e-18  6.682e-18  2.710e-17  1.397e-06
 505.00  1.000e-18  2.781e-18  5.840e-18  7.787e-18  2.914e-11  8.234e-18  6.682e-18  2.710e-17  1.397e-06
 515.00  1.000e-18  2.795e-18  5.868e-18  7.824e-18  2.915e-11  8.253e-18  6.698e-18  2.716e-17  1.398e-06
 525.00  1.000e-18  2.814e-18  5.909e-18  7.878e-18  2.917e-11  8.280e-18  6.719e-18  2.724e-17  1.399e-06
 535.00  1.000e-18  2.812e-18  5.904e-18  7.872e-18  2.916e-11  8.277e-18  6.717e-18  2.724e-17  1.399e-06
 545.00  1.000e-18  2.777e-18  5.831e-18  7.774e-18  2.914e-11  8.227e-18  6.677e-18  2.708e-17  1.397e-06
 555.00  1.000e-18  2.772e-18  5.820e-18  7.760e-18  2.913e-11  8.220e-18  6.671e-18  2.705e-17  1.396e-06
 565.00  1.000e-18  2.951e-18  6.197e-18  8.263e-18  2.927e-11  8.471e-18  6.874e-18  2.788e-17  1.405e-06
 575.00  1.000e-18  3.255e-18  6.835e-18  9.113e-18  2.949e-11  8.876e-18  7.203e-18  2.921e-17  1.419e-06
 585.00  1.000e-18  3.205e-18  6.730e-18  8.974e-18  2.946e-11  8.811e-18  7.150e-18  2.899e-17  1.417e-06
 595.00  1.000e-18  2.726e-18  5.723e-18  7.631e-18  2.910e-11  8.155e-18  6.618e-18  2.684e-17  1.394e-06
 605.00  1.000e-18  2.689e-18  5.647e-18  7.529e-18  2.907e-11  8.102e-18  6.576e-18  2.666e-17  1.392e-06
 615.00  1.000e-18  5.737e-18  1.205e-17  1.607e-17  3.078e-11  1.164e-17  9.440e-18  3.829e-17  1.498e-06
 625.00  1.000e-18  8.430e-17  1.771e-16  2.361e-16  3.802e-11  4.197e-17  3.405e-17  1.382e-16  1.952e-06
 635.00  1.000e-18  3.065e-15  6.439e-15  8.583e-15  5.159e-11  2.332e-16  1.893e-16  7.679e-16  2.794e-06
 645.00  1.000e-18  5.021e-14  1.055e-13  1.406e-13  6.894e-11  8.854e-16  7.186e-16  2.915e-15  3.784e-06
 655.00  1.000e-18  3.322e-13  6.979e-13  9.302e-13  9.108e-11  2.179e-15  1.768e-15  7.175e-15  5.036e-06
 665.00  9.998e-19  1.467e-12  3.082e-12  4.109e-12  1.245e-10  4.425e-15  3.591e-15  1.456e-14  7.480e-06
 675.00  1.001e-18  5.674e-12  1.192e-11  1.589e-11  1.816e-10  8.440e-15  6.854e-15  2.773e-14  1.306e-05
 685.00  9.981e-19  1.918e-11  4.028e-11  5.370e-11  2.864e-10  1.507e-14  1.224e-14  4.951e-14  2.592e-05
 695.00  1.002e-18  5.270e-11  1.106e-10  1.475e-10  4.868e-10  2.441e-14  1.986e-14  8.010e-14  5.495e-05
 705.00  1.006e-18  1.190e-10  2.499e-10  3.332e-10  8.640e-10  3.662e-14  3.025e-14  1.181e-13  1.179e-04
 715.00  9.525e-19  2.343e-10  4.920e-10  6.560e-10  1.507e-09  5.376e-14  4.675e-14  1.635e-13  2.418e-04
 725.00  1.274e-18  4.175e-10  8.769e-10  1.169e-09  2.491e-09  8.013e-14  7.632e-14  2.167e-13  4.586e-04
 735.00  1.734e-18  6.829e-10  1.435e-09  1.912e-09  3.881e-09  1.238e-13  1.316e-13  2.780e-13  7.971e-04
 745.00  2.277e-18  1.033e-09  2.169e-09  2.893e-09  5.719e-09  1.990e-13  2.353e-13  3.477e-13  1.270e-03
 755.00  8.076e-18  1.460e-09  3.067e-09  4.090e-09  7.998e-09  3.277e-13  4.233e-13  4.272e-13  1.845e-03
 765.00  9.146e-17  1.955e-09  4.107e-09  5.476e-09  1.067e-08  5.310e-13  7.309e-13  5.195e-13  2.430e-03
 775.00  9.430e-16  2.504e-09  5.259e-09  7.011e-09  1.368e-08  8.274e-13  1.184e-12  6.275e-13  2.907e-03
 785.00  5.874e-15  3.088e-09  6.485e-09  8.648e-09  1.693e-08  1.232e-12  1.802e-12  7.535e-13  3.192e-03
 795.00  2.885e-14  3.687e-09  7.744e-09  1.033e-08  2.032e-08  1.756e-12  2.605e-12  8.984e-13  3.270e-03
 805.00  1.096e-13  4.284e-09  8.998e-09  1.200e-08  2.376e-08  2.404e-12  3.606e-12  1.064e-12  3.190e-03
 815.00  3.386e-13  4.866e-09  1.022e-08  1.363e-08  2.718e-08  3.184e-12  4.822e-12  1.251e-12  3.039e-03
 825.00  8.826e-13  5.424e-09  1.139e-08  1.519e-08  3.050e-08  4.115e-12  6.292e-12  1.465e-12  2.887e-03
 835.00  1.989e-12  5.950e-09  1.249e-08  1.666e-08  3.367e-08  5.242e-12  8.103e-12  1.715e-12  2.774e-03
 845.00  3.963e-12  6.439e-09  1.352e-08  1.802e-08  3.668e-08  6.651e-12  1.041e-11  2.022e-12  2.725e-03
 855.00  7.123e-12  6.888e-09  1.447e-08  1.928e-08  3.950e-08  8.491e-12  1.349e-11  2.421e-12  2.761e-03
 865.00  1.174e-11  7.296e-09  1.533e-08  2.043e-08  4.213e-08  1.102e-11  1.779e-11  2.976e-12  2.905e-03
 875.00  1.805e-11  7.667e-09  1.610e-08  2.146e-08  4.457e-08  1.460e-11  2.399e-11  3.788e-12  3.187e-03
 885.00  2.625e-11  8.001e-09  1.680e-08  2.240e-08  4.682e-08  1.972e-11  3.305e-11  5.025e-12  3.658e-03
 895.00  3.661e-11  8.301e-09  1.743e-08  2.324e-08  4.890e-08  2.704e-11  4.633e-11  6.969e-12  4.395e-03
 905.00  4.964e-11  8.568e-09  1.799e-08  2.399e-08  5.082e-08  3.741e-11  6.579e-11  1.009e-11  5.489e-03
 915.00  6.626e-11  8.806e-09  1.849e-08  2.466e-08  5.259e-08  5.173e-11  9.391e-11  1.517e-11  7.038e-03
 925.00  8.787e-11  9.019e-09  1.893e-08  2.525e-08  5.421e-08  7.097e-11  1.337e-10  2.347e-11  9.138e-03
 935.00  1.166e-10  9.207e-09  1.934e-08  2.578e-08  5.571e-08  9.597e-11  1.890e-10  3.699e-11  1.185e-02
 945.00  1.553e-10  9.375e-09  1.969e-08  2.625e-08  5.711e-08  1.273e-10  2.640e-10  5.856e-11  1.517e-02
 955.00  2.076e-10  9.525e-09  2.000e-08  2.667e-08  5.841e-08  1.649e-10  3.632e-10  9.218e-11  1.906e-02
 965.00  2.773e-10  9.659e-09  2.028e-08  2.705e-08  5.964e-08  2.088e-10  4.916e-10  1.427e-10  2.353e-02
 975.00  3.688e-10  9.778e-09  2.054e-08  2.738e-08  6.080e-08  2.581e-10  6.540e-10  2.155e-10  2.856e-02
 985.00  4.861e-10  9.886e-09  2.076e-08  2.768e-08  6.191e-08  3.120e-10  8.547e-10  3.159e-10  3.415e-02
 995.00  6.324e-10  9.984e-09  2.096e-08  2.794e-08  6.296e-08  3.691e-10  1.097e-09  4.485e-10  4.027e-02
1005.00  8.102e-10  1.007e-08  2.115e-08  2.818e-08  6.396e-08  4.280e-10  1.381e-09  6.156e-10  4.683e-02
1015.00  1.021e-09  1.014e-08  2.131e-08  2.840e-08  6.492e-08  4.874e-10  1.705e-09  8.180e-10  5.362e-02
1025.00  1.266e-09  1.021e-08  2.145e-08  2.860e-08  6.586e-08  5.464e-10  2.066e-09  1.054e-09  6.055e-02
1035.00  1.545e-09  1.027e-08  2.158e-08  2.878e-08  6.676e-08  6.037e-10  2.458e-09  1.320e-09  6.769e-02
1045.00  1.857e-09  1.034e-08  2.170e-08  2.894e-08  6.763e-08  6.586e-10  2.873e-09  1.612e-09  7.522e-02
1055.00  2.197e-09  1.038e-08  2.182e-08  2.908e-08  6.847e-08  7.105e-10  3.302e-09  1.920e-09  8.310e-02
1065.00  2.562e-09  1.043e-08  2.192e-08  2.921e-08  6.927e-08  7.591e-10  3.738e-09  2.241e-09  9.095e-02
1075.00  2.948e-09  1.048e-08  2.200e-08  2.933e-08  7.004e-08  8.040e-10  4.174e-09  2.566e-09  9.856e-02
1085.00  3.350e-09  1.051e-08  2.208e-08  2.944e-08  7.077e-08  8.453e-10  4.602e-09  2.890e-09  1.060e-01
1095.00  3.759e-09  1.054e-08  2.216e-08  2.954e-08  7.148e-08  8.830e-10  5.017e-09  3.207e-09  1.133e-01
1105.00  4.172e-09  1.059e-08  2.222e-08  2.964e-08  7.214e-08  9.171e-10  5.416e-09  3.514e-09  1.205e-01
1115.00  4.580e-09  1.062e-08  2.229e-08  2.972e-08  7.277e-08  9.479e-10  5.794e-09  3.808e-09  1.271e-01
1125.00  4.981e-09  1.065e-08  2.235e-08  2.980e-08  7.335e-08  9.755e-10  6.151e-09  4.086e-09  1.327e-01
1135.00  5.369e-09  1.067e-08  2.240e-08  2.986e-08  7.390e-08  1.000e-09  6.486e-09  4.347e-09  1.380e-01
1145.00  5.740e-09  1.068e-08  2.245e-08  2.993e-08  7.441e-08  1.023e-09  6.798e-09  4.589e-09  1.434e-01
1155.00  6.093e-09  1.071e-08  2.249e-08  2.999e-08  7.488e-08  1.042e-09  7.086e-09  4.813e-09  1.489e-01
1165.00  6.425e-09  1.072e-08  2.252e-08  3.004e-08  7.532e-08  1.059e-09  7.353e-09  5.019e-09  1.543e-01
1175.00  6.735e-09  1.074e-08  2.257e-08  3.009e-08  7.572e-08  1.074e-09  7.597e-09  5.208e-09  1.592e-01
1185.00  7.023e-09  1.077e-08  2.260e-08  3.014e-08  7.608e-08  1.088e-09  7.820e-09  5.379e-09  1.640e-01
1195.00  7.289e-09  1.078e-08  2.263e-08  3.019e-08  7.642e-08  1.099e-09  8.024e-09  5.536e-09  1.688e-01
1205.00  7.534e-09  1.079e-08  2.267e-08  3.023e-08  7.672e-08  1.110e-09  8.209e-09  5.677e-09  1.732e-01
1215.00  7.757e-09  1.080e-08  2.270e-08  3.026e-08  7.701e-08  1.120e-09  8.376e-09  5.805e-09  1.763e-01
1225.00  7.959e-09  1.081e-08  2.273e-08  3.029e-08  7.727e-08  1.128e-09  8.527e-09  5.919e-09  1.779e-01
1235.00  8.144e-09  1.083e-08  2.275e-08  3.032e-08  7.749e-08  1.136e-09  8.663e-09  6.022e-09  1.793e-01
1245.00  8.311e-09  1.084e-08  2.276e-08  3.035e-08  7.771e-08  1.142e-09  8.786e-09  6.114e-09  1.818e-01
1255.00  8.461e-09  1.085e-08  2.279e-08  3.038e-08  7.790e-08  1.147e-09  8.896e-09  6.196e-09  1.846e-01
1265.00  8.597e-09  1.086e-08  2.280e-08  3.040e-08  7.807e-08  1.152e-09  8.995e-09  6.270e-09  1.861e-01
1275.00  8.718e-09  1.088e-08  2.282e-08  3.043e-08  7.823e-08  1.157e-09  9.083e-09  6.337e-09  1.858e-01
1285.00  8.828e-09  1.088e-08  2.284e-08  3.045e-08  7.837e-08  1.160e-09  9.162e-09  6.396e-09  1.848e-01
1295.00  8.926e-09  1.088e-08  2.285e-08  3.046e-08  7.851e-08  1.163e-09  9.232e-09  6.449e-09  1.841e-01
1305.00  9.014e-09  1.089e-08  2.286e-08  3.049e-08  7.863e-08  1.166e-09  9.296e-09  6.496e-09  1.839e-01
1315.00  9.093e-09  1.089e-08  2.287e-08  3.050e-08  7.873e-08  1.169e-09  9.352e-09  6.539e-09  1.835e-01
1325.00  9.164e-09  1.090e-08  2.288e-08  3.052e-08  7.883e-08  1.172e-09  9.401e-09  6.577e-09  1.824e-01
1335.00  9.227e-09  1.091e-08  2.290e-08  3.054e-08  7.892e-08  1.174e-09  9.446e-09  6.611e-09  1.807e-01
1345.00  9.284e-09  1.091e-08  2.291e-08  3.055e-08  7.900e-08  1.175e-09  9.487e-09  6.642e-09  1.785e-01
1355.00  9.334e-09  1.092e-08  2.292e-08  3.056e-08  7.908e-08  1.177e-09  9.522e-09  6.668e-09  1.761e-01
1365.00  9.379e-09  1.092e-08  2.293e-08  3.057e-08  7.915e-08  1.179e-09  9.554e-09  6.692e-09  1.738e-01
1375.00  9.419e-09  1.092e-08  2.295e-08  3.059e-08  7.921e-08  1.179e-09  9.582e-09  6.713e-09  1.721e-01
1385.00  9.455e-09  1.093e-08  2.295e-08  3.060e-08  7.927e-08  1.181e-09  9.607e-09  6.733e-09  1.710e-01
1395.00  9.488e-09  1.093e-08  2.296e-08  3.061e-08  7.932e-08  1.182e-09  9.630e-09  6.750e-09  1.709e-01
1405.00  9.517e-09  1.094e-08  2.297e-08  3.062e-08  7.936e-08  1.183e-09  9.650e-09  6.765e-09  1.719e-01
1415.00  9.542e-09  1.094e-08  2.297e-08  3.062e-08  7.941e-08  1.183e-09  9.667e-09  6.778e-09  1.739e-01
1425.00  9.565e-09  1.094e-08  2.298e-08  3.062e-08  7.945e-08  1.184e-09  9.683e-09  6.790e-09  1.766e-01
1435.00  9.587e-09  1.094e-08  2.298e-08  3.064e-08  7.948e-08  1.184e-09  9.697e-09  6.801e-09  1.796e-01
1445.00  9.606e-09  1.094e-08  2.298e-08  3.065e-08  7.951e-08  1.184e-09  9.711e-09  6.811e-09  1.823e-01
1455.00  9.623e-09  1.095e-08  2.299e-08  3.066e-08  7.955e-08  1.186e-09  9.722e-09  6.821e-09  1.846e-01
1465.00  9.638e-09  1.095e-08  2.299e-08  3.066e-08  7.958e-08  1.186e-09  9.732e-09  6.829e-09  1.867e-01
1475.00  9.651e-09  1.095e-08  2.299e-08  3.066e-08  7.961e-08  1.186e-09  9.742e-09  6.836e-09  1.887e-01
1485.00  9.663e-09  1.095e-08  2.300e-08  3.067e-08  7.963e-08  1.186e-09  9.750e-09  6.842e-09  1.908e-01
1495.00  9.674e-09  1.095e-08  2.300e-08  3.067e-08  7.964e-08  1.185e-09  9.758e-09  6.848e-09  1.932e-01
1505.00  9.685e-09  1.093e-08  2.301e-08  3.067e-08  7.965e-08  1.182e-09  9.764e-09  6.852e-09  1.958e-01
1515.00  9.696e-09  1.090e-08  2.301e-08  3.066e-08  7.965e-08  1.179e-09  9.771e-09  6.854e-09  1.990e-01
