  92.5   122.22   122.22   122.23 2.799e+012 3.574e+009 1.213e+010 7.745e+010 8.313e+009 4.820e+010 1.668e+004 
  97.5   121.58   121.58   121.58 1.433e+012 1.747e+009 6.814e+009 4.020e+010 4.800e+009 2.390e+010 1.640e+004 
 102.5   119.53   119.53   119.53 6.888e+011 8.335e+008 3.775e+009 1.936e+010 2.845e+009 1.144e+010 2.453e+004 
 107.5   119.80   119.80   119.80 3.180e+011 3.907e+008 2.134e+009 8.943e+009 1.758e+009 5.356e+009 4.107e+004 
 112.5   125.54   125.54   125.54 1.440e+011 1.828e+008 1.265e+009 4.049e+009 1.142e+009 2.482e+009 5.911e+004 
 117.5   136.31   136.31   136.30 6.559e+010 8.926e+007 7.870e+008 1.927e+009 7.675e+008 1.172e+009 7.009e+004 
 122.5   149.20   149.21   148.85 3.152e+010 4.695e+007 5.066e+008 1.196e+009 5.372e+008 5.881e+008 6.995e+004 
 127.5   161.22   161.12   160.10 1.609e+010 2.694e+007 3.325e+008 8.194e+008 3.887e+008 3.170e+008 6.348e+004 
 132.5   170.86   170.87   172.40 8.782e+009 1.661e+007 2.222e+008 5.706e+008 2.909e+008 1.810e+008 5.551e+004 
 137.5   178.07   178.06   192.19 4.994e+009 1.066e+007 1.540e+008 4.048e+008 2.266e+008 1.083e+008 4.811e+004 
 142.5   182.92   182.93   222.52 2.941e+009 7.139e+006 1.099e+008 2.918e+008 1.823e+008 6.676e+007 4.163e+004 
 147.5   186.51   186.40   255.39 1.766e+009 4.850e+006 7.931e+007 2.117e+008 1.479e+008 4.188e+007 3.576e+004 
 152.5   188.89   188.86   287.68 1.076e+009 3.346e+006 5.766e+007 1.541e+008 1.216e+008 2.669e+007 3.039e+004 
 157.5   190.40   189.63   317.86 6.646e+008 2.338e+006 4.230e+007 1.131e+008 1.000e+008 1.717e+007 2.566e+004 
 162.5   191.53   189.51   348.49 4.134e+008 1.644e+006 3.120e+007 8.322e+007 8.259e+007 1.114e+007 2.174e+004 
 167.5   192.25   188.76   385.21 2.596e+008 1.159e+006 2.308e+007 6.143e+007 6.837e+007 7.301e+006 1.849e+004 
 172.5   192.64   188.64   429.77 1.642e+008 8.225e+005 1.719e+007 4.530e+007 5.661e+007 4.796e+006 1.587e+004 
 177.5   192.99   190.88   492.44 1.041e+008 5.866e+005 1.283e+007 3.355e+007 4.692e+007 3.175e+006 1.381e+004 
 182.5   193.17   197.03   575.85 6.685e+007 4.198e+005 9.605e+006 2.492e+007 3.901e+007 2.113e+006 1.212e+004 
 187.5   193.29   210.42   683.96 4.304e+007 3.017e+005 7.221e+006 1.854e+007 3.248e+007 1.405e+006 1.082e+004 
 192.5   193.41   229.29   807.96 2.788e+007 2.178e+005 5.456e+006 1.379e+007 2.710e+007 9.460e+005 9.639e+003 
 197.5   193.51   256.51   943.21 1.821e+007 1.583e+005 4.131e+006 1.024e+007 2.268e+007 6.384e+005 8.613e+003 
 202.5   193.49   288.61  1081.65 1.190e+007 1.146e+005 3.145e+006 7.621e+006 1.907e+007 4.316e+005 7.699e+003 
 207.5   193.59   328.24  1219.38 7.849e+006 8.374e+004 2.394e+006 5.685e+006 1.607e+007 2.931e+005 6.905e+003 
 212.5   193.60   370.93  1355.65 5.181e+006 6.126e+004 1.831e+006 4.234e+006 1.356e+007 1.991e+005 6.195e+003 
 217.5   193.60   424.74  1484.08 3.427e+006 4.490e+004 1.404e+006 3.160e+006 1.140e+007 1.355e+005 5.592e+003 
 222.5   193.60   481.10  1610.22 2.280e+006 3.289e+004 1.076e+006 2.358e+006 9.692e+006 9.273e+004 5.059e+003 
 227.5   193.60   548.39  1727.40 1.519e+006 2.424e+004 8.264e+005 1.761e+006 8.253e+006 6.347e+004 4.612e+003 
 232.5   193.60   617.08  1843.08 1.015e+006 1.774e+004 6.350e+005 1.323e+006 7.016e+006 4.342e+004 4.213e+003 
 237.5   193.60   689.07  1951.01 6.353e+005 1.305e+004 4.877e+005 1.022e+006 5.975e+006 2.970e+004 3.890e+003 
 242.5   193.60   761.35  2056.53 3.940e+005 9.602e+003 3.733e+005 8.286e+005 5.073e+006 2.015e+004 3.619e+003 
 247.5   193.60   828.65  2168.80 2.656e+005 6.995e+003 2.833e+005 7.166e+005 4.267e+006 1.343e+004 3.375e+003 
 252.5   193.60   828.65  2168.80 1.799e+005 5.479e+003 2.291e+005 5.954e+005 3.750e+006 9.883e+003 3.180e+003 
 257.5   193.60   828.65  2168.80 1.219e+005 4.291e+003 1.853e+005 4.947e+005 3.295e+006 7.271e+003 2.996e+003 
 262.5   193.60   828.65  2168.80 8.261e+004 3.361e+003 1.498e+005 4.111e+005 2.896e+006 5.350e+003 2.823e+003 
 267.5   193.61   828.65  2168.80 5.597e+004 2.632e+003 1.212e+005 3.416e+005 2.545e+006 3.936e+003 2.660e+003 
 272.5   193.61   828.65  2168.80 3.792e+004 2.062e+003 9.800e+004 2.838e+005 2.236e+006 2.896e+003 2.506e+003 
 277.5   193.61   828.65  2168.80 2.569e+004 1.615e+003 7.925e+004 2.358e+005 1.965e+006 2.131e+003 2.361e+003 
 282.5   193.62   828.65  2168.80 1.741e+004 1.265e+003 6.409e+004 1.959e+005 1.727e+006 1.568e+003 2.225e+003 
 287.5   193.63   828.65  2168.80 1.180e+004 9.905e+002 5.183e+004 1.628e+005 1.518e+006 1.153e+003 2.096e+003 
 292.5   193.63   828.65  2168.80 7.992e+003 7.758e+002 4.192e+004 1.353e+005 1.334e+006 8.485e+002 1.975e+003 
 297.5   193.64   828.65  2168.80 5.415e+003 6.076e+002 3.390e+004 1.124e+005 1.172e+006 6.243e+002 1.861e+003 
 302.5   193.66   828.65  2168.80 3.669e+003 4.759e+002 2.742e+004 9.340e+004 1.030e+006 4.593e+002 1.753e+003 
 307.5   193.67   828.65  2168.80 2.486e+003 3.727e+002 2.217e+004 7.761e+004 9.052e+005 3.379e+002 1.652e+003 
