  -7.5   258.54   258.54   258.54  3.168e+23  4.045e+20  1.373e+21  8.767e+21  9.410e+20  5.456e+21  1.668e+10
  -2.5   246.25   246.25   246.25  2.131e+23  2.721e+20  9.235e+20  5.897e+21  6.329e+20  3.670e+21  1.668e+10
   2.5   233.76   233.76   233.76  1.429e+23  1.825e+20  6.193e+20  3.954e+21  4.244e+20  2.461e+21  1.668e+10
   7.5   221.26   221.26   221.26  9.583e+22  1.224e+20  4.153e+20  2.652e+21  2.846e+20  1.650e+21  1.668e+10
  12.5   208.98   208.98   208.98  6.440e+22  8.223e+19  2.791e+20  1.782e+21  1.913e+20  1.109e+21  1.668e+10
  17.5   196.80   196.80   196.80  4.341e+22  5.543e+19  1.881e+20  1.201e+21  1.289e+20  7.475e+20  1.668e+10
  22.5   183.97   183.97   183.97  2.947e+22  3.764e+19  1.277e+20  8.156e+20  8.754e+19  5.076e+20  1.668e+10
  27.5   171.31   171.31   171.31  2.009e+22  2.565e+19  8.707e+19  5.559e+20  5.967e+19  3.460e+20  1.668e+10
  32.5   158.76   158.76   158.76  1.376e+22  1.757e+19  5.963e+19  3.808e+20  4.087e+19  2.370e+20  1.668e+10
  37.5   150.70   150.70   150.70  9.201e+21  1.175e+19  3.987e+19  2.546e+20  2.733e+19  1.584e+20  1.668e+10
  42.5   150.09   150.09   150.09  5.864e+21  7.488e+18  2.541e+19  1.623e+20  1.742e+19  1.010e+20  1.668e+10
  47.5   150.01   150.01   150.01  3.724e+21  4.755e+18  1.614e+19  1.031e+20  1.106e+19  6.413e+19  1.668e+10
  52.5   150.00   150.00   150.00  2.364e+21  3.019e+18  1.024e+19  6.541e+19  7.021e+18  4.071e+19  1.668e+10
  57.5   150.00   150.00   150.00  1.501e+21  1.916e+18  6.503e+18  4.152e+19  4.457e+18  2.584e+19  1.668e+10
  62.5   150.00   150.00   150.00  9.524e+20  1.216e+18  4.128e+18  2.635e+19  2.829e+18  1.640e+19  1.668e+10
  67.5   150.00   150.00   150.00  6.046e+20  7.719e+17  2.620e+18  1.673e+19  1.796e+18  1.041e+19  1.668e+10
  72.5   150.00   150.00   150.00  3.837e+20  4.900e+17  1.663e+18  1.062e+19  1.140e+18  6.608e+18  1.668e+10
  77.5   150.00   150.00   150.00  2.436e+20  3.110e+17  1.056e+18  6.740e+18  7.234e+17  4.194e+18  1.668e+10
  82.5   150.00   150.00   150.00  1.546e+20  1.974e+17  6.700e+17  4.278e+18  4.592e+17  2.662e+18  1.668e+10
  87.5   136.14   136.14   136.15  2.163e+19  2.791e+16  9.223e+16  5.965e+17  6.299e+16  3.752e+17  1.707e+10
  92.5   122.22   122.22   122.23  2.799e+18  3.574e+15  1.213e+16  7.745e+16  8.313e+15  4.820e+16  1.668e+10
  97.5   121.58   121.58   121.58  1.433e+18  1.747e+15  6.814e+15  4.020e+16  4.800e+15  2.390e+16  1.640e+10
 102.5   119.53   119.53   119.53  6.888e+17  8.335e+14  3.775e+15  1.936e+16  2.845e+15  1.144e+16  2.453e+10
 107.5   119.80   119.80   119.80  3.180e+17  3.907e+14  2.134e+15  8.943e+15  1.758e+15  5.356e+15  4.107e+10
 112.5   125.54   125.54   125.54  1.440e+17  1.828e+14  1.265e+15  4.049e+15  1.142e+15  2.482e+15  5.911e+10
 117.5   136.31   136.31   136.30  6.559e+16  8.926e+13  7.870e+14  1.927e+15  7.675e+14  1.172e+15  7.009e+10
 122.5   149.20   149.21   148.85  3.152e+16  4.695e+13  5.066e+14  1.196e+15  5.372e+14  5.881e+14  6.995e+10
 127.5   161.22   161.12   160.10  1.609e+16  2.694e+13  3.325e+14  8.194e+14  3.887e+14  3.170e+14  6.348e+10
 132.5   170.86   170.87   172.40  8.782e+15  1.661e+13  2.222e+14  5.706e+14  2.909e+14  1.810e+14  5.551e+10
 137.5   178.07   178.06   192.19  4.994e+15  1.066e+13  1.540e+14  4.048e+14  2.266e+14  1.083e+14  4.811e+10
 142.5   182.92   182.93   222.52  2.941e+15  7.139e+12  1.099e+14  2.918e+14  1.823e+14  6.676e+13  4.163e+10
 147.5   186.51   186.40   255.39  1.766e+15  4.850e+12  7.931e+13  2.117e+14  1.479e+14  4.188e+13  3.576e+10
 152.5   188.89   188.86   287.68  1.076e+15  3.346e+12  5.766e+13  1.541e+14  1.216e+14  2.669e+13  3.039e+10
 157.5   190.40   189.63   317.86  6.646e+14  2.338e+12  4.230e+13  1.131e+14  1.000e+14  1.717e+13  2.566e+10
 162.5   191.53   189.51   348.49  4.134e+14  1.644e+12  3.120e+13  8.322e+13  8.259e+13  1.114e+13  2.174e+10
 167.5   192.25   188.76   385.21  2.596e+14  1.159e+12  2.308e+13  6.143e+13  6.837e+13  7.301e+12  1.849e+10
 172.5   192.64   188.64   429.77  1.642e+14  8.225e+11  1.719e+13  4.530e+13  5.661e+13  4.796e+12  1.587e+10
 177.5   192.99   190.88   492.44  1.041e+14  5.866e+11  1.283e+13  3.355e+13  4.692e+13  3.175e+12  1.381e+10
 182.5   193.17   197.03   575.85  6.685e+13  4.198e+11  9.605e+12  2.492e+13  3.901e+13  2.113e+12  1.212e+10
 187.5   193.29   210.42   683.96  4.304e+13  3.017e+11  7.221e+12  1.854e+13  3.248e+13  1.405e+12  1.082e+10
 192.5   193.41   229.29   807.96  2.788e+13  2.178e+11  5.456e+12  1.379e+13  2.710e+13  9.460e+11  9.639e+09
 197.5   193.51   256.51   943.21  1.821e+13  1.583e+11  4.131e+12  1.024e+13  2.268e+13  6.384e+11  8.613e+09
 202.5   193.49   288.61  1081.65  1.190e+13  1.146e+11  3.145e+12  7.621e+12  1.907e+13  4.316e+11  7.699e+09
 207.5   193.59   328.24  1219.38  7.849e+12  8.374e+10  2.394e+12  5.685e+12  1.607e+13  2.931e+11  6.905e+09
 212.5   193.60   370.93  1355.65  5.181e+12  6.126e+10  1.831e+12  4.234e+12  1.356e+13  1.991e+11  6.195e+09
 217.5   193.60   424.74  1484.08  3.427e+12  4.490e+10  1.404e+12  3.160e+12  1.140e+13  1.355e+11  5.592e+09
 222.5   193.60   481.10  1610.22  2.280e+12  3.289e+10  1.076e+12  2.358e+12  9.692e+12  9.273e+10  5.059e+09
 227.5   193.60   548.39  1727.40  1.519e+12  2.424e+10  8.264e+11  1.761e+12  8.253e+12  6.347e+10  4.612e+09
 232.5   193.60   617.08  1843.08  1.015e+12  1.774e+10  6.350e+11  1.323e+12  7.016e+12  4.342e+10  4.213e+09
 237.5   193.60   689.07  1951.01  6.353e+11  1.305e+10  4.877e+11  1.022e+12  5.975e+12  2.970e+10  3.890e+09
 242.5   193.60   761.35  2056.53  3.940e+11  9.602e+09  3.733e+11  8.286e+11  5.073e+12  2.015e+10  3.619e+09
 247.5   193.60   828.65  2168.80  2.656e+11  6.995e+09  2.833e+11  7.166e+11  4.267e+12  1.343e+10  3.375e+09
 252.5   193.60   828.65  2168.80  1.799e+11  5.479e+09  2.291e+11  5.954e+11  3.750e+12  9.883e+09  3.180e+09
 257.5   193.60   828.65  2168.80  1.219e+11  4.291e+09  1.853e+11  4.947e+11  3.295e+12  7.271e+09  2.996e+09
 262.5   193.60   828.65  2168.80  8.261e+10  3.361e+09  1.498e+11  4.111e+11  2.896e+12  5.350e+09  2.823e+09
 267.5   193.61   828.65  2168.80  5.597e+10  2.632e+09  1.212e+11  3.416e+11  2.545e+12  3.936e+09  2.660e+09
 272.5   193.61   828.65  2168.80  3.792e+10  2.062e+09  9.800e+10  2.838e+11  2.236e+12  2.896e+09  2.506e+09
 277.5   193.61   828.65  2168.80  2.569e+10  1.615e+09  7.925e+10  2.358e+11  1.965e+12  2.131e+09  2.361e+09
 282.5   193.62   828.65  2168.80  1.741e+10  1.265e+09  6.409e+10  1.959e+11  1.727e+12  1.568e+09  2.225e+09
 287.5   193.63   828.65  2168.80  1.180e+10  9.905e+08  5.183e+10  1.628e+11  1.518e+12  1.153e+09  2.096e+09
 292.5   193.63   828.65  2168.80  7.992e+09  7.758e+08  4.192e+10  1.353e+11  1.334e+12  8.485e+08  1.975e+09
 297.5   193.64   828.65  2168.80  5.415e+09  6.076e+08  3.390e+10  1.124e+11  1.172e+12  6.243e+08  1.861e+09
 302.5   193.66   828.65  2168.80  3.669e+09  4.759e+08  2.742e+10  9.340e+10  1.030e+12  4.593e+08  1.753e+09
 307.5   193.67   828.65  2168.80  2.486e+09  3.727e+08  2.217e+10  7.761e+10  9.052e+11  3.379e+08  1.652e+09
