  5.912794 8.115E-21 2.319E-04 0.1396 0.724    2.9564 0.76
 11.825030 5.956E-20 2.061E-03 0.1265 0.965   17.7382 0.75
 14.780764 1.090E-19 4.115E-03 0.1213 1.053   29.5633 0.75
 17.277614 1.799E-21 6.605E-03 0.1169 1.118   43.1975 0.76
 20.089703 8.552E-22 1.071E-02 0.1132 1.161   60.2756 0.77
 20.156209 2.608E-21 1.060E-02 0.1132 1.161   60.4751 0.77
 20.691114 2.518E-19 1.159E-02 0.1132 1.161   62.0802 0.77
 22.958343 1.150E-21 1.613E-02 0.1102 1.183   80.3653 0.79
 23.034339 3.506E-21 1.596E-02 0.1102 1.183   80.6313 0.79
 23.645591 3.375E-19 1.745E-02 0.1102 1.183   82.7713 0.79
 25.826455 1.454E-21 2.311E-02 0.1076 1.185  103.3236 0.80
 25.911937 4.432E-21 2.287E-02 0.1076 1.185  103.6657 0.80
 26.599510 4.253E-19 2.500E-02 0.1076 1.185  106.4169 0.80
 28.693975 1.747E-21 3.186E-02 0.1056 1.169  129.1501 0.81
 28.788938 5.322E-21 3.153E-02 0.1056 1.169  129.5776 0.81
 29.552801 5.090E-19 3.447E-02 0.1056 1.169  133.0164 0.81
 31.560835 2.009E-21 4.258E-02 0.1040 1.136  157.8440 0.82
 31.665275 6.116E-21 4.213E-02 0.1040 1.136  158.3666 0.82
 32.505394 5.827E-19 4.607E-02 0.1040 1.136  162.5692 0.82
 34.426971 2.221E-21 5.545E-02 0.1027 1.089  189.4049 0.83
 34.540881 6.760E-21 5.489E-02 0.1027 1.089  190.0318 0.83
 35.457219 6.413E-19 6.001E-02 0.1027 1.089  195.0746 0.83
 37.292316 2.372E-21 7.070E-02 0.1017 1.030  223.8319 0.84
 37.415691 7.216E-21 6.998E-02 0.1017 1.030  224.5727 0.84
 38.408207 6.814E-19 7.651E-02 0.1017 1.030  230.5318 0.84
 40.156805 2.455E-21 8.853E-02 0.1009 0.961  261.1242 0.84
 40.289637 7.462E-21 8.761E-02 0.1009 0.961  261.9884 0.84
 41.352800 2.132E-20 9.271E-02 0.1009 0.961  980.8848 0.84
 43.020373 2.467E-21 1.091E-01 0.1003 0.885  301.2810 0.84
 43.162655 7.493E-21 1.080E-01 0.1003 0.885  302.2780 0.84
 44.307393 7.002E-19 1.180E-01 0.1003 0.885  310.2983 0.84
 45.882952 2.412E-21 1.326E-01 0.0998 0.805  344.3013 0.83
 46.034676 7.322E-21 1.313E-01 0.0998 0.805  345.4407 0.83
 47.255451 6.803E-19 1.435E-01 0.0998 0.805  354.6057 0.83
 48.744479 2.299E-21 1.593E-01 0.0994 0.723  390.1843 0.83
 48.905637 6.973E-21 1.577E-01 0.0994 0.723  391.4754 0.83
 50.202394 6.439E-19 1.723E-01 0.0994 0.723  401.8612 0.83
 51.604886 2.138E-21 1.893E-01 0.0990 0.641  438.9288 0.82
 51.775469 6.480E-21 1.873E-01 0.0990 0.641  440.3810 0.82
 53.148151 5.946E-19 2.048E-01 0.0990 0.641  452.0635 0.82
 54.464109 1.943E-21 2.228E-01 0.0986 0.562  490.5337 0.81
 54.644107 5.885E-21 2.206E-01 0.0986 0.562  492.1565 0.81
 56.092654 5.362E-19 2.411E-01 0.0986 0.562  505.2117 0.81
 57.322082 1.727E-21 2.601E-01 0.0981 0.487  544.9978 0.80
 57.511485 5.226E-21 2.575E-01 0.0981 0.487  546.8006 0.80
 59.035832 4.728E-19 2.815E-01 0.0981 0.487  561.3044 0.80
 60.178739 1.503E-21 3.014E-01 0.0975 0.419  602.3199 0.79
 60.377537 4.543E-21 2.983E-01 0.0975 0.419  604.3121 0.79
 61.977617 4.079E-19 3.261E-01 0.0975 0.419  620.3402 0.79
 63.242196 3.868E-21 3.432E-01 0.0969 0.359  664.6896 0.79
 64.917939 3.445E-19 3.751E-01 0.0969 0.359  682.3178 0.79
 66.105398 3.227E-21 3.922E-01 0.0960 0.308  727.9318 0.79
 67.856728 2.851E-19 4.288E-01 0.0960 0.308  747.2357 0.79
 70.793915 2.313E-19 4.874E-01 0.0951 0.267  815.0925 0.79
 73.729432 1.840E-19 5.510E-01 0.0939 0.236  885.8864 0.79
 76.663209 1.436E-19 6.199E-01 0.0925 0.213  959.6158 0.79
 79.595176 1.100E-19 6.942E-01 0.0909 0.199 1036.2790 0.79
 82.525265 8.274E-20 7.743E-01 0.0891 0.192 1115.8742 0.79
 85.453407 6.111E-20 8.601E-01 0.0871 0.188 1198.3995 0.79
 88.379532 4.434E-20 9.520E-01 0.0848 0.185 1283.8529 0.79
