-4.009e+01 -8.136e-02  7.516e-04 -5.183e-06  2.441e-08 -7.623e-11  1.504e-13 -1.692e-16  8.258e-20
-3.934e+01 -5.232e-02  3.962e-04 -2.510e-06  1.155e-08 -3.656e-11  7.435e-14 -8.672e-17  4.391e-20
-3.982e+01 -2.293e-02 -2.080e-05  1.106e-06 -8.348e-09  3.310e-11 -7.561e-14  9.408e-17 -4.944e-20
-4.483e+01 -4.360e-03 -2.079e-04  2.179e-06 -1.171e-08  3.735e-11 -7.090e-14  7.387e-17 -3.242e-20
-4.701e+01  3.374e-02 -7.392e-04  6.761e-06 -3.707e-08  1.274e-10 -2.689e-13  3.188e-16 -1.625e-19
-4.597e+01  3.602e-02 -7.717e-04  6.992e-06 -3.786e-08  1.280e-10 -2.649e-13  3.075e-16 -1.532e-19
-4.143e+01  3.497e-02 -7.358e-04  6.559e-06 -3.504e-08  1.172e-10 -2.404e-13  2.769e-16 -1.372e-19
-4.825e+01  7.040e-02 -1.195e-03  1.021e-05 -5.369e-08  1.783e-10 -3.649e-13  4.204e-16 -2.087e-19
-4.728e+01  7.649e-02 -1.308e-03  1.139e-05 -6.098e-08  2.061e-10 -4.290e-13  5.020e-16 -2.527e-19
-4.284e+01  7.848e-02 -1.319e-03  1.137e-05 -6.040e-08  2.029e-10 -4.202e-13  4.898e-16 -2.458e-19
-4.980e+01  1.152e-01 -1.787e-03  1.508e-05 -7.945e-08  2.661e-10 -5.511e-13  6.438e-16 -3.243e-19
-4.874e+01  1.169e-01 -1.811e-03  1.527e-05 -8.021e-08  2.677e-10 -5.518e-13  6.411e-16 -3.210e-19
-4.431e+01  1.181e-01 -1.800e-03  1.498e-05 -7.780e-08  2.570e-10 -5.249e-13  6.044e-16 -3.001e-19
-5.155e+01  1.614e-01 -2.361e-03  1.945e-05 -1.005e-07  3.311e-10 -6.747e-13  7.756e-16 -3.845e-19
-5.041e+01  1.597e-01 -2.332e-03  1.920e-05 -9.935e-08  3.279e-10 -6.702e-13  7.730e-16 -3.847e-19
-4.603e+01  1.619e-01 -2.331e-03  1.897e-05 -9.712e-08  3.175e-10 -6.432e-13  7.362e-16 -3.639e-19
-5.366e+01  2.184e-01 -3.124e-03  2.576e-05 -1.341e-07  4.459e-10 -9.181e-13  1.066e-15 -5.342e-19
-5.244e+01  2.124e-01 -3.001e-03  2.443e-05 -1.256e-07  4.125e-10 -8.397e-13  9.651e-16 -4.787e-19
-4.829e+01  2.238e-01 -3.163e-03  2.582e-05 -1.331e-07  4.380e-10 -8.931e-13  1.028e-15 -5.105e-19
-5.592e+01  2.755e-01 -3.844e-03  3.135e-05 -1.619e-07  5.343e-10 -1.093e-12  1.262e-15 -6.285e-19
-5.491e+01  2.792e-01 -3.909e-03  3.198e-05 -1.655e-07  5.471e-10 -1.120e-12  1.294e-15 -6.443e-19
-5.068e+01  2.854e-01 -3.967e-03  3.230e-05 -1.666e-07  5.495e-10 -1.124e-12  1.297e-15 -6.457e-19
-5.839e+01  3.364e-01 -4.614e-03  3.738e-05 -1.922e-07  6.323e-10 -1.290e-12  1.486e-15 -7.390e-19
-5.739e+01  3.402e-01 -4.677e-03  3.796e-05 -1.955e-07  6.440e-10 -1.315e-12  1.517e-15 -7.546e-19
-5.331e+01  3.515e-01 -4.820e-03  3.909e-05 -2.012e-07  6.624e-10 -1.352e-12  1.559e-15 -7.752e-19
-6.109e+01  4.021e-01 -5.435e-03  4.368e-05 -2.231e-07  7.295e-10 -1.479e-12  1.694e-15 -8.374e-19
-6.013e+01  4.075e-01 -5.534e-03  4.472e-05 -2.297e-07  7.556e-10 -1.542e-12  1.776e-15 -8.833e-19
-1.116e+02  1.699e+00 -2.218e-02  1.770e-04 -9.038e-07  2.964e-09 -6.036e-12  6.948e-15 -3.452e-18
-6.419e+01  4.804e-01 -6.479e-03  5.229e-05 -2.686e-07  8.843e-10 -1.806e-12  2.083e-15 -1.036e-18
-6.307e+01  4.785e-01 -6.431e-03  5.173e-05 -2.649e-07  8.696e-10 -1.771e-12  2.039e-15 -1.013e-18
-5.911e+01  4.914e-01 -6.583e-03  5.283e-05 -2.700e-07  8.845e-10 -1.799e-12  2.066e-15 -1.025e-18
-6.738e+01  5.567e-01 -7.436e-03  5.966e-05 -3.048e-07  9.982e-10 -2.028e-12  2.328e-15 -1.153e-18
-6.640e+01  5.610e-01 -7.512e-03  6.044e-05 -3.099e-07  1.019e-09 -2.077e-12  2.393e-15 -1.190e-18
-6.255e+01  5.772e-01 -7.713e-03  6.198e-05 -3.174e-07  1.042e-09 -2.124e-12  2.445e-15 -1.215e-18
-7.074e+01  6.361e-01 -8.438e-03  6.752e-05 -3.447e-07  1.129e-09 -2.295e-12  2.637e-15 -1.308e-18
-6.983e+01  6.428e-01 -8.548e-03  6.856e-05 -3.506e-07  1.150e-09 -2.342e-12  2.694e-15 -1.338e-18
-6.608e+01  6.616e-01 -8.791e-03  7.052e-05 -3.609e-07  1.185e-09 -2.415e-12  2.780e-15 -1.382e-18
-7.459e+01  7.318e-01 -9.710e-03  7.792e-05 -3.991e-07  1.311e-09 -2.674e-12  3.082e-15 -1.533e-18
-7.369e+01  7.390e-01 -9.830e-03  7.908e-05 -4.058e-07  1.336e-09 -2.728e-12  3.148e-15 -1.567e-18
-6.991e+01  7.540e-01 -9.983e-03  8.000e-05 -4.092e-07  1.343e-09 -2.736e-12  3.149e-15 -1.565e-18
-7.851e+01  8.252e-01 -1.091e-02  8.743e-05 -4.475e-07  1.470e-09 -2.999e-12  3.457e-15 -1.721e-18
-7.758e+01  8.307e-01 -1.099e-02  8.817e-05 -4.515e-07  1.483e-09 -3.025e-12  3.485e-15 -1.733e-18
-7.402e+01  8.534e-01 -1.128e-02  9.037e-05 -4.624e-07  1.518e-09 -3.095e-12  3.564e-15 -1.772e-18
-8.268e+01  9.246e-01 -1.218e-02  9.748e-05 -4.980e-07  1.632e-09 -3.321e-12  3.818e-15 -1.894e-18
-8.174e+01  9.294e-01 -1.226e-02  9.824e-05 -5.029e-07  1.652e-09 -3.369e-12  3.882e-15 -1.931e-18
-7.833e+01  9.562e-01 -1.260e-02  1.008e-04 -5.153e-07  1.690e-09 -3.442e-12  3.961e-15 -1.967e-18
-8.706e+01  1.029e+00 -1.353e-02  1.082e-04 -5.533e-07  1.816e-09 -3.700e-12  4.260e-15 -2.117e-18
-8.613e+01  1.034e+00 -1.360e-02  1.089e-04 -5.574e-07  1.831e-09 -3.733e-12  4.301e-15 -2.139e-18
-8.273e+01  1.058e+00 -1.387e-02  1.107e-04 -5.651e-07  1.851e-09 -3.765e-12  4.329e-15 -2.149e-18
-9.078e+01  1.144e+00 -1.503e-02  1.203e-04 -6.157e-07  2.022e-09 -4.126e-12  4.756e-15 -2.366e-18
-8.760e+01  1.176e+00 -1.543e-02  1.234e-04 -6.311e-07  2.072e-09 -4.223e-12  4.865e-15 -2.419e-18
-9.560e+01  1.257e+00 -1.645e-02  1.314e-04 -6.709e-07  2.199e-09 -4.476e-12  5.148e-15 -2.556e-18
-9.248e+01  1.288e+00 -1.685e-02  1.344e-04 -6.860e-07  2.248e-09 -4.575e-12  5.263e-15 -2.613e-18
-9.778e+01  1.415e+00 -1.850e-02  1.477e-04 -7.543e-07  2.474e-09 -5.039e-12  5.800e-15 -2.882e-18
-1.032e+02  1.543e+00 -2.014e-02  1.607e-04 -8.203e-07  2.690e-09 -5.478e-12  6.306e-15 -3.134e-18
-1.090e+02  1.679e+00 -2.190e-02  1.748e-04 -8.926e-07  2.928e-09 -5.964e-12  6.866e-15 -3.412e-18
-1.149e+02  1.817e+00 -2.368e-02  1.890e-04 -9.655e-07  3.168e-09 -6.457e-12  7.437e-15 -3.698e-18
-1.210e+02  1.959e+00 -2.550e-02  2.032e-04 -1.037e-06  3.399e-09 -6.920e-12  7.962e-15 -3.954e-18
-1.274e+02  2.108e+00 -2.742e-02  2.186e-04 -1.116e-06  3.658e-09 -7.451e-12  8.578e-15 -4.263e-18
-1.339e+02  2.259e+00 -2.934e-02  2.336e-04 -1.191e-06  3.903e-09 -7.943e-12  9.137e-15 -4.537e-18
