  -3.8   170.00   170.00   170.00  2.218e+23  2.883e+20  1.552e+20  5.988e+21  1.000e+21  3.548e+21  1.668e+10
  -1.2   170.00   170.00   170.00  1.664e+23  2.163e+20  1.164e+20  4.492e+21  7.502e+20  2.662e+21  1.668e+10
   1.2   170.00   170.00   170.00  1.248e+23  1.622e+20  8.736e+19  3.369e+21  5.628e+20  1.997e+21  1.668e+10
   3.8   170.00   170.00   170.00  9.362e+22  1.217e+20  6.553e+19  2.528e+21  4.222e+20  1.498e+21  1.668e+10
   6.2   170.00   170.00   170.00  7.024e+22  9.131e+19  4.917e+19  1.896e+21  3.167e+20  1.124e+21  1.668e+10
   8.8   170.00   170.00   170.00  5.269e+22  6.850e+19  3.689e+19  1.423e+21  2.376e+20  8.431e+20  1.668e+10
  11.2   170.00   170.00   170.00  3.953e+22  5.139e+19  2.767e+19  1.067e+21  1.783e+20  6.325e+20  1.668e+10
  13.8   170.00   170.00   170.00  2.966e+22  3.856e+19  2.076e+19  8.008e+20  1.338e+20  4.746e+20  1.668e+10
  16.2   170.00   170.00   170.00  2.225e+22  2.893e+19  1.558e+19  6.009e+20  1.004e+20  3.561e+20  1.668e+10
  18.8   170.00   170.00   170.00  1.670e+22  2.171e+19  1.169e+19  4.508e+20  7.529e+19  2.672e+20  1.668e+10
  21.2   170.00   170.00   170.00  1.253e+22  1.629e+19  8.770e+18  3.383e+20  5.650e+19  2.005e+20  1.668e+10
  23.8   170.00   170.00   170.00  9.401e+21  1.222e+19  6.580e+18  2.538e+20  4.239e+19  1.504e+20  1.668e+10
  26.2   170.00   170.00   170.00  7.054e+21  9.170e+18  4.938e+18  1.905e+20  3.181e+19  1.129e+20  1.668e+10
  28.8   170.00   170.00   170.00  5.293e+21  6.881e+18  3.705e+18  1.429e+20  2.387e+19  8.469e+19  1.668e+10
  31.2   170.00   170.00   170.00  3.972e+21  5.164e+18  2.780e+18  1.072e+20  1.791e+19  6.355e+19  1.668e+10
  33.8   170.00   170.00   170.00  2.981e+21  3.875e+18  2.086e+18  8.048e+19  1.344e+19  4.769e+19  1.668e+10
  36.2   170.00   170.00   170.00  2.237e+21  2.908e+18  1.566e+18  6.039e+19  1.009e+19  3.579e+19  1.668e+10
  38.8   170.00   170.00   170.00  1.679e+21  2.182e+18  1.175e+18  4.532e+19  7.570e+18  2.686e+19  1.668e+10
  41.2   170.00   170.00   170.00  1.260e+21  1.638e+18  8.818e+17  3.401e+19  5.681e+18  2.016e+19  1.668e+10
  43.8   170.00   170.00   170.00  9.455e+20  1.229e+18  6.618e+17  2.553e+19  4.263e+18  1.513e+19  1.668e+10
  46.2   170.00   170.00   170.00  7.096e+20  9.224e+17  4.967e+17  1.916e+19  3.200e+18  1.135e+19  1.668e+10
  48.8   170.00   170.00   170.00  5.326e+20  6.923e+17  3.728e+17  1.438e+19  2.402e+18  8.521e+18  1.668e+10
  51.2   170.00   170.00   170.00  3.997e+20  5.196e+17  2.798e+17  1.079e+19  1.802e+18  6.395e+18  1.668e+10
  53.8   170.00   170.00   170.00  3.000e+20  3.900e+17  2.100e+17  8.100e+18  1.353e+18  4.800e+18  1.668e+10
  56.2   170.00   170.00   170.00  2.252e+20  2.927e+17  1.576e+17  6.080e+18  1.015e+18  3.603e+18  1.668e+10
  58.8   170.00   170.00   170.00  1.690e+20  2.197e+17  1.183e+17  4.564e+18  7.622e+17  2.704e+18  1.668e+10
  61.2   170.00   170.00   170.00  1.269e+20  1.649e+17  8.881e+16  3.426e+18  5.721e+17  2.030e+18  1.668e+10
  63.8   170.00   170.00   170.00  9.524e+19  1.335e+17  7.380e+16  2.847e+18  5.147e+17  1.558e+18  1.668e+10
  66.2   170.00   170.00   170.00  7.149e+19  1.080e+17  6.133e+16  2.366e+18  4.630e+17  1.196e+18  1.668e+10
  68.8   170.00   170.00   170.00  5.367e+19  8.744e+16  5.097e+16  1.966e+18  4.166e+17  9.182e+17  1.668e+10
  71.2   170.00   170.00   170.00  4.029e+19  7.077e+16  4.236e+16  1.634e+18  3.748e+17  7.049e+17  1.668e+10
  73.8   170.00   170.00   170.00  3.024e+19  5.728e+16  3.520e+16  1.358e+18  3.371e+17  5.411e+17  1.668e+10
  76.2   170.00   170.00   170.00  2.271e+19  4.636e+16  2.925e+16  1.128e+18  3.033e+17  4.154e+17  1.668e+10
  78.8   170.00   170.00   170.00  1.705e+19  3.752e+16  2.431e+16  9.378e+17  2.729e+17  3.189e+17  1.668e+10
  81.2   170.00   170.00   170.00  1.280e+19  3.037e+16  2.021e+16  7.794e+17  2.455e+17  2.449e+17  1.668e+10
  83.8   170.00   170.00   170.00  9.609e+18  2.458e+16  1.679e+16  6.477e+17  2.209e+17  1.880e+17  1.668e+10
  86.2   170.00   170.00   170.00  7.214e+18  1.990e+16  1.396e+16  5.383e+17  1.987e+17  1.443e+17  1.668e+10
  88.8   170.00   170.00   170.00  5.417e+18  1.611e+16  1.160e+16  4.474e+17  1.788e+17  1.108e+17  1.668e+10
  91.2   170.00   170.00   170.00  4.067e+18  1.304e+16  9.641e+15  3.719e+17  1.609e+17  8.509e+16  1.668e+10
  93.8   170.00   170.00   170.00  3.054e+18  1.055e+16  8.014e+15  3.091e+17  1.447e+17  6.533e+16  1.668e+10
  96.2   170.00   170.00   170.00  2.293e+18  8.544e+15  6.661e+15  2.569e+17  1.302e+17  5.017e+16  1.668e+10
  98.8   170.00   170.00   170.00  1.722e+18  6.916e+15  5.536e+15  2.135e+17  1.172e+17  3.852e+16  1.668e+10
 101.2   170.00   170.00   170.00  1.293e+18  5.599e+15  4.602e+15  1.775e+17  1.054e+17  2.958e+16  1.668e+10
 103.8   170.00   170.00   170.00  9.710e+17  4.533e+15  3.825e+15  1.475e+17  9.484e+16  2.271e+16  1.668e+10
 106.2   170.00   170.00   170.00  7.292e+17  3.670e+15  3.179e+15  1.226e+17  8.534e+16  1.744e+16  1.668e+10
 108.8   170.00   170.00   170.00  5.476e+17  2.971e+15  2.643e+15  1.019e+17  7.678e+16  1.339e+16  1.668e+10
 111.2   170.00   170.00   170.00  4.113e+17  2.405e+15  2.197e+15  8.474e+16  6.909e+16  1.029e+16  1.668e+10
 113.8   170.00   170.00   170.00  3.089e+17  1.947e+15  1.826e+15  7.044e+16  6.216e+16  7.900e+15  1.668e+10
 116.2   170.00   170.00   170.00  2.320e+17  1.576e+15  1.518e+15  5.856e+16  5.593e+16  6.067e+15  1.668e+10
 118.8   170.00   170.00   170.00  1.742e+17  1.276e+15  1.262e+15  4.868e+16  5.033e+16  4.659e+15  1.668e+10
 121.2   170.00   170.00   170.00  1.309e+17  1.033e+15  1.049e+15  4.047e+16  4.529e+16  3.578e+15  1.668e+10
 123.8   170.00   170.00   170.00  9.828e+16  8.367e+14  8.721e+14  3.364e+16  4.075e+16  2.748e+15  1.668e+10
 126.2   170.00   170.00   170.00  7.382e+16  6.775e+14  7.250e+14  2.797e+16  3.667e+16  2.111e+15  1.668e+10
 128.8   170.00   170.00   170.00  5.545e+16  5.486e+14  6.028e+14  2.325e+16  3.299e+16  1.621e+15  1.668e+10
 131.2   170.00   170.00   170.00  4.165e+16  4.442e+14  5.011e+14  1.933e+16  2.969e+16  1.245e+15  1.668e+10
 133.8   170.00   170.00   170.00  3.129e+16  3.597e+14  4.166e+14  1.607e+16  2.672e+16  9.566e+14  1.668e+10
 136.2   170.00   170.00   170.00  2.350e+16  2.912e+14  3.464e+14  1.336e+16  2.404e+16  7.348e+14  1.668e+10
 138.8   170.00   170.00   170.00  1.765e+16  2.358e+14  2.880e+14  1.111e+16  2.163e+16  5.644e+14  1.668e+10
 141.2   170.00   170.00   170.00  1.326e+16  1.910e+14  2.394e+14  9.235e+15  1.947e+16  4.335e+14  1.668e+10
 143.8   170.00   170.00   170.00  9.963e+15  1.546e+14  1.991e+14  7.678e+15  1.752e+16  3.330e+14  1.668e+10
 146.2   170.00   170.00   170.00  7.485e+15  1.252e+14  1.655e+14  6.384e+15  1.576e+16  2.558e+14  1.668e+10
 148.8   170.00   170.00   170.00  5.623e+15  1.014e+14  1.376e+14  5.308e+15  1.419e+16  1.965e+14  1.668e+10
 151.2   170.00   170.00   170.00  4.225e+15  8.212e+13  1.144e+14  4.413e+15  1.277e+16  1.510e+14  1.668e+10
 153.8   170.00   170.00   170.00  3.174e+15  6.651e+13  9.513e+13  3.669e+15  1.149e+16  1.160e+14  1.668e+10
 156.2   170.00   170.00   170.00  2.385e+15  5.386e+13  7.910e+13  3.051e+15  1.034e+16  8.912e+13  1.668e+10
 158.8   170.00   170.00   170.00  1.792e+15  4.362e+13  6.577e+13  2.537e+15  9.304e+15  6.847e+13  1.668e+10
 161.2   170.00   170.00   170.00  1.346e+15  3.533e+13  5.469e+13  2.110e+15  8.373e+15  5.260e+13  1.668e+10
 163.8   170.00   170.00   170.00  1.012e+15  2.861e+13  4.548e+13  1.754e+15  7.536e+15  4.042e+13  1.668e+10
 166.2   170.00   170.00   170.00  7.601e+14  2.317e+13  3.782e+13  1.459e+15  6.782e+15  3.105e+13  1.668e+10
 168.8   170.00   170.00   170.00  5.712e+14  1.877e+13  3.145e+13  1.213e+15  6.103e+15  2.386e+13  1.668e+10
 171.2   170.00   170.00   170.00  4.292e+14  1.520e+13  2.615e+13  1.009e+15  5.493e+15  1.833e+13  1.668e+10
 173.8   170.00   170.00   170.00  3.225e+14  1.231e+13  2.175e+13  8.388e+14  4.943e+15  1.409e+13  1.668e+10
 176.2   170.00   170.00   170.00  2.424e+14  9.973e+12  1.808e+13  6.976e+14  4.449e+15  1.082e+13  1.668e+10
 178.8   170.00   170.00   170.00  1.822e+14  8.078e+12  1.504e+13  5.801e+14  4.004e+15  8.318e+12  1.668e+10
 181.2   170.00   170.00   170.00  1.369e+14  6.544e+12  1.251e+13  4.824e+14  3.604e+15  6.392e+12  1.668e+10
 183.8   170.00   170.00   170.00  1.029e+14  5.300e+12  1.040e+13  4.012e+14  3.243e+15  4.912e+12  1.668e+10
 186.2   170.00   170.00   170.00  7.732e+13  4.294e+12  8.650e+12  3.337e+14  2.919e+15  3.775e+12  1.668e+10
 188.8   170.00   170.00   170.00  5.811e+13  3.478e+12  7.194e+12  2.775e+14  2.627e+15  2.901e+12  1.668e+10
 191.2   170.00   170.00   170.00  4.368e+13  2.817e+12  5.983e+12  2.308e+14  2.365e+15  2.229e+12  1.668e+10
 193.8   170.00   170.00   170.00  3.283e+13  2.282e+12  4.976e+12  1.919e+14  2.128e+15  1.713e+12  1.668e+10
 196.2   170.00   170.00   170.00  2.467e+13  1.849e+12  4.139e+12  1.596e+14  1.916e+15  1.317e+12  1.668e+10
 198.8   170.00   170.00   170.00  1.855e+13  1.498e+12  3.442e+12  1.328e+14  1.724e+15  1.012e+12  1.668e+10
 201.2   170.00   170.00   170.00  1.394e+13  1.213e+12  2.863e+12  1.104e+14  1.552e+15  7.778e+11  1.668e+10
 203.8   170.00   170.00   170.00  1.048e+13  9.830e+11  2.381e+12  9.185e+13  1.397e+15  5.978e+11  1.668e+10
 206.2   170.00   170.00   170.00  7.877e+12  7.964e+11  1.981e+12  7.640e+13  1.257e+15  4.595e+11  1.668e+10
 208.8   170.00   170.00   170.00  5.921e+12  6.452e+11  1.647e+12  6.355e+13  1.132e+15  3.532e+11  1.668e+10
 211.2   170.00   170.00   170.00  4.451e+12  5.227e+11  1.370e+12  5.286e+13  1.019e+15  2.715e+11  1.668e+10
 213.8   170.00   170.00   170.00  3.346e+12  4.235e+11  1.140e+12  4.397e+13  9.168e+14  2.087e+11  1.668e+10
 216.2   170.00   170.00   170.00  2.516e+12  3.431e+11  9.481e+11  3.657e+13  8.252e+14  1.604e+11  1.668e+10
 218.8   170.00   170.00   170.00  1.891e+12  2.780e+11  7.887e+11  3.042e+13  7.428e+14  1.233e+11  1.668e+10
 221.2   170.00   170.00   170.00  1.422e+12  2.253e+11  6.560e+11  2.530e+13  6.686e+14  9.478e+10  1.668e+10
 223.8   170.00   170.00   170.00  1.069e+12  1.825e+11  5.457e+11  2.105e+13  6.019e+14  7.286e+10  1.668e+10
 226.2   170.00   170.00   170.00  8.038e+11  1.479e+11  4.540e+11  1.751e+13  5.418e+14  5.601e+10  1.668e+10
 228.8   170.00   170.00   170.00  6.043e+11  1.198e+11  3.777e+11  1.457e+13  4.877e+14  4.306e+10  1.668e+10
 231.2   170.00   170.00   170.00  4.544e+11  9.710e+10  3.142e+11  1.212e+13  4.390e+14  3.311e+10  1.668e+10
 233.8   170.00   170.00   170.00  3.417e+11  7.869e+10  2.614e+11  1.008e+13  3.952e+14  2.545e+10  1.668e+10
 236.2   170.00   170.00   170.00  2.569e+11  6.376e+10  2.174e+11  8.386e+12  3.557e+14  1.957e+10  1.668e+10
 238.8   170.00   170.00   170.00  1.932e+11  5.167e+10  1.809e+11  6.977e+12  3.202e+14  1.504e+10  1.668e+10
 241.2   170.00   170.00   170.00  1.453e+11  4.187e+10  1.505e+11  5.804e+12  2.883e+14  1.157e+10  1.668e+10
 243.8   170.00   170.00   170.00  1.092e+11  3.393e+10  1.252e+11  4.829e+12  2.595e+14  8.894e+09  1.668e+10
 246.2   170.00   170.00   170.00  8.214e+10  2.750e+10  1.042e+11  4.018e+12  2.336e+14  6.838e+09  1.668e+10
 248.8   170.00   170.00   170.00  6.177e+10  2.228e+10  8.666e+10  3.343e+12  2.103e+14  5.258e+09  1.668e+10
 251.2   170.00   170.00   170.00  4.646e+10  1.806e+10  7.210e+10  2.781e+12  1.893e+14  4.043e+09  1.668e+10
 253.8   170.00   170.00   170.00  3.494e+10  1.464e+10  5.999e+10  2.314e+12  1.704e+14  3.109e+09  1.668e+10
 256.2   170.00   170.00   170.00  2.628e+10  1.186e+10  4.991e+10  1.925e+12  1.534e+14  2.391e+09  1.668e+10
 258.8   170.00   170.00   170.00  1.976e+10  9.613e+09  4.153e+10  1.602e+12  1.381e+14  1.838e+09  1.668e+10
 261.2   170.00   170.00   170.00  1.486e+10  7.791e+09  3.455e+10  1.333e+12  1.243e+14  1.414e+09  1.668e+10
 263.8   170.00   170.00   170.00  1.118e+10  6.315e+09  2.875e+10  1.109e+12  1.119e+14  1.087e+09  1.668e+10
 266.2   170.00   170.00   170.00  8.408e+09  5.118e+09  2.392e+10  9.227e+11  1.008e+14  8.361e+08  1.668e+10
 268.8   170.00   170.00   170.00  6.325e+09  4.148e+09  1.991e+10  7.678e+11  9.074e+13  6.430e+08  1.668e+10
 271.2   170.00   170.00   170.00  4.757e+09  3.362e+09  1.656e+10  6.389e+11  8.169e+13  4.945e+08  1.668e+10
 273.8   170.00   170.00   170.00  3.578e+09  2.725e+09  1.378e+10  5.316e+11  7.354e+13  3.803e+08  1.668e+10
 276.2   170.00   170.00   170.00  2.692e+09  2.209e+09  1.147e+10  4.424e+11  6.621e+13  2.925e+08  1.668e+10
 278.8   170.00   170.00   170.00  2.025e+09  1.791e+09  9.544e+09  3.681e+11  5.961e+13  2.250e+08  1.668e+10
 281.2   170.00   170.00   170.00  1.523e+09  1.452e+09  7.942e+09  3.063e+11  5.367e+13  1.730e+08  1.668e+10
 283.8   170.00   170.00   170.00  1.146e+09  1.177e+09  6.609e+09  2.549e+11  4.832e+13  1.331e+08  1.668e+10
 286.2   170.00   170.00   170.00  8.620e+08  9.538e+08  5.500e+09  2.121e+11  4.351e+13  1.024e+08  1.668e+10
 288.8   170.00   170.00   170.00  6.485e+08  7.732e+08  4.577e+09  1.765e+11  3.917e+13  7.874e+07  1.668e+10
 291.2   170.00   170.00   170.00  4.879e+08  6.268e+08  3.809e+09  1.469e+11  3.527e+13  6.057e+07  1.668e+10
 293.8   170.00   170.00   170.00  3.671e+08  5.081e+08  3.170e+09  1.223e+11  3.176e+13  4.659e+07  1.668e+10
 296.2   170.00   170.00   170.00  2.762e+08  4.119e+08  2.638e+09  1.018e+11  2.859e+13  3.584e+07  1.668e+10
 298.8   170.00   170.00   170.00  2.078e+08  3.339e+08  2.196e+09  8.469e+10  2.574e+13  2.757e+07  1.668e+10
 301.2   170.00   170.00   170.00  1.563e+08  2.707e+08  1.827e+09  7.048e+10  2.318e+13  2.121e+07  1.668e+10
 303.8   170.00   170.00   170.00  1.176e+08  2.195e+08  1.521e+09  5.866e+10  2.087e+13  1.632e+07  1.668e+10
