 66.0   150.00   150.00   150.00  4.975e+23  6.411e+15  1.463e+18  1.366e+23  3.470e+18  2.079e+20  1.000e+06
 68.0   150.00   150.00   150.00  3.071e+23  4.594e+15  1.184e+18  8.039e+22  2.883e+18  1.194e+20  1.000e+06
 70.1   150.00   150.00   150.00  1.896e+23  3.292e+15  9.575e+17  4.731e+22  2.396e+18  6.858e+19  1.000e+06
 72.1   150.00   150.00   150.00  1.170e+23  2.359e+15  7.745e+17  2.785e+22  1.991e+18  3.938e+19  1.000e+06
 74.2   150.00   150.00   150.00  7.225e+22  1.691e+15  6.265e+17  1.639e+22  1.655e+18  2.262e+19  1.000e+06
 76.2   150.00   150.00   150.00  4.460e+22  1.212e+15  5.068e+17  9.645e+21  1.375e+18  1.299e+19  1.000e+06
 78.2   150.00   150.00   150.00  2.753e+22  8.683e+14  4.100e+17  5.677e+21  1.143e+18  7.459e+18  1.000e+06
 80.3   150.00   150.00   150.00  1.700e+22  6.223e+14  3.316e+17  3.341e+21  9.496e+17  4.284e+18  1.000e+06
 82.3   150.00   150.00   150.00  1.049e+22  4.459e+14  2.683e+17  1.966e+21  7.891e+17  2.460e+18  1.000e+06
 84.3   150.00   150.00   150.00  6.476e+21  3.196e+14  2.170e+17  1.157e+21  6.557e+17  1.413e+18  1.000e+06
 86.4   150.00   150.00   150.00  3.998e+21  2.290e+14  1.756e+17  6.811e+20  5.449e+17  8.114e+17  1.000e+06
 88.4   150.00   150.00   150.00  2.468e+21  1.641e+14  1.420e+17  4.009e+20  4.528e+17  4.660e+17  1.000e+06
 90.5   150.00   150.00   150.00  1.524e+21  1.176e+14  1.149e+17  2.359e+20  3.763e+17  2.676e+17  1.000e+06
 92.5   150.00   150.00   150.00  9.405e+20  8.428e+13  9.293e+16  1.389e+20  3.127e+17  1.537e+17  1.000e+06
 94.5   150.00   150.00   150.00  5.806e+20  6.040e+13  7.517e+16  8.172e+19  2.599e+17  8.826e+16  1.000e+06
 96.6   150.00   150.00   150.00  3.584e+20  4.328e+13  6.081e+16  4.810e+19  2.160e+17  5.069e+16  1.000e+06
 98.6   150.00   150.00   150.00  2.212e+20  3.102e+13  4.919e+16  2.831e+19  1.795e+17  2.911e+16  1.000e+06
100.6   150.00   150.00   150.00  1.366e+20  2.223e+13  3.979e+16  1.666e+19  1.491e+17  1.672e+16  1.000e+06
102.7   150.00   150.00   150.00  8.431e+19  1.593e+13  3.219e+16  9.805e+18  1.239e+17  9.600e+15  1.000e+06
104.7   150.00   150.00   150.00  5.205e+19  1.141e+13  2.604e+16  5.771e+18  1.030e+17  5.513e+15  1.000e+06
106.8   150.00   150.00   150.00  3.213e+19  8.180e+12  2.106e+16  3.396e+18  8.559e+16  3.166e+15  1.000e+06
108.8   150.00   150.00   150.00  1.983e+19  5.862e+12  1.704e+16  1.999e+18  7.112e+16  1.818e+15  1.000e+06
110.8   150.00   150.00   150.00  1.224e+19  4.201e+12  1.378e+16  1.176e+18  5.910e+16  1.044e+15  1.000e+06
112.9   150.00   150.00   150.00  7.558e+18  3.010e+12  1.115e+16  6.924e+17  4.912e+16  5.997e+14  1.000e+06
114.9   150.00   150.00   150.00  4.666e+18  2.157e+12  9.020e+15  4.075e+17  4.082e+16  3.444e+14  1.000e+06
116.9   150.00   150.00   150.00  2.880e+18  1.546e+12  7.296e+15  2.398e+17  3.392e+16  1.978e+14  1.000e+06
119.0   150.00   150.00   150.00  1.778e+18  1.108e+12  5.902e+15  1.412e+17  2.819e+16  1.136e+14  1.000e+06
121.0   150.00   150.00   150.00  1.098e+18  7.939e+11  4.774e+15  8.308e+16  2.342e+16  6.523e+13  1.000e+06
123.1   150.00   150.00   150.00  6.775e+17  5.690e+11  3.862e+15  4.890e+16  1.946e+16  3.746e+13  1.000e+06
125.1   150.00   150.00   150.00  4.182e+17  4.077e+11  3.124e+15  2.878e+16  1.618e+16  2.151e+13  1.000e+06
127.1   150.00   150.00   150.00  2.582e+17  2.922e+11  2.527e+15  1.694e+16  1.344e+16  1.236e+13  1.000e+06
129.2   150.00   150.00   150.00  1.594e+17  2.094e+11  2.044e+15  9.968e+15  1.117e+16  7.096e+12  1.000e+06
131.2   150.00   150.00   150.00  9.839e+16  1.501e+11  1.654e+15  5.867e+15  9.283e+15  4.075e+12  1.000e+06
133.2   150.00   150.00   150.00  6.074e+16  1.075e+11  1.338e+15  3.453e+15  7.714e+15  2.340e+12  1.000e+06
135.3   150.00   150.00   150.00  3.749e+16  7.706e+10  1.082e+15  2.032e+15  6.410e+15  1.344e+12  1.000e+06
137.3   150.00   150.00   150.00  2.315e+16  5.522e+10  8.754e+14  1.196e+15  5.327e+15  7.718e+11  1.000e+06
139.4   150.00   150.00   150.00  1.429e+16  3.957e+10  7.082e+14  7.039e+14  4.427e+15  4.433e+11  1.000e+06
141.4   150.00   150.00   150.00  8.820e+15  2.836e+10  5.729e+14  4.143e+14  3.679e+15  2.546e+11  1.000e+06
143.4   150.00   150.00   150.00  5.445e+15  2.032e+10  4.634e+14  2.438e+14  3.057e+15  1.462e+11  1.000e+06
145.5   150.00   150.00   150.00  3.361e+15  1.456e+10  3.749e+14  1.435e+14  2.540e+15  8.395e+10  1.000e+06
147.5   150.00   150.00   150.00  2.075e+15  1.044e+10  3.032e+14  8.446e+13  2.111e+15  4.821e+10  1.000e+06
149.5   150.00   150.00   150.00  1.281e+15  7.479e+09  2.453e+14  4.971e+13  1.754e+15  2.769e+10  1.000e+06
151.6   150.00   150.00   150.00  7.907e+14  5.360e+09  1.984e+14  2.926e+13  1.458e+15  1.590e+10  1.000e+06
153.6   150.00   150.00   150.00  4.881e+14  3.841e+09  1.605e+14  1.722e+13  1.212e+15  9.132e+09  1.000e+06
155.7   150.00   150.00   150.00  3.013e+14  2.753e+09  1.298e+14  1.013e+13  1.007e+15  5.244e+09  1.000e+06
157.7   150.00   150.00   150.00  1.860e+14  1.973e+09  1.050e+14  5.964e+12  8.367e+14  3.012e+09  1.000e+06
159.7   150.00   150.00   150.00  1.148e+14  1.414e+09  8.497e+13  3.510e+12  6.953e+14  1.730e+09  1.000e+06
161.8   150.00   150.00   150.00  7.088e+13  1.013e+09  6.873e+13  2.066e+12  5.778e+14  9.933e+08  1.000e+06
163.8   150.00   150.00   150.00  4.375e+13  7.259e+08  5.560e+13  1.216e+12  4.801e+14  5.705e+08  1.000e+06
165.8   150.00   150.00   150.00  2.701e+13  5.202e+08  4.498e+13  7.156e+11  3.990e+14  3.276e+08  1.000e+06
167.9   150.00   150.00   150.00  1.667e+13  3.728e+08  3.638e+13  4.212e+11  3.316e+14  1.881e+08  1.000e+06
169.9   150.00   150.00   150.00  1.029e+13  2.672e+08  2.943e+13  2.479e+11  2.755e+14  1.080e+08  1.000e+06
172.0   150.00   150.00   150.00  6.354e+12  1.915e+08  2.381e+13  1.459e+11  2.290e+14  6.205e+07  1.000e+06
174.0   150.00   150.00   150.00  3.922e+12  1.372e+08  1.926e+13  8.586e+10  1.903e+14  3.564e+07  1.000e+06
