  175.2812  1.028e+08
  175.2964  9.079e+07
  175.3092  8.064e+07
  175.3195  7.226e+07
  175.3277  6.550e+07
  175.3340  6.018e+07
  175.3383  5.614e+07
  175.3413  5.325e+07
  175.3427  5.133e+07
  175.3430  5.023e+07
  175.3425  4.978e+07
  175.3410  4.985e+07
  175.3389  5.025e+07
  175.3365  5.079e+07
  175.3338  5.139e+07
  175.3312  5.203e+07
  175.3288  5.277e+07
  175.3268  5.363e+07
  175.3252  5.466e+07
  175.3246  5.588e+07
  175.3250  5.735e+07
  175.3266  5.912e+07
  175.3297  6.121e+07
  175.3335  6.369e+07
  175.3394  6.664e+07
  175.3501  7.019e+07
  175.3695  7.446e+07
  175.4012  7.958e+07
  175.4498  8.567e+07
  175.5203  9.292e+07
  175.6184  1.016e+08
  175.7478  1.120e+08
  175.9044  1.244e+08
  176.0776  1.393e+08
  176.2732  1.571e+08
  176.5168  1.783e+08
  176.8414  2.038e+08
  177.2745  2.343e+08
  177.8387  2.706e+08
  178.6146  3.137e+08
  179.7393  3.646e+08
  181.4002  4.245e+08
  183.8381  4.946e+08
  187.3450  5.760e+08
  192.2303  6.696e+08
  198.8131  7.762e+08
  207.4830  8.961e+08
  218.8025  1.029e+09
  233.4833  1.177e+09
  251.8253  1.337e+09
  273.7542  1.508e+09
  298.8542  1.689e+09
  326.2982  1.875e+09
  354.8413  2.067e+09
  383.4891  2.261e+09
  411.4259  2.453e+09
  438.1553  2.640e+09
  463.8887  2.819e+09
  489.5069  2.990e+09
  514.5219  3.149e+09
  536.0978  3.297e+09
  553.0813  3.430e+09
  572.0762  3.549e+09
  606.4995  3.655e+09
  648.7123  3.747e+09
  656.4797  3.828e+09
  608.0719  3.896e+09
  577.1404  3.953e+09
  719.6644  4.002e+09
 1037.8630  4.042e+09
 1385.1575  4.076e+09
 1557.3900  4.103e+09
 1571.5640  4.125e+09
 1558.3602  4.142e+09
 1576.2290  4.155e+09
 1596.0826  4.166e+09
 1573.4198  4.174e+09
 1516.7231  4.181e+09
 1470.2849  4.186e+09
 1457.6582  4.190e+09
 1480.2402  4.193e+09
 1530.2102  4.194e+09
 1598.2067  4.196e+09
 1670.7919  4.197e+09
 1737.9410  4.199e+09
 1792.6835  4.199e+09
 1830.8019  4.199e+09
 1851.2075  4.199e+09
 1855.9813  4.199e+09
 1852.5427  4.199e+09
 1856.2087  4.200e+09
 1880.0487  4.200e+09
 1924.3364  4.200e+09
 1978.5525  4.200e+09
 2032.1360  4.200e+09
 2072.6433  4.200e+09
 2091.3818  4.200e+09
 2091.8098  4.200e+09
 2087.9871  4.200e+09
 2087.0474  4.200e+09
 2088.2876  4.200e+09
 2088.9290  4.200e+09
 2088.6562  4.200e+09
 2088.5496  4.200e+09
