      374.150      295.102      219.706      264.319      283.034      270.670
      249.689      242.849      250.920      251.572      241.837      234.042
      214.615      171.844      131.829      126.440      154.053      185.478
      202.292      210.716      217.863      250.085      351.921      621.594
      345.187      260.754      210.071      257.262      279.169      268.787
      249.453      244.448      248.164      237.193      211.345      183.672
      153.481      118.868      91.3957      92.1344      126.374      165.192
      185.619      198.423      213.990      257.298      361.325      624.345
      297.682      205.883      192.479      239.225      269.373      267.635
      252.560      248.653      249.049      230.637      192.252      147.984
      111.210      88.0886      74.9111      79.9559      114.166      154.646
      177.846      194.903      215.264      265.380      367.225      623.829
      255.606      159.201      181.142      226.482      264.518      276.956
      269.518      263.019      258.527      237.670      195.808      145.507
      104.572      83.7064      77.4825      84.5257      112.558      150.257
      178.539      201.218      222.889      275.713      385.268      634.975
      237.669      140.442      177.852      219.836      262.959      292.245
      296.715      288.620      279.969      259.525      220.095      172.001
      130.540      109.496      108.234      115.138      132.073      162.597
      193.013      217.695      236.895      287.172      420.513      664.563
      235.405      138.154      175.993      214.142      259.305      299.562
      315.732      313.625      304.801      282.620      246.916      210.184
      180.128      166.810      170.301      171.853      175.868      196.978
      221.185      239.144      251.179      295.393      448.055      689.209
      234.588      136.004      173.034      210.160      254.554      296.536
      320.421      326.342      314.860      288.622      261.814      243.613
      230.951      226.804      229.962      223.601      217.800      230.817
      247.584      257.217      259.750      300.023      453.782      692.164
      232.062      130.630      168.107      206.000      248.423      289.348
      317.285      322.952      303.294      278.344      268.064      269.896
      273.829      272.532      263.874      247.937      238.767      249.011
      264.666      271.348      265.330      308.042      474.341      704.806
      229.505      124.723      162.050      199.776      238.349      276.159
      302.822      303.325      281.227      265.463      270.190      288.741
      309.821      308.437      280.351      252.401      244.883      258.118
      275.680      281.991      271.249      320.895      520.293      739.195
      228.308      121.116      158.233      194.593      224.368      251.032
      270.847      272.480      260.663      255.262      265.914      292.940
      324.118      323.977      288.049      254.968      247.182      259.549
      276.767      284.404      274.738      328.593      542.660      755.735
      229.264      122.123      159.617      193.983      211.924      222.653
      235.092      244.176      246.195      247.079      257.282      282.733
      310.154      311.221      284.396      256.693      244.100      249.091
      266.757      280.296      275.717      330.041      533.323      746.533
      232.058      127.689      165.501      197.847      207.993      208.468
      217.378      232.739      242.688      246.163      253.269      268.800
      283.111      282.506      267.121      246.747      229.899      229.970
      251.988      273.801      276.042      332.330      528.088      740.878
      236.846      135.504      171.452      203.814      212.621      209.375
      216.923      235.175      247.628      251.119      254.439      260.260
      262.941      254.933      237.844      219.562      205.138      207.303
      233.153      260.728      271.448      331.980      531.595      745.079
      243.428      142.168      171.929      206.904      218.808      215.212
      221.943      240.930      251.950      251.125      248.552      248.991
      248.760      231.928      199.838      178.125      173.401      183.646
      211.974      242.412      260.871      324.481      527.705      746.042
      248.493      144.375      165.552      202.805      221.700      224.143
      232.737      250.211      256.513      247.549      232.808      221.443
      221.501      212.786      181.055      156.025      153.794      169.092
      200.524      231.453      251.612      313.023      511.529      737.716
      250.329      143.325      158.075      196.221      223.394      235.303
      246.126      257.996      257.961      242.594      213.736      183.017
      178.410      192.466      187.134      165.297      155.882      171.001
      204.744      232.992      247.841      303.095      494.750      727.880
      252.200      144.760      156.664      195.989      227.739      243.570
      252.399      255.920      248.898      228.547      188.970      145.091
      133.040      154.133      166.902      157.078      156.387      181.328
      217.633      241.133      247.184      294.777      484.279      722.770
      257.232      152.352      162.915      203.954      236.082      249.451
      252.206      249.036      237.676      211.007      162.551      115.434
      98.4333      105.539      112.350      116.420      140.956      185.134
      226.006      246.485      244.842      278.387      470.565      721.417
      264.258      163.565      172.795      215.134      245.902      254.593
      249.490      241.622      229.626      198.598      145.340      100.299
      82.1237      76.1089      72.3059      81.8506      119.959      174.141
      218.746      240.033      235.360      255.582      463.392      730.575
      269.989      173.204      181.098      223.136      251.719      255.918
      244.778      233.685      218.879      182.564      130.854      94.7713
      80.8185      71.7667      64.0397      70.7179      103.819      153.748
      198.588      222.797      219.422      241.637      481.223      754.085
      274.284      179.917      184.637      224.430      251.220      253.110
      240.524      228.645      206.616      160.818      113.573      91.7646
      86.4384      80.1432      72.3524      72.5754      91.6469      129.254
      171.898      201.184      204.453      239.925      508.148      776.828
      280.315      186.782      184.325      221.413      247.463      249.239
      237.697      226.608      199.410      146.913      103.100      91.3247
      92.8352      90.1371      82.7567      76.5066      82.0542      106.713
      145.559      180.335      194.802      245.102      516.484      778.529
      291.125      198.990      185.117      219.581      245.005      246.326
      233.794      223.528      199.463      149.246      105.970      94.3541
      96.2396      93.8153      85.7481      76.8626      77.4381      96.2089
      131.582      169.137      193.139      254.561      501.819      756.634
      306.630      218.715      190.398      221.571      246.509      246.071
      229.509      218.239      202.938      163.220      119.650      100.784
      97.5779      92.2435      82.2931      73.6275      75.8353      95.4438
      129.751      169.376      200.455      271.223      499.666      743.502
      320.712      237.790      196.846      224.665      248.872      246.963
      228.128      216.370      210.424      183.313      138.755      108.951
      98.9908      91.2616      79.3786      70.4669      74.0672      94.4049
      128.071      169.521      206.448      287.258      519.875      752.408
      327.878      248.591      200.374      224.304      247.505      245.302
      228.337      222.938      229.993      213.444      164.846      120.493
      100.431      90.4201      77.7986      67.8305      70.3385      89.8164
      124.486      167.193      204.203      279.199      496.489      735.951
      325.354      247.501      200.715      221.840      245.385      243.919
      229.384      234.597      256.622      249.295      200.335      143.124
      106.333      88.8199      75.2827      64.2382      65.4460      87.7135
      130.928      178.069      208.321      255.080      418.604      681.317
      314.159      232.997      197.769      222.212      246.946      247.275
      233.946      242.822      270.646      273.028      233.938      172.753
      121.858      96.4538      81.1371      67.8593      68.6581      97.9666
      153.752      207.278      230.236      248.554      362.847      639.498
      309.948      224.748      194.582      224.706      252.209      256.305
      245.004      249.160      272.261      283.943      258.077      200.715
      151.835      131.049      117.274      101.607      100.730      130.750
      187.328      241.330      260.880      263.769      354.051      628.900
      315.564      229.371      192.464      227.516      265.549      277.266
      267.608      266.079      282.493      298.127      282.372      236.058
      200.769      191.739      186.144      175.546      173.480      193.444
      234.132      276.296      289.406      282.224      354.208      623.328
      314.438      225.640      187.322      230.866      286.498      308.565
      296.637      288.849      300.157      315.261      309.409      279.189
      254.091      250.742      255.893      255.845      254.256      265.347
      289.918      311.523      308.665      293.525      349.824      614.560
      313.241      220.396      180.618      230.013      295.627      324.971
      311.175      297.341      305.968      322.998      327.934      313.770
      296.430      294.149      303.041      304.069      296.700      303.076
      322.518      330.674      314.317      297.771      351.839      612.983
      328.601      234.394      177.795      224.514      284.378      312.120
      300.832      287.787      298.433      319.205      330.980      331.555
      326.756      323.539      324.553      317.025      300.036      299.758
      317.677      325.677      308.845      295.313      351.939      612.742
      355.257      264.375      184.204      225.516      271.687      288.654
      278.543      271.564      285.754      306.406      319.248      329.200
      333.108      323.104      309.490      296.584      281.773      279.650
      293.578      303.103      291.535      283.349      340.181      605.658
      376.573      292.959      200.091      238.069      270.593      273.661
      259.772      255.583      270.464      287.784      297.857      308.012
      308.508      285.555      257.419      244.932      244.643      250.891
      261.645      268.343      261.218      263.973      330.266      602.091
      383.041      304.601      215.091      254.627      277.252      269.732
      250.841      244.912      257.521      268.897      271.882      276.277
      267.417      230.429      191.446      181.549      197.072      216.343
      228.424      233.671      232.212      249.973      336.684      610.676
