 485.0  2.025e-01  2.844e-02
 495.0  1.924e-01  3.455e-02
 505.0  1.824e-01  4.057e-02
 515.0  1.725e-01  4.645e-02
 525.0  1.626e-01  5.229e-02
 535.0  1.525e-01  5.842e-02
 545.0  1.424e-01  6.498e-02
 555.0  1.321e-01  7.127e-02
 565.0  1.211e-01  7.592e-02
 575.0  1.135e-01  7.830e-02
 585.0  1.197e-01  7.853e-02
 595.0  1.470e-01  7.739e-02
 605.0  1.877e-01  7.676e-02
 615.0  2.211e-01  7.961e-02
 625.0  2.370e-01  8.591e-02
 635.0  2.377e-01  9.227e-02
 645.0  2.300e-01  9.478e-02
 655.0  2.201e-01  9.308e-02
 665.0  2.158e-01  8.918e-02
 675.0  2.208e-01  8.422e-02
 685.0  2.342e-01  7.829e-02
 695.0  2.535e-01  7.134e-02
 705.0  2.781e-01  6.381e-02
 715.0  3.080e-01  5.647e-02
 725.0  3.406e-01  4.977e-02
 735.0  3.714e-01  4.382e-02
 745.0  3.943e-01  3.860e-02
 755.0  4.035e-01  3.410e-02
 765.0  3.925e-01  3.034e-02
 775.0  3.610e-01  2.740e-02
 785.0  3.161e-01  2.543e-02
 795.0  2.665e-01  2.469e-02
 805.0  2.188e-01  2.562e-02
 815.0  1.784e-01  2.885e-02
 825.0  1.480e-01  3.463e-02
 835.0  1.262e-01  4.293e-02
 845.0  1.113e-01  5.344e-02
 855.0  1.018e-01  6.572e-02
 865.0  9.708e-02  7.915e-02
 875.0  9.661e-02  9.299e-02
 885.0  1.005e-01  1.064e-01
 895.0  1.090e-01  1.188e-01
 905.0  1.220e-01  1.293e-01
 915.0  1.389e-01  1.378e-01
 925.0  1.588e-01  1.439e-01
 935.0  1.794e-01  1.478e-01
 945.0  1.984e-01  1.497e-01
 955.0  2.149e-01  1.500e-01
 965.0  2.281e-01  1.497e-01
 975.0  2.380e-01  1.491e-01
 985.0  2.452e-01  1.485e-01
 995.0  2.503e-01  1.478e-01
1005.0  2.535e-01  1.472e-01
1015.0  2.546e-01  1.466e-01
1025.0  2.541e-01  1.463e-01
1035.0  2.532e-01  1.461e-01
1045.0  2.528e-01  1.461e-01
1055.0  2.530e-01  1.463e-01
1065.0  2.529e-01  1.464e-01
1075.0  2.521e-01  1.468e-01
1085.0  2.512e-01  1.480e-01
1095.0  2.505e-01  1.506e-01
1105.0  2.500e-01  1.543e-01
1115.0  2.487e-01  1.582e-01
1125.0  2.464e-01  1.623e-01
1135.0  2.441e-01  1.675e-01
1145.0  2.426e-01  1.747e-01
1155.0  2.420e-01  1.841e-01
1165.0  2.413e-01  1.947e-01
1175.0  2.405e-01  2.055e-01
1185.0  2.398e-01  2.152e-01
1195.0  2.394e-01  2.229e-01
1205.0  2.387e-01  2.282e-01
1215.0  2.365e-01  2.312e-01
1225.0  2.326e-01  2.322e-01
1235.0  2.288e-01  2.323e-01
1245.0  2.264e-01  2.319e-01
1255.0  2.247e-01  2.308e-01
1265.0  2.217e-01  2.273e-01
1275.0  2.166e-01  2.213e-01
1285.0  2.107e-01  2.143e-01
1295.0  2.055e-01  2.076e-01
1305.0  2.011e-01  2.017e-01
1315.0  1.966e-01  1.957e-01
1325.0  1.915e-01  1.894e-01
1335.0  1.860e-01  1.830e-01
1345.0  1.801e-01  1.771e-01
1355.0  1.741e-01  1.717e-01
1365.0  1.686e-01  1.669e-01
1375.0  1.635e-01  1.626e-01
1385.0  1.592e-01  1.590e-01
1395.0  1.559e-01  1.562e-01
1405.0  1.536e-01  1.541e-01
1415.0  1.522e-01  1.520e-01
1425.0  1.514e-01  1.498e-01
1435.0  1.507e-01  1.474e-01
1445.0  1.498e-01  1.452e-01
1455.0  1.484e-01  1.430e-01
1465.0  1.470e-01  1.407e-01
1475.0  1.454e-01  1.385e-01
1485.0  1.438e-01  1.362e-01
1495.0  1.418e-01  1.335e-01
1505.0  1.394e-01  1.298e-01
1515.0  1.358e-01  1.239e-01
