 485.00 160.0000  1.993e+09  1.499e+11  1.324e-02  4.104e-03  9.731e+00  1.295e+05  1.452e+12  3.544e+08  2.735e+03  8.576e+13  5.786e+08  2.493e-01
 495.00 160.0000  1.809e+09  1.257e+11  1.581e-02  4.881e-03  1.066e+01  1.348e+05  1.224e+12  3.371e+08  2.144e+03  7.155e+13  5.071e+08  2.234e-01
 505.00 160.0000  1.642e+09  1.054e+11  1.886e-02  5.804e-03  1.167e+01  1.401e+05  1.031e+12  3.206e+08  1.681e+03  5.969e+13  4.444e+08  2.002e-01
 515.00 160.0000  1.490e+09  8.841e+10  2.249e-02  6.898e-03  1.277e+01  1.455e+05  8.691e+11  3.049e+08  1.319e+03  4.980e+13  3.894e+08  1.794e-01
 525.00 159.9999  1.352e+09  7.416e+10  2.682e-02  8.197e-03  1.397e+01  1.511e+05  7.326e+11  2.899e+08  1.035e+03  4.155e+13  3.412e+08  1.606e-01
 535.00 160.0002  1.228e+09  6.220e+10  3.203e-02  9.754e-03  1.531e+01  1.573e+05  6.172e+11  2.758e+08  8.105e+02  3.467e+13  2.991e+08  1.440e-01
 545.00 159.9998  1.114e+09  5.216e+10  3.833e-02  1.163e-02  1.682e+01  1.643e+05  5.200e+11  2.625e+08  6.334e+02  2.893e+13  2.623e+08  1.294e-01
 555.00 159.9995  1.011e+09  4.374e+10  4.581e-02  1.385e-02  1.845e+01  1.713e+05  4.382e+11  2.497e+08  4.958e+02  2.414e+13  2.300e+08  1.160e-01
 565.00 160.0040  9.183e+08  3.670e+10  5.430e-02  1.634e-02  2.004e+01  1.760e+05  3.696e+11  2.372e+08  3.918e+02  2.014e+13  2.012e+08  1.035e-01
 575.00 159.9848  8.339e+08  3.079e+10  6.413e-02  1.920e-02  2.169e+01  1.799e+05  3.119e+11  2.251e+08  3.108e+02  1.681e+13  1.759e+08  9.214e-02
 585.00 160.0385  7.567e+08  2.581e+10  7.707e-02  2.302e-02  2.394e+01  1.892e+05  2.626e+11  2.144e+08  2.417e+02  1.402e+13  1.544e+08  8.294e-02
 595.00 159.9540  6.856e+08  2.161e+10  9.624e-02  2.877e-02  2.756e+01  2.116e+05  2.201e+11  2.056e+08  1.803e+02  1.169e+13  1.366e+08  7.639e-02
 605.00 159.1653  6.207e+08  1.809e+10  1.255e-01  3.768e-02  3.323e+01  2.512e+05  1.838e+11  1.986e+08  1.286e+02  9.756e+12  1.217e+08  7.170e-02
 615.00 157.8177  5.626e+08  1.515e+10  1.697e-01  5.117e-02  4.155e+01  3.082e+05  1.534e+11  1.925e+08  8.901e+01  8.143e+12  1.089e+08  6.742e-02
 625.00 156.3807  5.109e+08  1.271e+10  2.359e-01  7.133e-02  5.332e+01  3.841e+05  1.282e+11  1.870e+08  6.034e+01  6.800e+12  9.786e+07  6.292e-02
 635.00 154.9895  4.648e+08  1.067e+10  3.327e-01  1.008e-01  6.930e+01  4.834e+05  1.072e+11  1.818e+08  4.027e+01  5.684e+12  8.822e+07  5.822e-02
 645.00 153.5916  4.236e+08  8.961e+09  4.710e-01  1.429e-01  9.028e+01  6.128e+05  8.968e+10  1.770e+08  2.655e+01  4.754e+12  7.983e+07  5.353e-02
 655.00 152.2878  3.866e+08  7.537e+09  6.696e-01  2.027e-01  1.176e+02  7.797e+05  7.509e+10  1.726e+08  1.737e+01  3.977e+12  7.253e+07  4.897e-02
 665.00 151.2157  3.532e+08  6.345e+09  9.663e-01  2.892e-01  1.540e+02  9.927e+05  6.291e+10  1.681e+08  1.135e+01  3.331e+12  6.614e+07  4.468e-02
 675.00 150.4299  3.232e+08  5.350e+09  1.420e+00  4.151e-01  2.028e+02  1.259e+06  5.276e+10  1.637e+08  7.445e+00  2.792e+12  6.049e+07  4.073e-02
 685.00 149.8890  2.960e+08  4.516e+09  2.114e+00  5.957e-01  2.670e+02  1.582e+06  4.428e+10  1.592e+08  4.933e+00  2.341e+12  5.548e+07  3.713e-02
 695.00 149.5194  2.713e+08  3.817e+09  3.166e+00  8.488e-01  3.490e+02  1.965e+06  3.718e+10  1.545e+08  3.318e+00  1.965e+12  5.103e+07  3.389e-02
 705.00 149.2671  2.488e+08  3.231e+09  4.723e+00  1.194e+00  4.506e+02  2.394e+06  3.125e+10  1.497e+08  2.276e+00  1.650e+12  4.707e+07  3.096e-02
 715.00 149.0822  2.281e+08  2.739e+09  6.928e+00  1.653e+00  5.724e+02  2.849e+06  2.629e+10  1.446e+08  1.595e+00  1.386e+12  4.352e+07  2.825e-02
 725.00 148.9351  2.090e+08  2.324e+09  9.918e+00  2.244e+00  7.142e+02  3.305e+06  2.214e+10  1.393e+08  1.148e+00  1.166e+12  4.033e+07  2.579e-02
 735.00 148.8209  1.913e+08  1.975e+09  1.381e+01  2.988e+00  8.757e+02  3.730e+06  1.867e+10  1.336e+08  8.561e-01  9.815e+11  3.746e+07  2.376e-02
 745.00 148.7423  1.746e+08  1.680e+09  1.868e+01  3.903e+00  1.057e+03  4.097e+06  1.575e+10  1.275e+08  6.645e-01  8.265e+11  3.485e+07  2.220e-02
 755.00 148.6931  1.589e+08  1.429e+09  2.454e+01  4.998e+00  1.254e+03  4.387e+06  1.331e+10  1.211e+08  5.274e-01  6.965e+11  3.248e+07  2.076e-02
 765.00 148.6626  1.442e+08  1.218e+09  3.128e+01  6.256e+00  1.461e+03  4.588e+06  1.125e+10  1.144e+08  4.116e-01  5.874e+11  3.033e+07  1.876e-02
 775.00 148.6436  1.304e+08  1.040e+09  3.874e+01  7.653e+00  1.670e+03  4.694e+06  9.524e+09  1.074e+08  3.475e-01  4.957e+11  2.837e+07  1.812e-02
 785.00 148.6320  1.174e+08  8.874e+08  4.681e+01  9.173e+00  1.879e+03  4.707e+06  8.070e+09  1.003e+08  4.245e-01  4.188e+11  2.658e+07  2.506e-02
 795.00 148.6257  1.052e+08  7.580e+08  5.539e+01  1.080e+01  2.086e+03  4.633e+06  6.850e+09  9.317e+07  9.502e-01  3.540e+11  2.493e+07  6.284e-02
 805.00 148.6227  9.398e+07  6.478e+08  6.424e+01  1.249e+01  2.286e+03  4.481e+06  5.823e+09  8.602e+07  3.564e+00  2.994e+11  2.341e+07  2.606e-01
 815.00 148.6212  8.359e+07  5.539e+08  7.297e+01  1.417e+01  2.468e+03  4.260e+06  4.959e+09  7.899e+07  1.555e+01  2.534e+11  2.202e+07  1.232e+00
 825.00 148.6205  7.408e+07  4.739e+08  8.127e+01  1.577e+01  2.629e+03  3.983e+06  4.230e+09  7.216e+07  6.381e+01  2.147e+11  2.074e+07  5.362e+00
 835.00 148.6202  6.542e+07  4.056e+08  8.907e+01  1.729e+01  2.770e+03  3.662e+06  3.614e+09  6.561e+07  2.353e+02  1.820e+11  1.954e+07  2.057e+01
 845.00 148.6201  5.757e+07  3.473e+08  9.640e+01  1.873e+01  2.894e+03  3.308e+06  3.094e+09  5.937e+07  7.877e+02  1.544e+11  1.844e+07  7.058e+01
 855.00 148.6200  5.052e+07  2.975e+08  1.031e+02  2.005e+01  2.999e+03  2.933e+06  2.653e+09  5.350e+07  2.377e+03  1.310e+11  1.740e+07  2.147e+02
 865.00 148.6200  4.421e+07  2.548e+08  1.089e+02  2.115e+01  3.073e+03  2.547e+06  2.281e+09  4.802e+07  6.423e+03  1.114e+11  1.641e+07  5.734e+02
 875.00 148.6200  3.860e+07  2.184e+08  1.133e+02  2.196e+01  3.110e+03  2.163e+06  1.964e+09  4.295e+07  1.552e+04  9.472e+10  1.547e+07  1.339e+03
 885.00 148.6200  3.363e+07  1.873e+08  1.166e+02  2.243e+01  3.103e+03  1.794e+06  1.695e+09  3.831e+07  3.360e+04  8.061e+10  1.458e+07  2.733e+03
 895.00 148.6200  2.925e+07  1.606e+08  1.186e+02  2.254e+01  3.055e+03  1.452e+06  1.466e+09  3.407e+07  6.546e+04  6.865e+10  1.371e+07  4.901e+03
 905.00 148.6200  2.541e+07  1.378e+08  1.196e+02  2.236e+01  2.977e+03  1.146e+06  1.272e+09  3.025e+07  1.156e+05  5.851e+10  1.286e+07  7.778e+03
 915.00 148.6200  2.204e+07  1.183e+08  1.200e+02  2.206e+01  2.890e+03  8.835e+05  1.106e+09  2.683e+07  1.874e+05  4.991e+10  1.203e+07  1.106e+04
 925.00 148.6200  1.910e+07  1.016e+08  1.202e+02  2.175e+01  2.810e+03  6.682e+05  9.647e+08  2.379e+07  2.811e+05  4.260e+10  1.124e+07  1.430e+04
 935.00 148.6200  1.655e+07  8.733e+07  1.202e+02  2.153e+01  2.745e+03  5.000e+05  8.446e+08  2.109e+07  3.933e+05  3.638e+10  1.046e+07  1.711e+04
 945.00 148.6200  1.433e+07  7.508e+07  1.204e+02  2.144e+01  2.702e+03  3.738e+05  7.416e+08  1.868e+07  5.170e+05  3.110e+10  9.684e+06  1.924e+04
 955.00 148.6200  1.240e+07  6.457e+07  1.210e+02  2.153e+01  2.688e+03  2.817e+05  6.531e+08  1.654e+07  6.438e+05  2.660e+10  8.932e+06  2.069e+04
 965.00 148.6200  1.074e+07  5.557e+07  1.220e+02  2.186e+01  2.706e+03  2.160e+05  5.771e+08  1.464e+07  7.666e+05  2.278e+10  8.202e+06  2.167e+04
 975.00 148.6200  9.293e+06  4.784e+07  1.236e+02  2.245e+01  2.760e+03  1.697e+05  5.116e+08  1.297e+07  8.801e+05  1.952e+10  7.499e+06  2.242e+04
 985.00 148.6200  8.044e+06  4.120e+07  1.256e+02  2.329e+01  2.846e+03  1.369e+05  4.549e+08  1.148e+07  9.802e+05  1.674e+10  6.830e+06  2.312e+04
 995.00 148.6200  6.964e+06  3.552e+07  1.278e+02  2.437e+01  2.962e+03  1.136e+05  4.058e+08  1.015e+07  1.065e+06  1.436e+10  6.198e+06  2.392e+04
1005.00 148.6200  6.031e+06  3.064e+07  1.303e+02  2.565e+01  3.109e+03  9.694e+04  3.631e+08  8.966e+06  1.134e+06  1.233e+10  5.607e+06  2.491e+04
1015.00 148.6200  5.225e+06  2.645e+07  1.334e+02  2.714e+01  3.285e+03  8.479e+04  3.256e+08  7.917e+06  1.186e+06  1.060e+10  5.056e+06  2.613e+04
1025.00 148.6200  4.528e+06  2.286e+07  1.370e+02  2.882e+01  3.493e+03  7.577e+04  2.928e+08  6.987e+06  1.222e+06  9.119e+09  4.547e+06  2.760e+04
1035.00 148.6200  3.925e+06  1.976e+07  1.407e+02  3.071e+01  3.740e+03  6.893e+04  2.639e+08  6.162e+06  1.244e+06  7.847e+09  4.077e+06  2.926e+04
1045.00 148.6200  3.405e+06  1.710e+07  1.440e+02  3.284e+01  4.034e+03  6.361e+04  2.385e+08  5.430e+06  1.252e+06  6.760e+09  3.646e+06  3.105e+04
1055.00 148.6200  2.956e+06  1.481e+07  1.472e+02  3.524e+01  4.379e+03  5.942e+04  2.160e+08  4.782e+06  1.249e+06  5.827e+09  3.253e+06  3.287e+04
1065.00 148.6200  2.568e+06  1.284e+07  1.508e+02  3.792e+01  4.776e+03  5.610e+04  1.960e+08  4.207e+06  1.237e+06  5.026e+09  2.894e+06  3.461e+04
1075.00 148.6200  2.233e+06  1.115e+07  1.552e+02  4.089e+01  5.222e+03  5.343e+04  1.782e+08  3.699e+06  1.217e+06  4.338e+09  2.570e+06  3.616e+04
1085.00 148.6200  1.943e+06  9.699e+06  1.602e+02  4.407e+01  5.704e+03  5.124e+04  1.622e+08  3.250e+06  1.190e+06  3.747e+09  2.278e+06  3.740e+04
1095.00 148.6200  1.693e+06  8.442e+06  1.652e+02  4.742e+01  6.207e+03  4.938e+04  1.480e+08  2.854e+06  1.159e+06  3.240e+09  2.015e+06  3.823e+04
1105.00 148.6200  1.475e+06  7.358e+06  1.698e+02  5.092e+01  6.710e+03  4.774e+04  1.352e+08  2.506e+06  1.122e+06  2.803e+09  1.779e+06  3.859e+04
1115.00 148.6200  1.287e+06  6.426e+06  1.733e+02  5.471e+01  7.192e+03  4.621e+04  1.237e+08  2.198e+06  1.083e+06  2.427e+09  1.568e+06  3.846e+04
1125.00 148.6200  1.126e+06  5.621e+06  1.758e+02  5.882e+01  7.631e+03  4.475e+04  1.133e+08  1.927e+06  1.043e+06  2.103e+09  1.380e+06  3.786e+04
1135.00 148.6200  9.856e+05  4.926e+06  1.776e+02  6.322e+01  8.007e+03  4.331e+04  1.039e+08  1.689e+06  1.001e+06  1.823e+09  1.214e+06  3.681e+04
1145.00 148.6200  8.637e+05  4.326e+06  1.788e+02  6.785e+01  8.304e+03  4.186e+04  9.539e+07  1.479e+06  9.583e+05  1.582e+09  1.068e+06  3.537e+04
1155.00 148.6200  7.584e+05  3.807e+06  1.797e+02  7.267e+01  8.512e+03  4.038e+04  8.769e+07  1.295e+06  9.155e+05  1.373e+09  9.382e+05  3.363e+04
1165.00 148.6200  6.672e+05  3.358e+06  1.795e+02  7.765e+01  8.628e+03  3.886e+04  8.070e+07  1.135e+06  8.732e+05  1.193e+09  8.241e+05  3.167e+04
1175.00 148.6200  5.882e+05  2.970e+06  1.781e+02  8.282e+01  8.655e+03  3.731e+04  7.434e+07  9.943e+05  8.316e+05  1.037e+09  7.238e+05  2.955e+04
1185.00 148.6200  5.198e+05  2.634e+06  1.761e+02  8.819e+01  8.598e+03  3.572e+04  6.855e+07  8.711e+05  7.910e+05  9.024e+08  6.357e+05  2.735e+04
1195.00 148.6200  4.603e+05  2.343e+06  1.739e+02  9.377e+01  8.467e+03  3.412e+04  6.328e+07  7.633e+05  7.517e+05  7.855e+08  5.584e+05  2.512e+04
1205.00 148.6200  4.088e+05  2.091e+06  1.717e+02  9.955e+01  8.271e+03  3.250e+04  5.847e+07  6.688e+05  7.137e+05  6.843e+08  4.908e+05  2.293e+04
1215.00 148.6200  3.641e+05  1.872e+06  1.695e+02  1.057e+02  8.025e+03  3.089e+04  5.408e+07  5.863e+05  6.771e+05  5.967e+08  4.314e+05  2.081e+04
1225.00 148.6200  3.253e+05  1.682e+06  1.673e+02  1.119e+02  7.740e+03  2.929e+04  5.007e+07  5.142e+05  6.422e+05  5.206e+08  3.795e+05  1.879e+04
1235.00 148.6200  2.918e+05  1.518e+06  1.652e+02  1.181e+02  7.426e+03  2.771e+04  4.640e+07  4.512e+05  6.087e+05  4.545e+08  3.340e+05  1.689e+04
1245.00 148.6200  2.628e+05  1.377e+06  1.631e+02  1.242e+02  7.092e+03  2.617e+04  4.304e+07  3.961e+05  5.768e+05  3.971e+08  2.942e+05  1.513e+04
1255.00 148.6200  2.375e+05  1.254e+06  1.610e+02  1.299e+02  6.748e+03  2.466e+04  3.996e+07  3.480e+05  5.465e+05  3.471e+08  2.594e+05  1.349e+04
1265.00 148.6200  2.152e+05  1.145e+06  1.588e+02  1.349e+02  6.403e+03  2.322e+04  3.714e+07  3.059e+05  5.182e+05  3.036e+08  2.290e+05  1.201e+04
1275.00 148.6200  1.956e+05  1.049e+06  1.562e+02  1.383e+02  6.062e+03  2.185e+04  3.457e+07  2.692e+05  4.914e+05  2.658e+08  2.023e+05  1.067e+04
1285.00 148.6200  1.795e+05  9.707e+05  1.524e+02  1.389e+02  5.725e+03  2.052e+04  3.218e+07  2.370e+05  4.655e+05  2.330e+08  1.788e+05  9.448e+03
1295.00 148.6200  1.674e+05  9.135e+05  1.467e+02  1.356e+02  5.391e+03  1.922e+04  2.995e+07  2.084e+05  4.399e+05  2.042e+08  1.580e+05  8.337e+03
1305.00 148.6200  1.590e+05  8.754e+05  1.393e+02  1.291e+02  5.064e+03  1.796e+04  2.784e+07  1.832e+05  4.144e+05  1.789e+08  1.396e+05  7.335e+03
1315.00 148.6200  1.541e+05  8.530e+05  1.314e+02  1.215e+02  4.749e+03  1.677e+04  2.586e+07  1.609e+05  3.892e+05  1.568e+08  1.232e+05  6.440e+03
1325.00 148.6200  1.519e+05  8.418e+05  1.237e+02  1.139e+02  4.448e+03  1.564e+04  2.400e+07  1.411e+05  3.647e+05  1.375e+08  1.086e+05  5.650e+03
1335.00 148.6200  1.510e+05  8.355e+05  1.164e+02  1.066e+02  4.165e+03  1.458e+04  2.228e+07  1.238e+05  3.415e+05  1.206e+08  9.567e+04  4.957e+03
1345.00 148.6200  1.500e+05  8.287e+05  1.096e+02  9.988e+01  3.903e+03  1.360e+04  2.068e+07  1.087e+05  3.199e+05  1.060e+08  8.439e+04  4.353e+03
1355.00 148.6200  1.486e+05  8.200e+05  1.032e+02  9.363e+01  3.660e+03  1.269e+04  1.920e+07  9.555e+04  3.000e+05  9.316e+07  7.451e+04  3.826e+03
1365.00 148.6200  1.472e+05  8.112e+05  9.724e+01  8.781e+01  3.433e+03  1.184e+04  1.784e+07  8.405e+04  2.814e+05  8.195e+07  6.583e+04  3.366e+03
1375.00 148.6200  1.460e+05  8.030e+05  9.165e+01  8.236e+01  3.220e+03  1.106e+04  1.659e+07  7.397e+04  2.639e+05  7.212e+07  5.819e+04  2.962e+03
1385.00 148.6200  1.449e+05  7.953e+05  8.637e+01  7.728e+01  3.021e+03  1.033e+04  1.543e+07  6.513e+04  2.476e+05  6.350e+07  5.147e+04  2.608e+03
1395.00 148.6200  1.438e+05  7.877e+05  8.144e+01  7.253e+01  2.835e+03  9.657e+03  1.435e+07  5.739e+04  2.324e+05  5.595e+07  4.555e+04  2.297e+03
1405.00 148.6200  1.426e+05  7.801e+05  7.682e+01  6.810e+01  2.662e+03  9.026e+03  1.335e+07  5.059e+04  2.182e+05  4.933e+07  4.035e+04  2.025e+03
1415.00 148.6200  1.415e+05  7.727e+05  7.248e+01  6.397e+01  2.501e+03  8.439e+03  1.243e+07  4.463e+04  2.050e+05  4.352e+07  3.576e+04  1.788e+03
1425.00 148.6200  1.405e+05  7.653e+05  6.841e+01  6.011e+01  2.350e+03  7.894e+03  1.157e+07  3.940e+04  1.925e+05  3.842e+07  3.171e+04  1.578e+03
1435.00 148.6200  1.395e+05  7.581e+05  6.458e+01  5.650e+01  2.208e+03  7.386e+03  1.078e+07  3.481e+04  1.809e+05  3.394e+07  2.813e+04  1.394e+03
1445.00 148.6200  1.386e+05  7.510e+05  6.098e+01  5.312e+01  2.076e+03  6.914e+03  1.004e+07  3.076e+04  1.701e+05  2.999e+07  2.497e+04  1.232e+03
1455.00 148.6200  1.376e+05  7.440e+05  5.760e+01  4.995e+01  1.952e+03  6.474e+03  9.366e+06  2.720e+04  1.599e+05  2.652e+07  2.218e+04  1.089e+03
1465.00 148.6200  1.367e+05  7.371e+05  5.441e+01  4.699e+01  1.836e+03  6.064e+03  8.736e+06  2.407e+04  1.505e+05  2.347e+07  1.971e+04  9.633e+02
1475.00 148.6200  1.357e+05  7.303e+05  5.142e+01  4.422e+01  1.729e+03  5.681e+03  8.150e+06  2.132e+04  1.417e+05  2.078e+07  1.753e+04  8.532e+02
1485.00 148.6200  1.347e+05  7.236e+05  4.862e+01  4.162e+01  1.628e+03  5.324e+03  7.605e+06  1.889e+04  1.333e+05  1.842e+07  1.559e+04  7.561e+02
1495.00 148.6200  1.338e+05  7.170e+05  4.598e+01  3.918e+01  1.532e+03  4.992e+03  7.099e+06  1.675e+04  1.256e+05  1.633e+07  1.389e+04  6.705e+02
1505.00 148.6200  1.330e+05  7.103e+05  4.347e+01  3.692e+01  1.443e+03  4.682e+03  6.630e+06  1.487e+04  1.185e+05  1.448e+07  1.238e+04  5.946e+02
1515.00 148.6200  1.323e+05  7.030e+05  4.106e+01  3.485e+01  1.358e+03  4.389e+03  6.197e+06  1.327e+04  1.124e+05  1.282e+07  1.105e+04  5.272e+02
