  -7.5   170.00   170.00   170.00  1.901e+23  2.427e+20  8.238e+20  0.000e+00  5.646e+20  0.000e+00  1.668e+10
  -2.5   170.00   170.00   170.00  1.070e+23  1.366e+20  4.637e+20  5.629e-01  3.178e+20  5.629e-01  1.668e+10
   2.5   170.00   170.00   170.00  6.023e+22  7.691e+19  2.610e+20  3.169e-01  1.789e+20  3.169e-01  1.668e+10
   7.5   170.00   170.00   170.00  3.391e+22  4.330e+19  1.470e+20  1.784e-01  1.007e+20  1.784e-01  1.668e+10
  12.5   170.00   170.00   170.00  1.909e+22  2.438e+19  8.275e+19  1.005e-01  5.672e+19  1.005e-01  1.668e+10
  17.5   170.00   170.00   170.00  1.075e+22  1.373e+19  4.660e+19  5.657e-02  3.194e+19  5.657e-02  1.668e+10
  22.5   170.00   170.00   170.00  6.055e+21  7.732e+18  2.624e+19  3.186e-02  1.799e+19  3.186e-02  1.668e+10
  27.5   170.00   170.00   170.00  3.411e+21  4.355e+18  1.478e+19  1.794e-02  1.013e+19  1.794e-02  1.668e+10
  32.5   170.00   170.00   170.00  1.921e+21  2.453e+18  8.326e+18  1.011e-02  5.706e+18  1.011e-02  1.668e+10
  37.5   170.00   170.00   170.00  1.082e+21  1.382e+18  4.690e+18  5.694e-03  3.215e+18  5.694e-03  1.668e+10
  42.5   170.00   170.00   170.00  6.097e+20  7.785e+17  2.643e+18  3.208e-03  1.811e+18  3.208e-03  1.668e+10
  47.5   170.00   170.00   170.00  3.436e+20  4.387e+17  1.489e+18  1.807e-03  1.020e+18  1.807e-03  1.668e+10
  52.5   170.00   170.00   170.00  1.936e+20  2.472e+17  8.391e+17  1.019e-03  5.751e+17  1.019e-03  1.668e+10
  57.5   170.00   170.00   170.00  1.091e+20  1.393e+17  4.729e+17  5.740e-04  3.241e+17  5.740e-04  1.668e+10
  62.5   170.00   170.00   170.00  6.149e+19  7.852e+16  2.665e+17  3.235e-04  1.827e+17  3.235e-04  1.668e+10
  67.5   170.00   170.00   170.00  3.466e+19  4.426e+16  1.502e+17  1.824e-04  1.030e+17  1.824e-04  1.668e+10
  72.5   170.00   170.00   170.00  1.954e+19  2.495e+16  8.469e+16  1.028e-04  5.804e+16  1.028e-04  1.668e+10
  77.5   170.00   170.00   170.00  1.102e+19  1.407e+16  4.775e+16  5.796e-05  3.272e+16  5.796e-05  1.668e+10
  82.5   170.00   170.00   170.00  6.212e+18  7.932e+15  2.692e+16  3.268e-05  1.845e+16  3.268e-05  1.668e+10
  87.5   170.00   170.00   170.00  3.503e+18  4.473e+15  1.518e+16  1.843e-05  1.040e+16  1.843e-05  1.668e+10
  92.5   170.00   170.00   170.00  1.976e+18  2.522e+15  8.562e+15  1.039e-05  5.868e+15  1.039e-05  1.668e+10
  97.5   170.00   170.00   170.00  1.114e+18  1.423e+15  4.829e+15  5.862e-06  3.310e+15  5.862e-06  1.668e+10
 102.5   170.00   170.00   170.00  6.285e+17  8.025e+14  2.724e+15  3.306e-06  1.867e+15  3.306e-06  1.668e+10
 107.5   170.00   170.00   170.00  3.546e+17  4.527e+14  1.537e+15  1.865e-06  1.053e+15  1.865e-06  1.668e+10
 112.5   170.00   170.00   170.00  2.000e+17  2.554e+14  8.669e+14  1.052e-06  5.942e+14  1.052e-06  1.668e+10
 117.5   170.00   170.00   170.00  1.129e+17  1.441e+14  4.892e+14  5.938e-07  3.353e+14  5.938e-07  1.668e+10
 122.5   170.00   170.00   170.00  6.369e+16  8.132e+13  2.760e+14  3.351e-07  1.892e+14  3.351e-07  1.668e+10
 127.5   170.00   170.00   170.00  3.594e+16  5.331e+13  1.908e+14  2.316e-07  1.532e+14  1.977e-07  1.668e+10
 132.5   170.00   170.00   170.00  2.029e+16  3.495e+13  1.318e+14  1.600e-07  1.240e+14  1.166e-07  1.668e+10
 137.5   170.00   170.00   170.00  1.145e+16  2.292e+13  9.113e+13  1.106e-07  1.004e+14  6.880e-08  1.668e+10
 142.5   170.00   170.00   170.00  6.464e+15  1.503e+13  6.299e+13  7.647e-08  8.132e+13  4.059e-08  1.668e+10
 147.5   170.00   170.00   170.00  3.650e+15  9.854e+12  4.355e+13  5.286e-08  6.585e+13  2.396e-08  1.668e+10
 152.5   170.00   170.00   170.00  2.061e+15  6.463e+12  3.010e+13  3.654e-08  5.333e+13  1.414e-08  1.668e+10
 157.5   170.00   170.00   170.00  1.164e+15  4.238e+12  2.081e+13  2.526e-08  4.319e+13  8.344e-09  1.668e+10
 162.5   170.00   170.00   170.00  6.571e+14  2.780e+12  1.439e+13  1.747e-08  3.498e+13  4.925e-09  1.668e+10
 167.5   170.00   170.00   170.00  3.712e+14  1.824e+12  9.950e+12  1.208e-08  2.833e+13  2.908e-09  1.668e+10
 172.5   170.00   170.00   170.00  2.096e+14  1.196e+12  6.881e+12  8.352e-09  2.295e+13  1.717e-09  1.668e+10
 177.5   170.00   170.00   170.00  1.184e+14  7.848e+11  4.758e+12  5.776e-09  1.858e+13  1.014e-09  1.668e+10
 182.5   170.00   170.00   170.00  6.691e+13  5.149e+11  3.291e+12  3.995e-09  1.505e+13  5.985e-10  1.668e+10
 187.5   170.00   170.00   170.00  3.781e+13  3.379e+11  2.276e+12  2.763e-09  1.219e+13  3.534e-10  1.668e+10
 192.5   170.00   170.00   170.00  2.136e+13  2.217e+11  1.574e+12  1.911e-09  9.878e+12  2.087e-10  1.668e+10
 197.5   170.00   170.00   170.00  1.207e+13  1.455e+11  1.089e+12  1.322e-09  8.002e+12  1.233e-10  1.668e+10
 202.5   170.00   170.00   170.00  6.823e+12  9.548e+10  7.533e+11  9.144e-10  6.482e+12  7.283e-11  1.668e+10
 207.5   170.00   170.00   170.00  3.857e+12  6.267e+10  5.211e+11  6.326e-10  5.252e+12  4.302e-11  1.668e+10
 212.5   170.00   170.00   170.00  2.180e+12  4.114e+10  3.605e+11  4.377e-10  4.255e+12  2.542e-11  1.668e+10
 217.5   170.00   170.00   170.00  1.233e+12  2.700e+10  2.495e+11  3.028e-10  3.447e+12  1.502e-11  1.668e+10
 222.5   170.00   170.00   170.00  6.970e+11  1.773e+10  1.726e+11  2.095e-10  2.793e+12  8.875e-12  1.668e+10
 227.5   170.00   170.00   170.00  3.941e+11  1.164e+10  1.194e+11  1.450e-10  2.263e+12  5.245e-12  1.668e+10
 232.5   170.00   170.00   170.00  2.229e+11  7.641e+09  8.266e+10  1.003e-10  1.834e+12  3.100e-12  1.668e+10
 237.5   170.00   170.00   170.00  1.261e+11  5.017e+09  5.721e+10  6.944e-11  1.486e+12  1.832e-12  1.668e+10
 242.5   170.00   170.00   170.00  7.130e+10  3.295e+09  3.959e+10  4.806e-11  1.204e+12  1.083e-12  1.668e+10
 247.5   170.00   170.00   170.00  4.033e+10  2.164e+09  2.741e+10  3.327e-11  9.758e+11  6.403e-13  1.668e+10
 252.5   170.00   170.00   170.00  2.282e+10  1.421e+09  1.897e+10  2.303e-11  7.908e+11  3.786e-13  1.668e+10
 257.5   170.00   170.00   170.00  1.291e+10  9.334e+08  1.313e+10  1.594e-11  6.409e+11  2.239e-13  1.668e+10
 262.5   170.00   170.00   170.00  7.306e+09  6.131e+08  9.091e+09  1.104e-11  5.195e+11  1.324e-13  1.668e+10
 267.5   170.00   170.00   170.00  4.134e+09  4.028e+08  6.294e+09  7.640e-12  4.210e+11  7.829e-14  1.668e+10
 272.5   170.00   170.00   170.00  2.340e+09  2.646e+08  4.358e+09  5.290e-12  3.412e+11  4.630e-14  1.668e+10
 277.5   170.00   170.00   170.00  1.324e+09  1.738e+08  3.018e+09  3.663e-12  2.766e+11  2.739e-14  1.668e+10
 282.5   170.00   170.00   170.00  7.497e+08  1.142e+08  2.090e+09  2.537e-12  2.242e+11  1.620e-14  1.668e+10
 287.5   170.00   170.00   170.00  4.245e+08  7.506e+07  1.447e+09  1.757e-12  1.817e+11  9.585e-15  1.668e+10
 292.5   170.00   170.00   170.00  2.403e+08  4.932e+07  1.002e+09  1.217e-12  1.473e+11  5.671e-15  1.668e+10
 297.5   170.00   170.00   170.00  1.361e+08  3.241e+07  6.941e+08  8.426e-13  1.194e+11  3.356e-15  1.668e+10
 302.5   170.00   170.00   170.00  7.706e+07  2.130e+07  4.808e+08  5.836e-13  9.683e+10  1.986e-15  1.668e+10
 307.5   170.00   170.00   170.00  4.365e+07  1.400e+07  3.330e+08  4.043e-13  7.850e+10  1.175e-15  1.668e+10
