          10
srcData/FISM/fismflux_daily_2000.dat
srcData/FISM/fismflux_daily_2001.dat
srcData/FISM/fismflux_daily_2002.dat
srcData/FISM/fismflux_daily_2003.dat
srcData/FISM/fismflux_daily_2004.dat
srcData/FISM/fismflux_daily_2005.dat
srcData/FISM/fismflux_daily_2006.dat
srcData/FISM/fismflux_daily_2007.dat
srcData/FISM/fismflux_daily_2008.dat
srcData/FISM/fismflux_daily_2009.dat
          59
       0  1.31491e-06  6.71054e-06  5.78034e-07   0.00355128      1.05517     0.901612
       1  5.19285e-07  2.62376e-06  3.08447e-07   0.00218156      1.06245     0.964892
       2  3.85348e-07  1.73851e-06  3.34911e-07   0.00115310      1.07246     0.959562
       3  2.96220e-07  1.29250e-06  2.61812e-07  0.000814814      1.04567     0.967804
       4  2.35326e-07  1.21123e-06  2.27793e-07  0.000566574      1.13520     0.970257
       5  1.86793e-07  5.96399e-07  1.48283e-07  0.000331058      1.01564     0.940506
       6  1.96396e-07  5.84154e-07  1.82438e-07  0.000207013      1.67546     0.945697
       7  1.04362e-07  5.02422e-07  1.45100e-07  0.000153277      1.04246     0.992749
       8  1.74403e-07  6.32214e-07  4.03009e-07  0.000311075      1.00964      1.09381
       9  7.12738e-08  2.44220e-07  9.56532e-08  9.68823e-05      1.15737      1.01121
      10  8.74335e-06  5.02272e-05  1.32536e-05   0.00263307      1.46273     0.987493
      11  6.43713e-06  5.16823e-05  1.11399e-05   0.00247063      1.26340     0.998295
      12  1.15468e-07  2.74916e-07  1.65125e-07  0.000105178      1.66887      1.00997
      13  7.71861e-08  2.15061e-07  1.44227e-07  5.16157e-05     0.971988      1.05634
      14  5.84127e-08  3.08808e-07  1.25160e-07  4.65227e-05      1.58808      1.05327
      15  2.23073e-07  6.92710e-07  5.19444e-07  5.44992e-05     0.449052      1.10271
      16  6.18723e-08  1.21679e-07  2.28527e-07  3.14905e-05      1.42684      1.17863
      17  1.61504e-07  4.38856e-07  2.79663e-07  1.06365e-05      1.09262      1.05186
      18  1.70358e-07  5.20531e-07  3.86006e-07  3.34989e-05     0.491283      1.09676
      19  1.51857e-07  5.60743e-07  2.74541e-07  6.71100e-06      1.44918      1.04869
      20  7.27646e-08  4.53511e-07  1.91513e-07  3.93851e-05      1.21476      1.06473
      21  1.45264e-07  2.82927e-07  4.22856e-07  4.83494e-05      1.15579      1.14948
      22  6.69560e-08  1.26613e-07  1.76066e-07  3.69687e-05      1.14722      1.12832
      23  3.22816e-08  7.81757e-08  6.32959e-08  4.42679e-05     0.969748      1.06692
      24  1.19733e-08  2.53334e-08  1.58546e-08  1.25539e-05      1.48302      1.00982
      25  7.33597e-09  2.10650e-08  1.63125e-08  8.88041e-06      1.18634      1.06584
      26  4.85967e-09  1.05567e-08  5.42104e-09  1.15262e-05      1.17912      1.03352
      27  1.85139e-08  3.63837e-08  3.29576e-08  1.72134e-05      1.25328      1.06364
      28  5.34708e-09  9.65120e-09  4.54419e-09  8.80278e-06      1.51207     0.972520
      29  1.79851e-08  6.39605e-08  1.86000e-08  1.41950e-05      1.11181     0.945801
      30  1.52595e-07  5.29641e-07  1.41837e-07  3.96165e-05      1.00554     0.949913
      31  4.96048e-08  2.46454e-07  3.12902e-08  1.59200e-05      1.01611     0.846628
      32  2.80641e-08  3.24530e-07  1.81554e-08  1.68460e-06     0.973085     0.793355
      33  1.12234e-07  6.29889e-07  1.56092e-07  2.79143e-05     0.961457     0.970150
      34  7.91646e-08  3.05430e-07  5.14430e-08  1.70372e-05     0.844250     0.881026
      35  2.47485e-08  2.68042e-07  5.40951e-08  1.16226e-06      1.08699      1.01483
      36  1.12037e-07  7.84515e-07  6.32364e-08  4.55230e-06      1.13480     0.816868
      37  1.10016e-07  3.96192e-07  7.37101e-08  2.62692e-05      1.15344     0.865234
      38  9.60010e-09  1.75358e-08  6.91440e-11  1.45142e-05      1.62256    -0.203971
      39  5.15555e-08  2.89821e-07  3.85807e-08  1.64207e-05      1.36652     0.893190
      40  3.91955e-07  1.43942e-06  3.16713e-07 -2.36108e-06      1.05819     0.910235
      41  1.38855e-07  7.21254e-07  1.01814e-07  8.71098e-07      1.26707     0.890513
      42  1.35439e-06  1.09238e-05  8.24308e-07  4.35250e-05      1.22619     0.816515
      43  7.43959e-07  5.94012e-06  4.05188e-07  9.23799e-05      1.32976     0.796970
      44  5.25977e-07  7.87164e-06  3.07932e-07  7.87468e-05     0.945961     0.759694
      45  9.10710e-07  3.91586e-06  1.20177e-06 -9.64301e-06      1.07360     0.958369
      46  8.67633e-07  6.00671e-06  3.97664e-07 -0.000107230      1.20608     0.773950
      47  6.44996e-08  4.12637e-07  1.05193e-07  6.61853e-06      1.48670      1.03265
      48  4.83013e-07  1.18898e-06  8.94772e-07  5.34779e-05      1.04532      1.07888
      49  7.13305e-07  2.47623e-06  9.78936e-07  0.000261230      1.47374      1.01156
      50  4.03676e-08  2.28270e-07  4.43965e-08  2.16162e-05      1.09062     0.970310
      51  1.69769e-07  6.93618e-07  2.89457e-07  2.03013e-05      1.07887      1.06022
      52  1.23478e-07  4.43644e-07  1.75749e-07 -1.34567e-05      1.27409      1.01254
      53  6.10174e-08  2.34313e-07  1.10591e-07 -1.22729e-05     0.699812      1.04841
      54  2.23866e-07  7.97533e-07  3.03563e-07 -5.62012e-05     0.706360     0.987835
      55  3.10773e-07  1.22767e-06  3.74797e-07 -8.41459e-05      1.39529     0.963859
      56  1.17378e-08  7.13970e-08  1.38839e-08 -3.63146e-06     0.811119     0.920702
      57  3.97985e-09  4.12085e-08  4.71914e-09 -1.86099e-06      1.15214     0.916686
      58  3.52498e-09  1.57342e-08  4.03741e-09 -8.84488e-07     0.951714     0.943490
